6.114892959594727