folds,T,μ_1,σ_1,μ_2,σ_2
0,"[1.0, 2.0, 3.0, 4.0, 5.0, 6.0, 7.0, 8.0, 9.0, 10.0, 11.0, 12.0, 13.0, 14.0, 15.0, 16.0, 17.0, 18.0, 19.0, 20.0, 21.0, 22.0, 23.0, 24.0, 25.0, 26.0, 27.0, 28.0, 29.0, 30.0, 31.0, 32.0, 33.0, 34.0, 35.0, 36.0, 37.0, 38.0, 39.0, 40.0, 41.0, 42.0, 43.0, 44.0, 45.0, 46.0, 47.0, 48.0, 49.0, 50.0, 51.0, 52.0, 53.0, 54.0, 55.0, 56.0, 57.0, 58.0, 59.0, 60.0, 61.0, 62.0, 63.0, 64.0, 65.0, 66.0, 67.0, 68.0, 69.0, 70.0, 71.0, 72.0, 73.0, 74.0, 75.0, 76.0, 77.0, 78.0, 79.0, 80.0, 81.0, 82.0, 83.0, 84.0, 85.0, 86.0, 87.0, 88.0, 89.0, 90.0, 91.0, 92.0, 93.0, 94.0, 95.0, 96.0, 97.0, 98.0, 99.0, 100.0, 101.0, 102.0, 103.0, 104.0, 105.0, 106.0, 107.0, 108.0, 109.0, 110.0, 111.0, 112.0, 113.0, 114.0, 115.0, 116.0, 117.0, 118.0, 119.0, 120.0, 121.0, 122.0, 123.0, 124.0, 125.0, 126.0, 127.0, 128.0, 129.0, 130.0, 131.0, 132.0, 133.0, 134.0, 135.0, 136.0, 137.0, 138.0, 139.0, 140.0, 141.0, 142.0, 143.0, 144.0, 145.0, 146.0, 147.0, 148.0, 149.0, 150.0, 151.0, 152.0, 153.0, 154.0, 155.0, 156.0, 157.0, 158.0, 159.0, 160.0, 161.0, 162.0, 163.0, 164.0, 165.0, 166.0, 167.0, 168.0, 169.0, 170.0, 171.0, 172.0, 173.0, 174.0, 175.0, 176.0, 177.0, 178.0, 179.0, 180.0, 181.0, 182.0, 183.0, 184.0, 185.0, 186.0, 187.0, 188.0, 189.0, 190.0, 191.0, 192.0, 193.0, 194.0, 195.0, 196.0, 197.0, 198.0, 199.0, 200.0, 201.0, 202.0, 203.0, 204.0, 205.0, 206.0, 207.0, 208.0, 209.0, 210.0, 211.0, 212.0, 213.0, 214.0, 215.0, 216.0, 217.0, 218.0, 219.0, 220.0, 221.0, 222.0, 223.0, 224.0, 225.0, 226.0, 227.0, 228.0, 229.0, 230.0, 231.0, 232.0, 233.0, 234.0, 235.0, 236.0, 237.0, 238.0, 239.0, 240.0, 241.0, 242.0, 243.0, 244.0, 245.0, 246.0, 247.0, 248.0, 249.0, 250.0, 251.0, 252.0, 253.0, 254.0, 255.0, 256.0, 257.0, 258.0, 259.0, 260.0, 261.0, 262.0, 263.0, 264.0, 265.0, 266.0, 267.0, 268.0, 269.0, 270.0, 271.0, 272.0, 273.0, 274.0, 275.0, 276.0, 277.0, 278.0, 279.0, 280.0, 281.0, 282.0, 283.0, 284.0, 285.0, 286.0, 287.0, 288.0, 289.0, 290.0, 291.0, 292.0, 293.0, 294.0, 295.0, 296.0, 297.0, 298.0, 299.0, 300.0, 301.0, 302.0, 303.0, 304.0, 305.0, 306.0, 307.0, 308.0, 309.0, 310.0, 311.0, 312.0, 313.0, 314.0, 315.0, 316.0, 317.0, 318.0, 319.0, 320.0, 321.0, 322.0, 323.0, 324.0, 325.0, 326.0, 327.0, 328.0, 329.0, 330.0, 331.0, 332.0, 333.0, 334.0, 335.0, 336.0, 337.0, 338.0, 339.0, 340.0, 341.0, 342.0, 343.0, 344.0, 345.0, 346.0, 347.0, 348.0, 349.0, 350.0, 351.0, 352.0, 353.0, 354.0, 355.0, 356.0, 357.0, 358.0, 359.0, 360.0, 361.0, 362.0, 363.0, 364.0, 365.0, 366.0, 367.0, 368.0, 369.0, 370.0, 371.0, 372.0, 373.0, 374.0, 375.0, 376.0, 377.0, 378.0, 379.0, 380.0, 381.0, 382.0, 383.0, 384.0, 385.0, 386.0, 387.0, 388.0, 389.0, 390.0, 391.0, 392.0, 393.0, 394.0, 395.0, 396.0, 397.0, 398.0, 399.0, 400.0, 401.0, 402.0, 403.0, 404.0, 405.0, 406.0, 407.0, 408.0, 409.0, 410.0, 411.0, 412.0, 413.0, 414.0, 415.0, 416.0, 417.0, 418.0, 419.0, 420.0, 421.0, 422.0, 423.0, 424.0, 425.0, 426.0, 427.0, 428.0, 429.0, 430.0, 431.0, 432.0, 433.0, 434.0, 435.0, 436.0, 437.0, 438.0, 439.0, 440.0, 441.0, 442.0, 443.0, 444.0, 445.0, 446.0, 447.0, 448.0, 449.0, 450.0, 451.0, 452.0, 453.0, 454.0, 455.0, 456.0, 457.0, 458.0, 459.0, 460.0, 461.0, 462.0, 463.0, 464.0, 465.0, 466.0, 467.0, 468.0, 469.0, 470.0, 471.0, 472.0, 473.0, 474.0, 475.0, 476.0, 477.0, 478.0, 479.0, 480.0, 481.0, 482.0, 483.0, 484.0, 485.0, 486.0, 487.0, 488.0, 489.0, 490.0, 491.0, 492.0, 493.0, 494.0, 495.0, 496.0, 497.0, 498.0, 499.0, 500.0, 501.0, 502.0, 503.0, 504.0, 505.0, 506.0, 507.0, 508.0, 509.0, 510.0, 511.0, 512.0, 513.0, 514.0, 515.0, 516.0, 517.0, 518.0, 519.0, 520.0, 521.0, 522.0, 523.0, 524.0, 525.0, 526.0, 527.0, 528.0, 529.0, 530.0, 531.0, 532.0, 533.0, 534.0, 535.0, 536.0, 537.0, 538.0, 539.0, 540.0, 541.0, 542.0, 543.0, 544.0, 545.0, 546.0, 547.0, 548.0, 549.0, 550.0, 551.0, 552.0, 553.0, 554.0, 555.0, 556.0, 557.0, 558.0, 559.0, 560.0, 561.0, 562.0, 563.0, 564.0, 565.0, 566.0, 567.0, 568.0, 569.0, 570.0, 571.0, 572.0, 573.0, 574.0, 575.0, 576.0, 577.0, 578.0, 579.0, 580.0, 581.0, 582.0, 583.0, 584.0, 585.0, 586.0, 587.0, 588.0, 589.0, 590.0, 591.0, 592.0, 593.0, 594.0, 595.0, 596.0, 597.0, 598.0, 599.0, 600.0, 601.0, 602.0, 603.0, 604.0, 605.0, 606.0, 607.0, 608.0, 609.0, 610.0, 611.0, 612.0, 613.0, 614.0, 615.0, 616.0, 617.0, 618.0, 619.0, 620.0, 621.0, 622.0, 623.0, 624.0, 625.0, 626.0, 627.0, 628.0, 629.0, 630.0, 631.0, 632.0, 633.0, 634.0, 635.0, 636.0, 637.0, 638.0, 639.0, 640.0, 641.0, 642.0, 643.0, 644.0, 645.0, 646.0, 647.0, 648.0, 649.0, 650.0, 651.0, 652.0, 653.0, 654.0, 655.0, 656.0, 657.0, 658.0, 659.0, 660.0, 661.0, 662.0, 663.0, 664.0, 665.0, 666.0, 667.0, 668.0, 669.0, 670.0, 671.0, 672.0, 673.0, 674.0, 675.0, 676.0, 677.0, 678.0, 679.0, 680.0, 681.0, 682.0, 683.0, 684.0, 685.0, 686.0, 687.0, 688.0, 689.0, 690.0, 691.0, 692.0, 693.0, 694.0, 695.0, 696.0, 697.0, 698.0, 699.0, 700.0, 701.0, 702.0, 703.0, 704.0, 705.0, 706.0, 707.0, 708.0, 709.0, 710.0, 711.0, 712.0, 713.0, 714.0, 715.0, 716.0, 717.0, 718.0, 719.0, 720.0, 721.0, 722.0, 723.0, 724.0, 725.0, 726.0, 727.0, 728.0, 729.0, 730.0, 731.0, 732.0, 733.0, 734.0, 735.0, 736.0, 737.0, 738.0, 739.0, 740.0, 741.0, 742.0, 743.0, 744.0, 745.0, 746.0, 747.0, 748.0, 749.0, 750.0, 751.0, 752.0, 753.0, 754.0, 755.0, 756.0, 757.0, 758.0, 759.0, 760.0, 761.0, 762.0, 763.0, 764.0, 765.0, 766.0, 767.0, 768.0, 769.0, 770.0, 771.0, 772.0, 773.0, 774.0, 775.0, 776.0, 777.0, 778.0, 779.0, 780.0, 781.0, 782.0, 783.0, 784.0, 785.0, 786.0, 787.0, 788.0, 789.0, 790.0, 791.0, 792.0, 793.0, 794.0, 795.0, 796.0, 797.0, 798.0, 799.0, 800.0, 801.0, 802.0, 803.0, 804.0, 805.0, 806.0, 807.0, 808.0, 809.0, 810.0, 811.0, 812.0, 813.0, 814.0, 815.0, 816.0, 817.0, 818.0, 819.0, 820.0, 821.0, 822.0, 823.0, 824.0, 825.0, 826.0, 827.0, 828.0, 829.0, 830.0, 831.0, 832.0, 833.0, 834.0, 835.0, 836.0, 837.0, 838.0, 839.0, 840.0, 841.0, 842.0, 843.0, 844.0, 845.0, 846.0, 847.0, 848.0, 849.0, 850.0, 851.0, 852.0, 853.0, 854.0, 855.0, 856.0, 857.0, 858.0, 859.0, 860.0, 861.0, 862.0, 863.0, 864.0, 865.0, 866.0, 867.0, 868.0, 869.0, 870.0, 871.0, 872.0, 873.0, 874.0, 875.0, 876.0, 877.0, 878.0, 879.0, 880.0, 881.0, 882.0, 883.0, 884.0, 885.0, 886.0, 887.0, 888.0, 889.0, 890.0, 891.0, 892.0, 893.0, 894.0, 895.0, 896.0, 897.0, 898.0, 899.0, 900.0, 901.0, 902.0, 903.0, 904.0, 905.0, 906.0, 907.0, 908.0, 909.0, 910.0, 911.0, 912.0, 913.0, 914.0, 915.0, 916.0, 917.0, 918.0, 919.0, 920.0, 921.0, 922.0, 923.0, 924.0, 925.0, 926.0, 927.0, 928.0, 929.0, 930.0, 931.0, 932.0, 933.0, 934.0, 935.0, 936.0, 937.0, 938.0, 939.0, 940.0, 941.0, 942.0, 943.0, 944.0, 945.0, 946.0, 947.0, 948.0, 949.0, 950.0, 951.0, 952.0, 953.0, 954.0, 955.0, 956.0, 957.0, 958.0, 959.0, 960.0, 961.0, 962.0, 963.0, 964.0, 965.0, 966.0, 967.0, 968.0, 969.0, 970.0, 971.0, 972.0, 973.0, 974.0, 975.0, 976.0, 977.0, 978.0, 979.0, 980.0, 981.0, 982.0, 983.0, 984.0, 985.0, 986.0, 987.0, 988.0, 989.0, 990.0, 991.0, 992.0, 993.0, 994.0, 995.0, 996.0, 997.0, 998.0, 999.0, 1000.0, 1001.0, 1002.0, 1003.0, 1004.0, 1005.0, 1006.0, 1007.0, 1008.0, 1009.0, 1010.0, 1011.0, 1012.0, 1013.0, 1014.0, 1015.0, 1016.0, 1017.0, 1018.0, 1019.0, 1020.0, 1021.0, 1022.0, 1023.0, 1024.0, 1025.0, 1026.0, 1027.0, 1028.0, 1029.0, 1030.0, 1031.0, 1032.0, 1033.0, 1034.0, 1035.0, 1036.0, 1037.0, 1038.0, 1039.0, 1040.0, 1041.0, 1042.0, 1043.0, 1044.0, 1045.0, 1046.0, 1047.0, 1048.0, 1049.0, 1050.0, 1051.0, 1052.0, 1053.0, 1054.0, 1055.0, 1056.0, 1057.0, 1058.0, 1059.0, 1060.0, 1061.0, 1062.0, 1063.0, 1064.0, 1065.0, 1066.0, 1067.0, 1068.0, 1069.0, 1070.0, 1071.0, 1072.0, 1073.0, 1074.0, 1075.0, 1076.0, 1077.0, 1078.0, 1079.0, 1080.0, 1081.0, 1082.0, 1083.0, 1084.0, 1085.0, 1086.0, 1087.0, 1088.0, 1089.0, 1090.0, 1091.0, 1092.0, 1093.0, 1094.0, 1095.0, 1096.0, 1097.0, 1098.0, 1099.0, 1100.0, 1101.0, 1102.0, 1103.0, 1104.0, 1105.0, 1106.0, 1107.0, 1108.0, 1109.0, 1110.0, 1111.0, 1112.0, 1113.0, 1114.0, 1115.0, 1116.0, 1117.0, 1118.0, 1119.0, 1120.0, 1121.0, 1122.0, 1123.0, 1124.0, 1125.0, 1126.0, 1127.0, 1128.0, 1129.0, 1130.0, 1131.0, 1132.0, 1133.0, 1134.0, 1135.0, 1136.0, 1137.0, 1138.0, 1139.0, 1140.0, 1141.0, 1142.0, 1143.0, 1144.0, 1145.0, 1146.0, 1147.0, 1148.0, 1149.0, 1150.0, 1151.0, 1152.0, 1153.0, 1154.0, 1155.0, 1156.0, 1157.0, 1158.0, 1159.0, 1160.0, 1161.0, 1162.0, 1163.0, 1164.0, 1165.0, 1166.0, 1167.0, 1168.0, 1169.0, 1170.0, 1171.0, 1172.0, 1173.0, 1174.0, 1175.0, 1176.0, 1177.0, 1178.0, 1179.0, 1180.0, 1181.0, 1182.0, 1183.0, 1184.0, 1185.0, 1186.0, 1187.0, 1188.0, 1189.0, 1190.0, 1191.0, 1192.0, 1193.0, 1194.0, 1195.0, 1196.0, 1197.0, 1198.0, 1199.0, 1200.0, 1201.0, 1202.0, 1203.0, 1204.0, 1205.0, 1206.0, 1207.0, 1208.0, 1209.0, 1210.0, 1211.0, 1212.0, 1213.0, 1214.0, 1215.0, 1216.0, 1217.0, 1218.0, 1219.0, 1220.0, 1221.0, 1222.0, 1223.0, 1224.0, 1225.0, 1226.0, 1227.0, 1228.0, 1229.0, 1230.0, 1231.0, 1232.0, 1233.0, 1234.0, 1235.0, 1236.0, 1237.0, 1238.0, 1239.0, 1240.0, 1241.0, 1242.0, 1243.0, 1244.0, 1245.0, 1246.0, 1247.0, 1248.0, 1249.0, 1250.0, 1251.0, 1252.0, 1253.0, 1254.0, 1255.0, 1256.0, 1257.0, 1258.0, 1259.0, 1260.0, 1261.0, 1262.0, 1263.0, 1264.0, 1265.0, 1266.0, 1267.0, 1268.0, 1269.0, 1270.0, 1271.0, 1272.0, 1273.0, 1274.0, 1275.0, 1276.0, 1277.0, 1278.0, 1279.0, 1280.0, 1281.0, 1282.0, 1283.0, 1284.0, 1285.0, 1286.0, 1287.0, 1288.0, 1289.0, 1290.0, 1291.0, 1292.0, 1293.0, 1294.0, 1295.0, 1296.0, 1297.0, 1298.0, 1299.0, 1300.0, 1301.0, 1302.0, 1303.0, 1304.0, 1305.0, 1306.0, 1307.0, 1308.0, 1309.0, 1310.0, 1311.0, 1312.0, 1313.0, 1314.0, 1315.0, 1316.0, 1317.0, 1318.0, 1319.0, 1320.0, 1321.0, 1322.0, 1323.0, 1324.0, 1325.0, 1326.0, 1327.0, 1328.0, 1329.0, 1330.0, 1331.0, 1332.0, 1333.0, 1334.0, 1335.0, 1336.0, 1337.0, 1338.0, 1339.0, 1340.0, 1341.0, 1342.0, 1343.0, 1344.0, 1345.0, 1346.0, 1347.0, 1348.0, 1349.0, 1350.0, 1351.0, 1352.0, 1353.0, 1354.0, 1355.0, 1356.0, 1357.0, 1358.0, 1359.0, 1360.0, 1361.0, 1362.0, 1363.0, 1364.0, 1365.0, 1366.0, 1367.0, 1368.0, 1369.0, 1370.0, 1371.0, 1372.0, 1373.0, 1374.0, 1375.0, 1376.0, 1377.0, 1378.0, 1379.0, 1380.0, 1381.0, 1382.0, 1383.0, 1384.0, 1385.0, 1386.0, 1387.0, 1388.0, 1389.0, 1390.0, 1391.0, 1392.0, 1393.0, 1394.0, 1395.0, 1396.0, 1397.0, 1398.0, 1399.0, 1400.0, 1401.0, 1402.0, 1403.0, 1404.0, 1405.0, 1406.0, 1407.0, 1408.0, 1409.0, 1410.0, 1411.0, 1412.0, 1413.0, 1414.0, 1415.0, 1416.0, 1417.0, 1418.0, 1419.0, 1420.0, 1421.0, 1422.0, 1423.0, 1424.0, 1425.0, 1426.0, 1427.0, 1428.0, 1429.0, 1430.0, 1431.0, 1432.0, 1433.0, 1434.0, 1435.0, 1436.0, 1437.0, 1438.0, 1439.0, 1440.0, 1441.0, 1442.0, 1443.0, 1444.0, 1445.0, 1446.0, 1447.0, 1448.0, 1449.0, 1450.0, 1451.0, 1452.0, 1453.0, 1454.0, 1455.0, 1456.0, 1457.0, 1458.0, 1459.0, 1460.0, 1461.0, 1462.0, 1463.0, 1464.0, 1465.0, 1466.0, 1467.0, 1468.0, 1469.0, 1470.0, 1471.0, 1472.0, 1473.0, 1474.0, 1475.0, 1476.0, 1477.0, 1478.0, 1479.0, 1480.0, 1481.0, 1482.0, 1483.0, 1484.0, 1485.0, 1486.0, 1487.0, 1488.0, 1489.0, 1490.0, 1491.0, 1492.0, 1493.0, 1494.0, 1495.0, 1496.0, 1497.0, 1498.0, 1499.0, 1500.0, 1501.0, 1502.0, 1503.0, 1504.0, 1505.0, 1506.0, 1507.0, 1508.0, 1509.0, 1510.0, 1511.0, 1512.0, 1513.0, 1514.0, 1515.0, 1516.0, 1517.0, 1518.0, 1519.0, 1520.0, 1521.0, 1522.0, 1523.0, 1524.0, 1525.0, 1526.0, 1527.0, 1528.0, 1529.0, 1530.0, 1531.0, 1532.0, 1533.0, 1534.0, 1535.0, 1536.0, 1537.0, 1538.0, 1539.0, 1540.0, 1541.0, 1542.0, 1543.0, 1544.0, 1545.0, 1546.0, 1547.0, 1548.0, 1549.0, 1550.0, 1551.0, 1552.0, 1553.0, 1554.0, 1555.0, 1556.0, 1557.0, 1558.0, 1559.0, 1560.0, 1561.0, 1562.0, 1563.0, 1564.0, 1565.0, 1566.0, 1567.0, 1568.0, 1569.0, 1570.0, 1571.0, 1572.0, 1573.0, 1574.0, 1575.0, 1576.0, 1577.0, 1578.0, 1579.0, 1580.0, 1581.0, 1582.0, 1583.0, 1584.0, 1585.0, 1586.0, 1587.0, 1588.0, 1589.0, 1590.0, 1591.0, 1592.0, 1593.0, 1594.0, 1595.0, 1596.0, 1597.0, 1598.0, 1599.0, 1600.0, 1601.0, 1602.0, 1603.0, 1604.0, 1605.0, 1606.0, 1607.0, 1608.0, 1609.0, 1610.0, 1611.0, 1612.0, 1613.0, 1614.0, 1615.0, 1616.0, 1617.0, 1618.0, 1619.0, 1620.0, 1621.0, 1622.0, 1623.0, 1624.0, 1625.0, 1626.0, 1627.0, 1628.0, 1629.0, 1630.0, 1631.0, 1632.0, 1633.0, 1634.0, 1635.0, 1636.0, 1637.0, 1638.0, 1639.0, 1640.0, 1641.0, 1642.0, 1643.0, 1644.0, 1645.0, 1646.0, 1647.0, 1648.0, 1649.0, 1650.0, 1651.0, 1652.0, 1653.0, 1654.0, 1655.0, 1656.0, 1657.0, 1658.0, 1659.0, 1660.0, 1661.0, 1662.0, 1663.0, 1664.0, 1665.0, 1666.0, 1667.0, 1668.0, 1669.0, 1670.0, 1671.0, 1672.0, 1673.0, 1674.0, 1675.0, 1676.0, 1677.0, 1678.0, 1679.0, 1680.0, 1681.0, 1682.0, 1683.0, 1684.0, 1685.0, 1686.0, 1687.0, 1688.0, 1689.0, 1690.0, 1691.0, 1692.0, 1693.0, 1694.0, 1695.0, 1696.0, 1697.0, 1698.0, 1699.0, 1700.0, 1701.0, 1702.0, 1703.0, 1704.0, 1705.0, 1706.0, 1707.0, 1708.0, 1709.0, 1710.0, 1711.0, 1712.0, 1713.0, 1714.0, 1715.0, 1716.0, 1717.0, 1718.0, 1719.0, 1720.0, 1721.0, 1722.0, 1723.0, 1724.0, 1725.0, 1726.0, 1727.0, 1728.0, 1729.0, 1730.0, 1731.0, 1732.0, 1733.0, 1734.0, 1735.0, 1736.0, 1737.0, 1738.0, 1739.0, 1740.0, 1741.0, 1742.0, 1743.0, 1744.0, 1745.0, 1746.0, 1747.0, 1748.0, 1749.0, 1750.0, 1751.0, 1752.0, 1753.0, 1754.0, 1755.0, 1756.0, 1757.0, 1758.0, 1759.0, 1760.0, 1761.0, 1762.0, 1763.0, 1764.0, 1765.0, 1766.0, 1767.0, 1768.0, 1769.0, 1770.0, 1771.0, 1772.0, 1773.0, 1774.0, 1775.0, 1776.0, 1777.0, 1778.0, 1779.0, 1780.0, 1781.0, 1782.0, 1783.0, 1784.0, 1785.0, 1786.0, 1787.0, 1788.0, 1789.0, 1790.0, 1791.0, 1792.0, 1793.0, 1794.0, 1795.0, 1796.0, 1797.0, 1798.0, 1799.0, 1800.0, 1801.0, 1802.0, 1803.0, 1804.0, 1805.0, 1806.0, 1807.0, 1808.0, 1809.0, 1810.0, 1811.0, 1812.0, 1813.0, 1814.0, 1815.0, 1816.0, 1817.0, 1818.0, 1819.0, 1820.0, 1821.0, 1822.0, 1823.0, 1824.0, 1825.0, 1826.0, 1827.0, 1828.0, 1829.0, 1830.0, 1831.0, 1832.0, 1833.0, 1834.0, 1835.0, 1836.0, 1837.0, 1838.0, 1839.0, 1840.0, 1841.0, 1842.0, 1843.0, 1844.0, 1845.0, 1846.0, 1847.0, 1848.0, 1849.0, 1850.0, 1851.0, 1852.0, 1853.0, 1854.0, 1855.0, 1856.0, 1857.0, 1858.0, 1859.0, 1860.0, 1861.0, 1862.0, 1863.0, 1864.0, 1865.0, 1866.0, 1867.0, 1868.0, 1869.0, 1870.0, 1871.0, 1872.0, 1873.0, 1874.0, 1875.0, 1876.0, 1877.0, 1878.0, 1879.0, 1880.0, 1881.0, 1882.0, 1883.0, 1884.0, 1885.0, 1886.0, 1887.0, 1888.0, 1889.0, 1890.0, 1891.0, 1892.0, 1893.0, 1894.0, 1895.0, 1896.0, 1897.0, 1898.0, 1899.0, 1900.0, 1901.0, 1902.0, 1903.0, 1904.0, 1905.0, 1906.0, 1907.0, 1908.0, 1909.0, 1910.0, 1911.0, 1912.0, 1913.0, 1914.0, 1915.0, 1916.0, 1917.0, 1918.0, 1919.0, 1920.0, 1921.0, 1922.0, 1923.0, 1924.0, 1925.0, 1926.0, 1927.0, 1928.0, 1929.0, 1930.0, 1931.0, 1932.0, 1933.0, 1934.0, 1935.0, 1936.0, 1937.0, 1938.0, 1939.0, 1940.0, 1941.0, 1942.0, 1943.0, 1944.0, 1945.0, 1946.0, 1947.0, 1948.0, 1949.0, 1950.0, 1951.0, 1952.0, 1953.0, 1954.0, 1955.0, 1956.0, 1957.0, 1958.0, 1959.0, 1960.0, 1961.0, 1962.0, 1963.0, 1964.0, 1965.0, 1966.0, 1967.0, 1968.0, 1969.0, 1970.0, 1971.0, 1972.0, 1973.0, 1974.0, 1975.0, 1976.0, 1977.0, 1978.0, 1979.0, 1980.0, 1981.0, 1982.0, 1983.0, 1984.0, 1985.0, 1986.0, 1987.0, 1988.0, 1989.0, 1990.0, 1991.0, 1992.0, 1993.0, 1994.0, 1995.0, 1996.0, 1997.0, 1998.0, 1999.0, 2000.0, 2001.0, 2002.0, 2003.0, 2004.0, 2005.0, 2006.0, 2007.0, 2008.0, 2009.0, 2010.0, 2011.0, 2012.0, 2013.0, 2014.0, 2015.0, 2016.0, 2017.0, 2018.0, 2019.0, 2020.0, 2021.0, 2022.0, 2023.0, 2024.0, 2025.0, 2026.0, 2027.0, 2028.0, 2029.0, 2030.0, 2031.0, 2032.0, 2033.0, 2034.0, 2035.0, 2036.0, 2037.0, 2038.0, 2039.0, 2040.0, 2041.0, 2042.0, 2043.0, 2044.0, 2045.0, 2046.0, 2047.0, 2048.0, 2049.0, 2050.0, 2051.0, 2052.0, 2053.0, 2054.0, 2055.0, 2056.0, 2057.0, 2058.0, 2059.0, 2060.0, 2061.0, 2062.0, 2063.0, 2064.0, 2065.0, 2066.0, 2067.0, 2068.0, 2069.0, 2070.0, 2071.0, 2072.0, 2073.0, 2074.0, 2075.0, 2076.0, 2077.0, 2078.0, 2079.0, 2080.0, 2081.0, 2082.0, 2083.0, 2084.0, 2085.0, 2086.0, 2087.0, 2088.0, 2089.0, 2090.0, 2091.0, 2092.0, 2093.0, 2094.0, 2095.0, 2096.0, 2097.0, 2098.0, 2099.0, 2100.0, 2101.0, 2102.0, 2103.0, 2104.0, 2105.0, 2106.0, 2107.0, 2108.0, 2109.0, 2110.0, 2111.0, 2112.0, 2113.0, 2114.0, 2115.0, 2116.0, 2117.0, 2118.0, 2119.0, 2120.0, 2121.0, 2122.0, 2123.0, 2124.0, 2125.0, 2126.0, 2127.0, 2128.0, 2129.0, 2130.0, 2131.0, 2132.0, 2133.0, 2134.0, 2135.0, 2136.0, 2137.0, 2138.0, 2139.0, 2140.0, 2141.0, 2142.0, 2143.0, 2144.0, 2145.0, 2146.0, 2147.0, 2148.0, 2149.0, 2150.0, 2151.0, 2152.0, 2153.0, 2154.0, 2155.0, 2156.0, 2157.0, 2158.0, 2159.0, 2160.0, 2161.0, 2162.0, 2163.0, 2164.0, 2165.0, 2166.0, 2167.0, 2168.0, 2169.0, 2170.0, 2171.0, 2172.0, 2173.0, 2174.0, 2175.0, 2176.0, 2177.0, 2178.0, 2179.0, 2180.0, 2181.0, 2182.0, 2183.0, 2184.0, 2185.0, 2186.0, 2187.0, 2188.0, 2189.0, 2190.0, 2191.0, 2192.0, 2193.0, 2194.0, 2195.0, 2196.0, 2197.0, 2198.0, 2199.0, 2200.0, 2201.0, 2202.0, 2203.0, 2204.0, 2205.0, 2206.0, 2207.0, 2208.0, 2209.0, 2210.0, 2211.0, 2212.0, 2213.0, 2214.0, 2215.0, 2216.0, 2217.0, 2218.0, 2219.0, 2220.0, 2221.0, 2222.0, 2223.0, 2224.0, 2225.0, 2226.0, 2227.0, 2228.0, 2229.0, 2230.0, 2231.0, 2232.0, 2233.0, 2234.0, 2235.0, 2236.0, 2237.0, 2238.0, 2239.0, 2240.0, 2241.0, 2242.0, 2243.0, 2244.0, 2245.0, 2246.0, 2247.0, 2248.0, 2249.0, 2250.0, 2251.0, 2252.0, 2253.0, 2254.0, 2255.0, 2256.0, 2257.0, 2258.0, 2259.0, 2260.0, 2261.0, 2262.0, 2263.0, 2264.0, 2265.0, 2266.0, 2267.0, 2268.0, 2269.0, 2270.0, 2271.0, 2272.0, 2273.0, 2274.0, 2275.0, 2276.0, 2277.0, 2278.0, 2279.0, 2280.0, 2281.0, 2282.0, 2283.0, 2284.0, 2285.0, 2286.0, 2287.0, 2288.0, 2289.0, 2290.0, 2291.0, 2292.0, 2293.0, 2294.0, 2295.0, 2296.0, 2297.0, 2298.0, 2299.0, 2300.0, 2301.0, 2302.0, 2303.0, 2304.0, 2305.0, 2306.0, 2307.0, 2308.0, 2309.0, 2310.0, 2311.0, 2312.0, 2313.0, 2314.0, 2315.0, 2316.0, 2317.0, 2318.0, 2319.0, 2320.0, 2321.0, 2322.0, 2323.0, 2324.0, 2325.0, 2326.0, 2327.0, 2328.0, 2329.0, 2330.0, 2331.0, 2332.0, 2333.0, 2334.0, 2335.0, 2336.0, 2337.0, 2338.0, 2339.0, 2340.0, 2341.0, 2342.0, 2343.0, 2344.0, 2345.0, 2346.0, 2347.0, 2348.0, 2349.0, 2350.0, 2351.0, 2352.0, 2353.0, 2354.0, 2355.0, 2356.0, 2357.0, 2358.0, 2359.0, 2360.0, 2361.0, 2362.0, 2363.0, 2364.0, 2365.0, 2366.0, 2367.0, 2368.0, 2369.0, 2370.0, 2371.0, 2372.0, 2373.0, 2374.0, 2375.0, 2376.0, 2377.0, 2378.0, 2379.0, 2380.0, 2381.0, 2382.0, 2383.0, 2384.0, 2385.0, 2386.0, 2387.0, 2388.0, 2389.0, 2390.0, 2391.0, 2392.0, 2393.0, 2394.0, 2395.0, 2396.0, 2397.0, 2398.0, 2399.0, 2400.0]","[0.0, 0.0, 0.0, 0.0, 0.0, 0.0, 0.0, 0.0, 0.0, 0.0, 0.0, 0.0, 0.0, 0.0, 0.0, 0.0, 0.0, 0.0, 0.0, 0.0, 0.0, 0.0, 0.0, 0.0, 0.0, 0.0, 0.0, 0.0, 0.0, 0.0, 0.0, 0.0, 0.0, 0.0, 0.0, 0.0, 0.0, 0.0, 0.0, 0.0, 0.0, 0.0, 0.0, 0.0, 0.0, 0.0, 0.0, 0.0, 0.0, 0.0, 0.0, 0.0, 0.0, 0.0, 0.0, 0.0, 0.0, 0.0, 0.00012, 0.00024, 0.00024, 0.00024, 0.00024, 0.00024, 0.00024, 0.00024, 0.00024, 0.00024, 0.00024, 0.00024, 0.00024, 0.00024, 0.00024, 0.00024, 0.00024, 0.00024, 0.00036, 0.00036, 0.00036, 0.00036, 0.00036, 0.00036, 0.00036, 0.00048, 0.00048, 0.00048, 0.00048, 0.0006000000000000001, 0.00072, 0.00072, 0.00072, 0.00072, 0.00072, 0.00072, 0.00084, 0.00096, 0.00096, 0.00096, 0.0010800000000000002, 0.0010800000000000002, 0.0010800000000000002, 0.0010800000000000002, 0.0010800000000000002, 0.0010800000000000002, 0.0010800000000000002, 0.0010800000000000002, 0.0010800000000000002, 0.0012000000000000001, 0.0012000000000000001, 0.0012000000000000001, 0.0012000000000000001, 0.0012000000000000001, 0.0012000000000000001, 0.0012000000000000001, 0.0012000000000000001, 0.0012000000000000001, 0.0012000000000000001, 0.0012000000000000001, 0.0012000000000000001, 0.0012000000000000001, 0.0012000000000000001, 0.0012000000000000001, 0.0012000000000000001, 0.0012000000000000001, 0.0012000000000000001, 0.0012000000000000001, 0.0012000000000000001, 0.0012000000000000001, 0.00132, 0.00132, 0.00132, 0.00132, 0.00132, 0.00132, 0.00132, 0.00132, 0.00132, 0.00132, 0.00132, 0.00132, 0.00132, 0.00132, 0.00132, 0.00144, 0.00144, 0.00144, 0.00144, 0.00144, 0.00144, 0.00144, 0.00144, 0.00144, 0.00144, 0.00144, 0.00144, 0.00144, 0.00156, 0.00156, 0.00156, 0.00156, 0.00156, 0.00156, 0.00156, 0.00156, 0.00156, 0.00156, 0.00156, 0.00156, 0.00156, 0.00156, 0.00156, 0.00156, 0.00156, 0.00156, 0.00156, 0.00156, 0.00156, 0.00156, 0.00156, 0.00156, 0.00156, 0.00156, 0.00156, 0.00156, 0.00156, 0.00156, 0.00156, 0.00156, 0.00156, 0.00156, 0.00156, 0.00156, 0.00156, 0.0016799999999999999, 0.0016799999999999999, 0.0016799999999999999, 0.0016799999999999999, 0.0016799999999999999, 0.0016799999999999999, 0.0016799999999999999, 0.0016799999999999999, 0.0016799999999999999, 0.0016799999999999999, 0.0016799999999999999, 0.0016799999999999999, 0.0016799999999999999, 0.0016799999999999999, 0.0016799999999999999, 0.0016799999999999999, 0.0016799999999999999, 0.0018, 0.0018, 0.00192, 0.00192, 0.00192, 0.00192, 0.00192, 0.00192, 0.00192, 0.00192, 0.00192, 0.00192, 0.00192, 0.00204, 0.00204, 0.00204, 0.00204, 0.00204, 0.00204, 0.00204, 0.00204, 0.00204, 0.00204, 0.0021600000000000005, 0.0021600000000000005, 0.0021600000000000005, 0.0021600000000000005, 0.0022800000000000003, 0.0022800000000000003, 0.0022800000000000003, 0.0022800000000000003, 0.0024000000000000007, 0.0024000000000000007, 0.0024000000000000007, 0.0024000000000000007, 0.0024000000000000007, 0.0024000000000000007, 0.0024000000000000007, 0.0024000000000000007, 0.0024000000000000007, 0.0024000000000000007, 0.0024000000000000007, 0.0024000000000000007, 0.0024000000000000007, 0.0024000000000000007, 0.0024000000000000007, 0.0024000000000000007, 0.0024000000000000007, 0.0024000000000000007, 0.0024000000000000007, 0.0024000000000000007, 0.0024000000000000007, 0.0024000000000000007, 0.0024000000000000007, 0.0024000000000000007, 0.0024000000000000007, 0.0024000000000000007, 0.0024000000000000007, 0.0024000000000000007, 0.0024000000000000007, 0.0024000000000000007, 0.0024000000000000007, 0.00252, 0.00252, 0.00252, 0.00252, 0.00252, 0.00252, 0.00252, 0.00252, 0.00252, 0.00252, 0.00252, 0.00252, 0.00252, 0.00252, 0.00252, 0.00252, 0.00252, 0.00264, 0.00264, 0.00264, 0.00264, 0.00264, 0.00264, 0.00264, 0.00264, 0.00264, 0.00264, 0.00264, 0.00264, 0.00264, 0.00264, 0.00264, 0.00264, 0.00264, 0.00264, 0.00264, 0.00264, 0.00264, 0.00264, 0.00264, 0.00264, 0.00264, 0.00264, 0.00264, 0.00264, 0.00264, 0.00264, 0.00264, 0.00264, 0.00264, 0.00264, 0.00264, 0.00264, 0.00264, 0.00264, 0.00264, 0.00264, 0.00264, 0.00264, 0.00264, 0.00264, 0.00264, 0.00264, 0.00264, 0.00264, 0.00264, 0.00264, 0.00264, 0.00264, 0.00264, 0.00264, 0.00264, 0.00264, 0.00264, 0.00264, 0.00264, 0.00264, 0.00264, 0.00264, 0.00264, 0.00264, 0.00264, 0.00264, 0.00264, 0.00264, 0.00264, 0.00264, 0.00264, 0.00264, 0.00264, 0.00264, 0.00264, 0.00264, 0.00264, 0.00264, 0.00264, 0.00264, 0.00264, 0.00264, 0.00264, 0.00264, 0.00264, 0.00264, 0.00264, 0.00264, 0.00264, 0.00264, 0.00264, 0.00264, 0.00264, 0.00264, 0.00264, 0.00264, 0.00264, 0.00264, 0.00264, 0.00264, 0.00264, 0.00264, 0.00264, 0.00264, 0.00264, 0.00264, 0.00264, 0.00264, 0.0027600000000000003, 0.0027600000000000003, 0.0027600000000000003, 0.0027600000000000003, 0.0027600000000000003, 0.00288, 0.00288, 0.00288, 0.00288, 0.00288, 0.00288, 0.00288, 0.00288, 0.00288, 0.00288, 0.00288, 0.00288, 0.00288, 0.00288, 0.00288, 0.00288, 0.00288, 0.00288, 0.00288, 0.00288, 0.00288, 0.00288, 0.00288, 0.00288, 0.00288, 0.00288, 0.00288, 0.00288, 0.00288, 0.00288, 0.00288, 0.0030000000000000005, 0.0030000000000000005, 0.0030000000000000005, 0.00312, 0.00312, 0.0032400000000000003, 0.0032400000000000003, 0.0032400000000000003, 0.0032400000000000003, 0.0032400000000000003, 0.00336, 0.00336, 0.00336, 0.00336, 0.00336, 0.00336, 0.00336, 0.00336, 0.0034799999999999996, 0.0034799999999999996, 0.0034799999999999996, 0.0034799999999999996, 0.0034799999999999996, 0.0034799999999999996, 0.0034799999999999996, 0.0034799999999999996, 0.0034799999999999996, 0.0034799999999999996, 0.0034799999999999996, 0.0034799999999999996, 0.0034799999999999996, 0.0034799999999999996, 0.0034799999999999996, 0.0034799999999999996, 0.0034799999999999996, 0.0036, 0.0036, 0.0036, 0.0036, 0.0036, 0.0036, 0.0036, 0.0036, 0.0036, 0.0036, 0.0036, 0.0036, 0.0037199999999999998, 0.0037199999999999998, 0.0037199999999999998, 0.0037199999999999998, 0.0037199999999999998, 0.0037199999999999998, 0.0037199999999999998, 0.0037199999999999998, 0.0037199999999999998, 0.0037199999999999998, 0.0037199999999999998, 0.0037199999999999998, 0.0037199999999999998, 0.0037199999999999998, 0.0037199999999999998, 0.0037199999999999998, 0.0037199999999999998, 0.0037199999999999998, 0.00384, 0.00384, 0.00384, 0.00384, 0.00384, 0.00384, 0.00384, 0.00384, 0.00384, 0.00384, 0.00384, 0.00384, 0.00384, 0.00384, 0.00384, 0.00384, 0.00384, 0.00384, 0.00384, 0.00384, 0.00384, 0.00384, 0.00384, 0.00384, 0.00384, 0.00384, 0.00384, 0.00384, 0.00384, 0.00384, 0.00384, 0.00384, 0.00384, 0.00384, 0.00384, 0.00384, 0.00396, 0.00396, 0.00396, 0.00396, 0.00396, 0.00396, 0.00396, 0.00396, 0.00396, 0.00396, 0.00396, 0.00396, 0.00408, 0.00408, 0.00408, 0.00408, 0.00408, 0.00408, 0.00408, 0.00408, 0.00408, 0.00408, 0.00408, 0.00408, 0.00408, 0.00408, 0.00408, 0.00408, 0.00408, 0.00408, 0.00408, 0.00408, 0.00408, 0.00408, 0.00408, 0.00408, 0.00408, 0.00408, 0.0042, 0.00432, 0.00432, 0.00432, 0.00432, 0.00432, 0.00432, 0.00432, 0.00432, 0.00444, 0.00444, 0.00444, 0.00444, 0.00456, 0.00456, 0.00456, 0.00456, 0.00456, 0.00456, 0.00456, 0.00456, 0.00456, 0.00456, 0.00456, 0.00456, 0.00456, 0.00456, 0.00468, 0.00468, 0.00468, 0.00468, 0.00468, 0.00468, 0.00468, 0.00468, 0.00468, 0.00468, 0.0048, 0.0048, 0.0048, 0.00492, 0.00504, 0.00504, 0.00504, 0.00504, 0.00504, 0.00504, 0.00504, 0.00504, 0.00504, 0.00504, 0.00504, 0.00504, 0.00504, 0.00504, 0.00504, 0.00504, 0.00504, 0.00504, 0.00504, 0.00504, 0.00504, 0.00504, 0.00504, 0.00504, 0.00504, 0.00504, 0.00504, 0.00504, 0.00504, 0.00504, 0.00504, 0.00504, 0.00504, 0.00504, 0.00504, 0.00504, 0.00504, 0.00504, 0.00504, 0.00504, 0.00504, 0.00504, 0.00504, 0.00504, 0.00504, 0.00504, 0.00504, 0.00504, 0.00504, 0.00504, 0.00504, 0.00504, 0.00504, 0.00504, 0.00528, 0.00528, 0.00528, 0.00528, 0.00528, 0.00528, 0.00528, 0.00528, 0.00528, 0.00528, 0.00528, 0.00528, 0.00528, 0.00528, 0.00528, 0.00528, 0.00528, 0.00528, 0.00528, 0.00528, 0.00528, 0.00528, 0.005399999999999999, 0.005399999999999999, 0.005399999999999999, 0.005399999999999999, 0.005399999999999999, 0.005399999999999999, 0.005399999999999999, 0.005399999999999999, 0.005399999999999999, 0.005399999999999999, 0.005399999999999999, 0.005399999999999999, 0.005399999999999999, 0.005399999999999999, 0.005399999999999999, 0.005399999999999999, 0.005399999999999999, 0.005399999999999999, 0.005399999999999999, 0.005399999999999999, 0.005399999999999999, 0.005399999999999999, 0.005399999999999999, 0.005399999999999999, 0.005399999999999999, 0.005399999999999999, 0.005399999999999999, 0.005399999999999999, 0.005399999999999999, 0.005399999999999999, 0.005399999999999999, 0.005399999999999999, 0.005399999999999999, 0.005399999999999999, 0.005399999999999999, 0.005399999999999999, 0.005399999999999999, 0.005399999999999999, 0.005399999999999999, 0.005399999999999999, 0.005399999999999999, 0.005399999999999999, 0.005399999999999999, 0.005399999999999999, 0.005399999999999999, 0.005399999999999999, 0.005399999999999999, 0.005399999999999999, 0.005399999999999999, 0.005399999999999999, 0.005399999999999999, 0.005399999999999999, 0.005399999999999999, 0.005399999999999999, 0.005399999999999999, 0.005399999999999999, 0.005399999999999999, 0.005399999999999999, 0.005399999999999999, 0.005399999999999999, 0.005399999999999999, 0.005399999999999999, 0.005399999999999999, 0.005399999999999999, 0.005399999999999999, 0.005399999999999999, 0.005399999999999999, 0.005399999999999999, 0.005399999999999999, 0.005399999999999999, 0.005399999999999999, 0.005399999999999999, 0.005399999999999999, 0.005399999999999999, 0.005399999999999999, 0.005399999999999999, 0.005399999999999999, 0.005399999999999999, 0.005399999999999999, 0.005399999999999999, 0.005399999999999999, 0.005399999999999999, 0.005399999999999999, 0.005399999999999999, 0.005399999999999999, 0.005399999999999999, 0.005399999999999999, 0.005399999999999999, 0.005399999999999999, 0.005399999999999999, 0.005399999999999999, 0.005399999999999999, 0.005399999999999999, 0.00552, 0.00552, 0.00552, 0.00552, 0.00552, 0.00552, 0.00552, 0.00552, 0.00552, 0.00552, 0.005639999999999999, 0.005639999999999999, 0.005639999999999999, 0.005639999999999999, 0.005639999999999999, 0.0057599999999999995, 0.0057599999999999995, 0.0057599999999999995, 0.0057599999999999995, 0.0057599999999999995, 0.0057599999999999995, 0.0057599999999999995, 0.0057599999999999995, 0.0057599999999999995, 0.0057599999999999995, 0.0057599999999999995, 0.0057599999999999995, 0.0057599999999999995, 0.0057599999999999995, 0.0057599999999999995, 0.0057599999999999995, 0.0057599999999999995, 0.0057599999999999995, 0.0057599999999999995, 0.0057599999999999995, 0.0057599999999999995, 0.0057599999999999995, 0.0057599999999999995, 0.0057599999999999995, 0.0057599999999999995, 0.0057599999999999995, 0.0057599999999999995, 0.0057599999999999995, 0.0057599999999999995, 0.0057599999999999995, 0.0057599999999999995, 0.0057599999999999995, 0.0057599999999999995, 0.0057599999999999995, 0.00588, 0.00588, 0.00588, 0.00588, 0.00588, 0.00588, 0.00588, 0.00588, 0.00588, 0.00588, 0.00588, 0.00588, 0.00588, 0.00588, 0.006, 0.006, 0.006, 0.006, 0.006, 0.006, 0.006, 0.006, 0.006, 0.006, 0.006, 0.006, 0.006, 0.006, 0.006, 0.006, 0.006, 0.006, 0.006, 0.006, 0.006, 0.006, 0.006, 0.00612, 0.00612, 0.00612, 0.00612, 0.00612, 0.00636, 0.00636, 0.00636, 0.00636, 0.00636, 0.00636, 0.00636, 0.00636, 0.00636, 0.00636, 0.00636, 0.00636, 0.00636, 0.00636, 0.00636, 0.00636, 0.00636, 0.00636, 0.00636, 0.00636, 0.00636, 0.00636, 0.00636, 0.00636, 0.00636, 0.00636, 0.00636, 0.00636, 0.00636, 0.00636, 0.00636, 0.00636, 0.00636, 0.0064800000000000005, 0.0064800000000000005, 0.0064800000000000005, 0.0064800000000000005, 0.0064800000000000005, 0.0064800000000000005, 0.0064800000000000005, 0.0064800000000000005, 0.0064800000000000005, 0.0064800000000000005, 0.0064800000000000005, 0.0064800000000000005, 0.0064800000000000005, 0.0066, 0.0066, 0.0066, 0.0066, 0.0066, 0.0066, 0.0066, 0.0066, 0.00672, 0.00672, 0.00672, 0.00672, 0.00672, 0.00672, 0.00672, 0.00672, 0.00672, 0.00672, 0.00672, 0.00672, 0.00672, 0.00672, 0.00672, 0.00672, 0.00672, 0.00672, 0.00672, 0.00672, 0.00672, 0.00672, 0.00672, 0.00672, 0.00672, 0.00672, 0.00672, 0.00672, 0.00672, 0.00672, 0.00672, 0.00672, 0.00672, 0.00672, 0.00672, 0.00672, 0.00672, 0.00672, 0.00672, 0.00672, 0.00672, 0.00672, 0.00672, 0.00672, 0.00672, 0.00672, 0.00672, 0.00672, 0.00672, 0.00672, 0.00672, 0.00672, 0.00672, 0.00672, 0.00672, 0.00672, 0.00672, 0.00672, 0.00672, 0.00672, 0.006840000000000001, 0.006840000000000001, 0.006840000000000001, 0.006840000000000001, 0.006840000000000001, 0.006840000000000001, 0.006840000000000001, 0.006840000000000001, 0.006840000000000001, 0.006840000000000001, 0.006959999999999999, 0.006959999999999999, 0.006959999999999999, 0.006959999999999999, 0.006959999999999999, 0.006959999999999999, 0.006959999999999999, 0.006959999999999999, 0.006959999999999999, 0.006959999999999999, 0.006959999999999999, 0.006959999999999999, 0.006959999999999999, 0.006959999999999999, 0.006959999999999999, 0.006959999999999999, 0.006959999999999999, 0.006959999999999999, 0.006959999999999999, 0.0070799999999999995, 0.0070799999999999995, 0.0070799999999999995, 0.0070799999999999995, 0.0070799999999999995, 0.0070799999999999995, 0.0070799999999999995, 0.0070799999999999995, 0.0070799999999999995, 0.0070799999999999995, 0.0070799999999999995, 0.0070799999999999995, 0.0070799999999999995, 0.0072, 0.0072, 0.0072, 0.0072, 0.0072, 0.0072, 0.0072, 0.0072, 0.0072, 0.0072, 0.0072, 0.0072, 0.0072, 0.0072, 0.0072, 0.0072, 0.0072, 0.0072, 0.0072, 0.0072, 0.0072, 0.0072, 0.0072, 0.0072, 0.0072, 0.0072, 0.0072, 0.0072, 0.0072, 0.0072, 0.0072, 0.00732, 0.00732, 0.00732, 0.00732, 0.00732, 0.00732, 0.00732, 0.00732, 0.00732, 0.00732, 0.00732, 0.00732, 0.00732, 0.0074399999999999996, 0.0074399999999999996, 0.00732, 0.00732, 0.00732, 0.00732, 0.00732, 0.00732, 0.00732, 0.00732, 0.00732, 0.00732, 0.00732, 0.00732, 0.00732, 0.00732, 0.00732, 0.00732, 0.00732, 0.00732, 0.00732, 0.0074399999999999996, 0.0074399999999999996, 0.0074399999999999996, 0.0074399999999999996, 0.0074399999999999996, 0.0074399999999999996, 0.0074399999999999996, 0.00756, 0.00756, 0.00756, 0.00756, 0.00756, 0.00756, 0.00756, 0.00756, 0.00756, 0.00756, 0.00756, 0.00768, 0.00768, 0.00768, 0.00768, 0.00768, 0.00768, 0.00768, 0.00768, 0.00768, 0.00768, 0.00768, 0.00768, 0.00768, 0.00768, 0.00768, 0.00768, 0.0078000000000000005, 0.0078000000000000005, 0.0078000000000000005, 0.0078000000000000005, 0.0078000000000000005, 0.0078000000000000005, 0.00804, 0.00804, 0.00804, 0.00804, 0.00804, 0.00804, 0.00804, 0.00804, 0.00804, 0.00804, 0.00804, 0.00804, 0.00804, 0.00804, 0.00804, 0.00804, 0.00816, 0.00816, 0.00816, 0.008280000000000001, 0.008280000000000001, 0.008280000000000001, 0.0084, 0.0084, 0.0084, 0.0084, 0.0084, 0.0084, 0.0084, 0.0084, 0.0084, 0.0084, 0.0084, 0.0084, 0.0084, 0.0084, 0.0084, 0.0084, 0.0084, 0.0084, 0.00852, 0.00852, 0.00852, 0.00852, 0.00852, 0.00852, 0.00852, 0.00852, 0.00852, 0.00852, 0.00852, 0.00852, 0.00852, 0.00852, 0.00852, 0.00852, 0.00852, 0.00852, 0.00852, 0.00852, 0.00864, 0.00864, 0.00876, 0.00876, 0.00876, 0.00876, 0.00876, 0.00876, 0.00876, 0.00876, 0.00876, 0.00876, 0.00876, 0.00876, 0.00876, 0.00876, 0.00876, 0.00876, 0.00876, 0.00876, 0.00876, 0.00876, 0.00876, 0.00876, 0.00876, 0.00876, 0.00876, 0.00876, 0.00876, 0.00876, 0.00876, 0.00876, 0.00876, 0.00876, 0.00876, 0.00876, 0.00876, 0.00876, 0.00876, 0.00876, 0.00876, 0.00888, 0.00888, 0.00888, 0.00888, 0.00888, 0.00888, 0.00888, 0.00888, 0.00888, 0.00888, 0.00888, 0.00888, 0.00888, 0.00888, 0.00888, 0.00888, 0.00888, 0.00888, 0.00888, 0.009000000000000001, 0.009000000000000001, 0.009000000000000001, 0.009000000000000001, 0.009000000000000001, 0.009000000000000001, 0.009000000000000001, 0.009000000000000001, 0.009000000000000001, 0.009000000000000001, 0.009000000000000001, 0.009000000000000001, 0.009000000000000001, 0.009000000000000001, 0.009000000000000001, 0.009000000000000001, 0.009000000000000001, 0.009000000000000001, 0.009000000000000001, 0.009000000000000001, 0.009000000000000001, 0.009000000000000001, 0.009000000000000001, 0.009000000000000001, 0.009000000000000001, 0.009000000000000001, 0.009000000000000001, 0.009000000000000001, 0.009000000000000001, 0.009000000000000001, 0.009000000000000001, 0.009000000000000001, 0.009000000000000001, 0.009000000000000001, 0.009000000000000001, 0.009000000000000001, 0.009000000000000001, 0.009000000000000001, 0.009000000000000001, 0.009000000000000001, 0.009000000000000001, 0.009000000000000001, 0.009000000000000001, 0.009000000000000001, 0.009000000000000001, 0.009000000000000001, 0.009000000000000001, 0.009000000000000001, 0.009000000000000001, 0.009000000000000001, 0.009000000000000001, 0.009000000000000001, 0.009000000000000001, 0.009000000000000001, 0.009000000000000001, 0.009000000000000001, 0.009000000000000001, 0.009000000000000001, 0.009000000000000001, 0.009000000000000001, 0.009000000000000001, 0.009000000000000001, 0.009000000000000001, 0.009000000000000001, 0.00912, 0.00912, 0.00912, 0.00912, 0.00912, 0.00912, 0.00912, 0.00912, 0.00924, 0.00924, 0.00936, 0.00936, 0.00936, 0.00936, 0.00936, 0.00936, 0.00936, 0.00936, 0.00936, 0.00936, 0.00936, 0.00936, 0.00936, 0.00936, 0.00936, 0.00936, 0.00948, 0.00948, 0.00948, 0.00948, 0.00948, 0.00948, 0.00948, 0.00948, 0.00948, 0.00948, 0.00948, 0.00948, 0.00948, 0.00948, 0.00948, 0.00948, 0.00948, 0.00948, 0.00948, 0.00948, 0.00948, 0.00948, 0.00948, 0.00948, 0.00948, 0.00948, 0.00948, 0.00948, 0.00948, 0.00948, 0.00948, 0.00948, 0.00948, 0.00948, 0.00948, 0.00948, 0.00948, 0.00948, 0.00948, 0.00948, 0.00948, 0.00948, 0.00948, 0.00948, 0.00948, 0.00948, 0.00948, 0.00948, 0.00948, 0.00948, 0.00948, 0.00948, 0.00948, 0.00948, 0.00948, 0.00948, 0.00948, 0.00948, 0.00948, 0.00948, 0.00948, 0.009600000000000001, 0.009600000000000001, 0.009600000000000001, 0.009600000000000001, 0.009600000000000001, 0.009600000000000001, 0.009600000000000001, 0.009600000000000001, 0.009600000000000001, 0.009600000000000001, 0.009600000000000001, 0.009600000000000001, 0.009600000000000001, 0.009600000000000001, 0.009600000000000001, 0.009600000000000001, 0.009600000000000001, 0.009600000000000001, 0.009600000000000001, 0.009600000000000001, 0.009600000000000001, 0.009600000000000001, 0.009600000000000001, 0.009600000000000001, 0.009600000000000001, 0.009600000000000001, 0.009600000000000001, 0.009600000000000001, 0.009600000000000001, 0.009600000000000001, 0.009600000000000001, 0.009600000000000001, 0.009600000000000001, 0.009600000000000001, 0.009600000000000001, 0.009600000000000001, 0.009600000000000001, 0.009600000000000001, 0.009600000000000001, 0.009600000000000001, 0.009600000000000001, 0.009600000000000001, 0.009600000000000001, 0.009600000000000001, 0.009600000000000001, 0.009600000000000001, 0.009600000000000001, 0.009600000000000001, 0.009600000000000001, 0.009600000000000001, 0.009600000000000001, 0.009600000000000001, 0.009600000000000001, 0.009600000000000001, 0.009600000000000001, 0.009720000000000001, 0.009720000000000001, 0.009720000000000001, 0.009720000000000001, 0.009720000000000001, 0.009720000000000001, 0.009720000000000001, 0.009720000000000001, 0.009720000000000001, 0.009720000000000001, 0.009720000000000001, 0.009720000000000001, 0.009720000000000001, 0.009720000000000001, 0.009720000000000001, 0.009720000000000001, 0.009720000000000001, 0.009720000000000001, 0.009720000000000001, 0.009720000000000001, 0.009720000000000001, 0.009720000000000001, 0.009720000000000001, 0.009720000000000001, 0.009720000000000001, 0.009720000000000001, 0.009720000000000001, 0.009720000000000001, 0.009720000000000001, 0.009720000000000001, 0.009720000000000001, 0.009720000000000001, 0.009720000000000001, 0.009720000000000001, 0.009720000000000001, 0.009720000000000001, 0.009720000000000001, 0.009720000000000001, 0.009720000000000001, 0.009720000000000001, 0.009720000000000001, 0.009720000000000001, 0.009720000000000001, 0.009720000000000001, 0.009720000000000001, 0.009840000000000002, 0.009840000000000002, 0.009840000000000002, 0.009840000000000002, 0.009840000000000002, 0.009840000000000002, 0.009840000000000002, 0.009840000000000002, 0.009840000000000002, 0.009840000000000002, 0.009840000000000002, 0.009840000000000002, 0.009840000000000002, 0.009840000000000002, 0.009840000000000002, 0.009840000000000002, 0.009840000000000002, 0.009840000000000002, 0.009840000000000002, 0.009840000000000002, 0.009840000000000002, 0.009840000000000002, 0.009720000000000001, 0.009720000000000001, 0.009720000000000001, 0.009720000000000001, 0.009720000000000001, 0.009840000000000002, 0.009840000000000002, 0.009840000000000002, 0.009840000000000002, 0.009840000000000002, 0.009840000000000002, 0.009840000000000002, 0.009840000000000002, 0.009840000000000002, 0.009840000000000002, 0.009840000000000002, 0.009840000000000002, 0.009960000000000002, 0.009960000000000002, 0.009960000000000002, 0.009960000000000002, 0.01008, 0.01008, 0.01008, 0.01008, 0.01008, 0.01008, 0.01008, 0.01008, 0.01008, 0.01008, 0.01008, 0.01008, 0.01008, 0.01008, 0.01008, 0.01008, 0.01008, 0.01008, 0.01008, 0.01008, 0.01008, 0.01008, 0.01008, 0.01008, 0.01008, 0.01008, 0.01008, 0.01008, 0.01008, 0.01008, 0.01008, 0.01008, 0.01008, 0.01008, 0.01008, 0.01008, 0.01008, 0.01008, 0.01008, 0.01008, 0.01008, 0.01008, 0.01008, 0.01008, 0.01008, 0.01008, 0.01008, 0.01008, 0.01008, 0.0102, 0.0102, 0.0102, 0.0102, 0.0102, 0.0102, 0.0102, 0.0102, 0.0102, 0.0102, 0.0102, 0.0102, 0.0102, 0.0102, 0.0102, 0.0102, 0.0102, 0.0102, 0.0102, 0.0102, 0.0102, 0.0102, 0.0102, 0.0102, 0.0102, 0.0102, 0.0102, 0.0102, 0.0102, 0.0102, 0.0102, 0.0102, 0.0102, 0.0102, 0.0102, 0.0102, 0.0102, 0.0102, 0.0102, 0.0102, 0.0102, 0.0102, 0.0102, 0.0102, 0.0102, 0.0102, 0.0102, 0.0102, 0.0102, 0.0102, 0.0102, 0.0102, 0.0102, 0.0102, 0.010320000000000001, 0.010320000000000001, 0.010320000000000001, 0.010320000000000001, 0.01044, 0.01044, 0.01044, 0.01044, 0.01044, 0.01044, 0.01044, 0.01044, 0.01044, 0.01044, 0.01044, 0.01056, 0.01056, 0.01056, 0.01068, 0.01068, 0.01068, 0.01068, 0.01068, 0.01068, 0.01068, 0.01068, 0.0108, 0.0108, 0.0108, 0.0108, 0.0108, 0.0108, 0.0108, 0.010920000000000001, 0.010920000000000001, 0.01104, 0.01104, 0.01104, 0.01104, 0.01104, 0.011159999999999998, 0.011159999999999998, 0.011159999999999998, 0.011159999999999998, 0.011159999999999998, 0.011159999999999998, 0.011159999999999998, 0.011159999999999998, 0.011159999999999998, 0.011159999999999998, 0.011159999999999998, 0.011159999999999998, 0.011159999999999998, 0.011159999999999998, 0.011159999999999998, 0.011159999999999998, 0.011159999999999998, 0.011159999999999998, 0.011159999999999998, 0.011279999999999998, 0.011279999999999998, 0.011279999999999998, 0.011279999999999998, 0.011279999999999998, 0.011279999999999998, 0.011279999999999998, 0.011279999999999998, 0.011279999999999998, 0.011279999999999998, 0.011279999999999998, 0.011279999999999998, 0.011279999999999998, 0.011279999999999998, 0.011279999999999998, 0.011399999999999999, 0.011399999999999999, 0.011399999999999999, 0.011399999999999999, 0.011399999999999999, 0.011519999999999999, 0.011519999999999999, 0.011519999999999999, 0.011519999999999999, 0.011519999999999999, 0.011519999999999999, 0.011519999999999999, 0.011519999999999999, 0.011519999999999999, 0.011519999999999999, 0.011519999999999999, 0.011519999999999999, 0.011519999999999999, 0.011519999999999999, 0.011519999999999999, 0.01164, 0.01164, 0.01164, 0.01164, 0.01164, 0.01164, 0.01164, 0.01164, 0.01164, 0.01164, 0.01164, 0.01164, 0.01164, 0.01164, 0.01164, 0.01164, 0.01164, 0.01164, 0.01176, 0.01176, 0.01176, 0.01176, 0.01176, 0.01176, 0.01176, 0.01176, 0.01176, 0.01176, 0.01176, 0.01176, 0.01176, 0.01176, 0.01176, 0.01176, 0.01176, 0.01176, 0.01176, 0.01176, 0.01176, 0.01176, 0.01176, 0.01188, 0.01188, 0.01188, 0.01188, 0.01188, 0.01188, 0.01188, 0.01188, 0.01188, 0.01188, 0.01188, 0.01188, 0.01188, 0.01188, 0.011999999999999997, 0.012119999999999997, 0.012119999999999997, 0.012119999999999997, 0.012119999999999997, 0.012119999999999997, 0.012119999999999997, 0.012119999999999997, 0.012119999999999997, 0.012119999999999997, 0.012119999999999997, 0.012119999999999997, 0.012239999999999997, 0.012359999999999998, 0.012359999999999998, 0.012359999999999998, 0.012479999999999998, 0.012479999999999998, 0.012479999999999998, 0.012599999999999998, 0.012599999999999998, 0.012599999999999998, 0.012599999999999998, 0.012599999999999998, 0.012599999999999998, 0.012599999999999998, 0.012599999999999998, 0.012599999999999998, 0.012599999999999998, 0.012599999999999998, 0.012599999999999998, 0.012719999999999999, 0.012719999999999999, 0.012719999999999999, 0.012719999999999999, 0.012719999999999999, 0.012719999999999999, 0.012719999999999999, 0.012719999999999999, 0.012719999999999999, 0.012719999999999999, 0.012719999999999999, 0.012719999999999999, 0.012719999999999999, 0.012719999999999999, 0.012719999999999999, 0.012719999999999999, 0.012719999999999999, 0.012719999999999999, 0.012719999999999999, 0.012719999999999999, 0.012719999999999999, 0.012719999999999999, 0.012719999999999999, 0.012719999999999999, 0.012719999999999999, 0.012719999999999999, 0.012719999999999999, 0.012719999999999999, 0.012719999999999999, 0.012719999999999999, 0.012839999999999997, 0.012839999999999997, 0.012839999999999997, 0.012839999999999997, 0.012839999999999997, 0.012839999999999997, 0.012839999999999997, 0.012839999999999997, 0.012839999999999997, 0.012839999999999997, 0.012839999999999997, 0.012839999999999997, 0.012839999999999997, 0.012839999999999997, 0.012839999999999997, 0.012839999999999997, 0.012839999999999997, 0.012839999999999997, 0.012839999999999997, 0.012839999999999997, 0.012839999999999997, 0.012839999999999997, 0.012839999999999997, 0.012839999999999997, 0.012839999999999997, 0.012839999999999997, 0.012839999999999997, 0.012839999999999997, 0.012839999999999997, 0.012839999999999997, 0.012839999999999997, 0.012839999999999997, 0.012839999999999997, 0.012839999999999997, 0.012839999999999997, 0.012839999999999997, 0.012839999999999997, 0.012839999999999997, 0.012839999999999997, 0.012839999999999997, 0.012839999999999997, 0.012839999999999997, 0.012839999999999997, 0.012839999999999997, 0.012839999999999997, 0.012839999999999997, 0.012839999999999997, 0.012839999999999997, 0.012839999999999997, 0.012839999999999997, 0.012839999999999997, 0.012839999999999997, 0.012839999999999997, 0.012839999999999997, 0.012839999999999997, 0.012839999999999997, 0.012839999999999997, 0.012839999999999997, 0.012839999999999997, 0.012839999999999997, 0.012839999999999997, 0.012839999999999997, 0.012839999999999997, 0.012839999999999997, 0.012839999999999997, 0.012839999999999997, 0.012839999999999997, 0.012839999999999997, 0.012839999999999997, 0.012839999999999997, 0.012839999999999997, 0.012839999999999997, 0.012839999999999997, 0.012839999999999997, 0.012839999999999997, 0.012839999999999997, 0.012839999999999997, 0.012839999999999997, 0.012839999999999997, 0.012839999999999997, 0.012839999999999997, 0.012839999999999997, 0.012839999999999997, 0.012839999999999997, 0.012839999999999997, 0.012839999999999997, 0.012839999999999997, 0.012839999999999997, 0.012839999999999997, 0.012839999999999997, 0.012839999999999997, 0.012839999999999997, 0.012959999999999998, 0.012959999999999998, 0.012959999999999998, 0.012959999999999998, 0.012959999999999998, 0.012959999999999998, 0.012959999999999998, 0.012959999999999998, 0.012959999999999998, 0.012959999999999998, 0.012959999999999998, 0.012959999999999998, 0.012959999999999998, 0.012959999999999998, 0.013079999999999998, 0.013079999999999998, 0.013079999999999998, 0.013199999999999998, 0.013199999999999998, 0.013199999999999998, 0.013199999999999998, 0.013199999999999998, 0.013199999999999998, 0.013199999999999998, 0.013319999999999999, 0.013319999999999999, 0.013319999999999999, 0.013319999999999999, 0.013319999999999999, 0.013319999999999999, 0.013319999999999999, 0.013319999999999999, 0.013319999999999999, 0.013319999999999999, 0.013319999999999999, 0.013319999999999999, 0.013319999999999999, 0.013319999999999999, 0.013319999999999999, 0.013319999999999999, 0.013319999999999999, 0.013319999999999999, 0.013319999999999999, 0.013319999999999999, 0.013319999999999999, 0.013319999999999999, 0.013319999999999999, 0.013319999999999999, 0.013319999999999999, 0.013319999999999999, 0.013319999999999999, 0.013319999999999999, 0.013319999999999999, 0.013319999999999999, 0.013319999999999999, 0.013319999999999999, 0.013319999999999999, 0.013319999999999999, 0.013319999999999999, 0.013319999999999999, 0.013319999999999999, 0.013319999999999999, 0.013319999999999999, 0.013319999999999999, 0.013319999999999999, 0.013319999999999999, 0.013319999999999999, 0.013319999999999999, 0.013319999999999999, 0.013319999999999999, 0.013319999999999999, 0.013319999999999999, 0.013319999999999999, 0.013319999999999999, 0.013319999999999999, 0.013319999999999999, 0.013319999999999999, 0.013319999999999999, 0.013319999999999999, 0.013319999999999999, 0.013319999999999999, 0.013319999999999999, 0.013319999999999999, 0.013319999999999999, 0.013319999999999999, 0.013319999999999999, 0.013319999999999999, 0.013439999999999999, 0.013439999999999999, 0.013439999999999999, 0.013439999999999999, 0.013439999999999999, 0.013439999999999999, 0.013439999999999999, 0.013439999999999999, 0.013439999999999999, 0.013439999999999999, 0.013439999999999999, 0.013439999999999999, 0.013439999999999999, 0.013439999999999999, 0.013439999999999999, 0.013439999999999999, 0.013439999999999999, 0.013439999999999999, 0.013439999999999999, 0.013439999999999999, 0.013439999999999999, 0.013439999999999999, 0.013439999999999999, 0.013439999999999999, 0.013439999999999999, 0.013439999999999999, 0.013439999999999999, 0.013439999999999999, 0.013439999999999999, 0.013439999999999999, 0.013439999999999999, 0.013439999999999999, 0.013439999999999999, 0.01356, 0.01356, 0.01356, 0.01356, 0.01356, 0.01356, 0.01356, 0.01356, 0.01356, 0.01356, 0.01356, 0.01356, 0.01356, 0.01356, 0.01356, 0.01356, 0.01356, 0.01356, 0.01356, 0.01356, 0.01356, 0.01356, 0.01356, 0.01356, 0.01356, 0.01356, 0.01356, 0.01356, 0.01356, 0.01356, 0.01356, 0.01356, 0.01356, 0.01356, 0.01368, 0.01368, 0.01368, 0.01368, 0.01368, 0.01368, 0.01368, 0.01368, 0.01368, 0.01368, 0.01368, 0.01368, 0.01368, 0.01368, 0.01368, 0.01368, 0.01368, 0.01368, 0.01368, 0.01368, 0.01368, 0.01368, 0.01368, 0.01368, 0.01368, 0.01368, 0.01368, 0.01368, 0.01368, 0.01368, 0.01368, 0.0138, 0.0138, 0.0138, 0.0138, 0.0138, 0.0138, 0.0138, 0.0138, 0.0138, 0.0138, 0.0138, 0.0138, 0.0138, 0.0138, 0.0138, 0.0138, 0.0138, 0.0138, 0.0138, 0.0138, 0.0138, 0.0138, 0.0138, 0.0138, 0.0138, 0.0138, 0.0138, 0.0138, 0.0138, 0.0138, 0.0138, 0.0138, 0.0138, 0.0138, 0.0138, 0.0138, 0.0138, 0.0138, 0.0138, 0.0138, 0.0138, 0.0138, 0.0138, 0.0138, 0.0138, 0.0138, 0.0138, 0.0138, 0.0138, 0.0138, 0.0138, 0.0138, 0.0138, 0.0138, 0.0138, 0.0138, 0.0138, 0.0138, 0.0138, 0.0138, 0.0138, 0.0138, 0.0138, 0.0138, 0.0138, 0.0138, 0.0138, 0.0138, 0.0138, 0.0138, 0.0138, 0.0138, 0.0138, 0.0138, 0.0138, 0.0138, 0.0138, 0.0138, 0.0138, 0.0138, 0.0138, 0.0138, 0.0138, 0.0138, 0.0138, 0.0138, 0.0138, 0.0138, 0.0138, 0.0138, 0.0138, 0.0138, 0.0138, 0.0138, 0.0138, 0.0138, 0.0138, 0.0138, 0.0138, 0.0138, 0.0138, 0.0138, 0.0138, 0.0138, 0.0138, 0.0138, 0.0138, 0.0138, 0.0138, 0.013919999999999998, 0.013919999999999998, 0.013919999999999998, 0.013919999999999998, 0.013919999999999998, 0.013919999999999998, 0.013919999999999998, 0.013919999999999998, 0.013919999999999998, 0.013919999999999998, 0.013919999999999998, 0.013919999999999998, 0.013919999999999998, 0.013919999999999998, 0.013919999999999998, 0.013919999999999998, 0.013919999999999998, 0.013919999999999998, 0.013919999999999998, 0.013919999999999998, 0.013919999999999998, 0.013919999999999998, 0.013919999999999998, 0.013919999999999998, 0.013919999999999998, 0.013919999999999998, 0.013919999999999998, 0.013919999999999998, 0.013919999999999998, 0.013919999999999998, 0.013919999999999998, 0.013919999999999998, 0.013919999999999998, 0.013919999999999998, 0.013919999999999998, 0.013919999999999998, 0.013919999999999998, 0.013919999999999998, 0.013919999999999998, 0.013919999999999998, 0.013919999999999998, 0.013919999999999998, 0.013919999999999998, 0.013919999999999998, 0.013919999999999998, 0.013919999999999998, 0.013919999999999998, 0.013919999999999998, 0.013919999999999998, 0.013919999999999998, 0.013919999999999998, 0.013919999999999998, 0.013919999999999998, 0.013919999999999998, 0.013919999999999998, 0.013919999999999998, 0.013919999999999998, 0.013919999999999998, 0.013919999999999998, 0.013919999999999998, 0.013919999999999998, 0.013919999999999998, 0.013919999999999998, 0.013919999999999998, 0.013919999999999998, 0.013919999999999998, 0.013919999999999998, 0.013919999999999998, 0.013919999999999998, 0.013919999999999998, 0.013919999999999998, 0.013919999999999998, 0.013919999999999998, 0.013919999999999998, 0.013919999999999998, 0.013919999999999998, 0.013919999999999998, 0.013919999999999998, 0.013919999999999998, 0.013919999999999998, 0.013919999999999998, 0.013919999999999998, 0.013919999999999998, 0.013919999999999998, 0.013919999999999998, 0.013919999999999998, 0.013919999999999998, 0.013919999999999998, 0.013919999999999998, 0.013919999999999998, 0.013919999999999998, 0.013919999999999998, 0.013919999999999998, 0.013919999999999998, 0.013919999999999998, 0.013919999999999998, 0.013919999999999998, 0.013919999999999998, 0.013919999999999998, 0.013919999999999998, 0.013919999999999998, 0.013919999999999998, 0.013919999999999998, 0.013919999999999998, 0.013919999999999998, 0.013919999999999998, 0.013919999999999998, 0.013919999999999998, 0.013919999999999998, 0.013919999999999998, 0.013919999999999998, 0.013919999999999998, 0.013919999999999998, 0.013919999999999998, 0.013919999999999998, 0.013919999999999998, 0.013919999999999998, 0.013919999999999998, 0.013919999999999998, 0.013919999999999998, 0.013919999999999998, 0.013919999999999998, 0.013919999999999998, 0.013919999999999998, 0.013919999999999998, 0.013919999999999998, 0.013919999999999998, 0.013919999999999998, 0.013919999999999998, 0.013919999999999998, 0.013919999999999998, 0.013919999999999998, 0.013919999999999998, 0.013919999999999998, 0.013919999999999998, 0.013919999999999998, 0.013919999999999998, 0.013919999999999998, 0.013919999999999998, 0.013919999999999998, 0.013919999999999998, 0.013919999999999998, 0.013919999999999998, 0.013919999999999998, 0.013919999999999998, 0.013919999999999998, 0.013919999999999998, 0.013919999999999998, 0.013919999999999998, 0.013919999999999998, 0.013919999999999998, 0.013919999999999998, 0.013919999999999998]","[0.0, 8.0e-5, 8.0e-5, 0.00016, 0.00016, 0.00024, 0.00024, 0.00024, 0.00024, 0.00024, 0.00032, 0.00032, 0.00032, 0.00032, 0.00032, 0.00032, 0.00032, 0.00032, 0.00032, 0.00032, 0.00032, 0.0004, 0.0004, 0.0004, 0.00032, 0.00032, 0.00032, 0.00032, 0.00032, 0.00032, 0.0004, 0.0004, 0.00032, 0.00024, 0.00032, 0.00032, 0.00032, 0.0004, 0.0004, 0.00032, 0.0004, 0.0004, 0.0004, 0.0004, 0.0005600000000000001, 0.0005600000000000001, 0.0005600000000000001, 0.0005600000000000001, 0.0005600000000000001, 0.0005600000000000001, 0.0005600000000000001, 0.0005600000000000001, 0.0005600000000000001, 0.00064, 0.00072, 0.00072, 0.00072, 0.00072, 0.00064, 0.0005600000000000001, 0.0005600000000000001, 0.00048, 0.00048, 0.0004, 0.0004, 0.00048, 0.00048, 0.00064, 0.00064, 0.0005600000000000001, 0.0008, 0.0008, 0.0008, 0.0008, 0.00072, 0.00072, 0.00064, 0.00072, 0.0008, 0.0008800000000000001, 0.0008800000000000001, 0.0008800000000000001, 0.0008800000000000001, 0.0008, 0.0008, 0.0008, 0.00096, 0.0008, 0.00072, 0.00072, 0.00072, 0.00064, 0.0005600000000000001, 0.00064, 0.00064, 0.00064, 0.00064, 0.00064, 0.0005600000000000001, 0.0005600000000000001, 0.0005600000000000001, 0.0005600000000000001, 0.00064, 0.00064, 0.00064, 0.00064, 0.00064, 0.0005600000000000001, 0.0005600000000000001, 0.0005600000000000001, 0.00064, 0.00072, 0.00072, 0.00072, 0.0008, 0.0008, 0.0008, 0.0008799999999999999, 0.0008799999999999999, 0.0008, 0.0008, 0.00072, 0.00072, 0.00072, 0.00064, 0.00072, 0.00072, 0.00072, 0.0008, 0.0008, 0.0008, 0.0008, 0.0008, 0.00072, 0.00072, 0.00072, 0.0008, 0.0008, 0.00072, 0.00072, 0.00072, 0.0008, 0.00072, 0.0005600000000000001, 0.0005600000000000001, 0.0005600000000000001, 0.0005600000000000001, 0.0005600000000000001, 0.0005600000000000001, 0.0005600000000000001, 0.00064, 0.0008, 0.00072, 0.00072, 0.00064, 0.00064, 0.0005600000000000001, 0.00048, 0.00064, 0.0005600000000000001, 0.00048, 0.00048, 0.00048, 0.00048, 0.0004, 0.0004, 0.0004, 0.0004, 0.0004, 0.0004, 0.00032, 0.00032, 0.00032, 0.00032, 0.00016, 0.00024, 0.00024, 0.00024, 0.00016, 0.00016, 0.00024, 0.00024, 0.00024, 0.00024, 0.00024, 0.00032, 0.0004, 0.00048, 0.00048, 0.00048, 0.0005600000000000001, 0.00064, 0.00064, 0.0005600000000000001, 0.0005600000000000001, 0.0005600000000000001, 0.00048, 0.0005600000000000001, 0.0005600000000000001, 0.0005600000000000001, 0.0005600000000000001, 0.0005600000000000001, 0.0005600000000000001, 0.00048, 0.00048, 0.00048, 0.0004, 0.0004, 0.0004, 0.0004, 0.0004, 0.0004, 0.00032, 0.00024, 0.00024, 0.00032, 0.00032, 0.00032, 0.00032, 0.00032, 0.0004, 0.0004, 0.0004, 0.0004, 0.00032, 0.00032, 0.00032, 0.00032, 0.00032, 0.00032, 0.0004, 0.0004, 0.0004, 0.0004, 0.0004, 0.00048, 0.00048, 0.0004, 0.0004, 0.00032, 0.00032, 0.00024, 8.0e-5, 0.0, 0.00016, 0.00016, 0.00016, 0.00016, 0.00016, 0.00016, 0.00024, 0.00024, 0.00024, 0.00032, 0.00032, 0.00032, 0.00032, 0.00024, 0.00024, 0.00024, 0.00032, 0.00032, 0.00024, 0.00032, 0.0004, 0.00048, 0.0005600000000000001, 0.0005600000000000001, 0.00064, 0.0005600000000000001, 0.0005600000000000001, 0.0005600000000000001, 0.00048, 0.0004, 0.0004, 0.00048, 0.00032, 0.00048, 0.00048, 0.0004, 0.0004, 0.0004, 0.0004, 0.00032, 0.00032, 0.00032, 0.00032, 0.00024, 0.00024, 0.00016, 0.00016, 8.0e-5, 8.0e-5, 8.0e-5, 0.00016, 0.00016, 0.00016, 0.00016, 0.00024, 0.00024, 0.00024, 0.00024, 0.00032, 0.00032, 0.00032, 0.00032, 0.0004, 0.0004, 0.0004, 0.0004, 0.0004, 0.0004, 0.00048, 0.00048, 0.0005600000000000001, 0.00048, 0.00048, 0.00048, 0.0004, 0.0004, 0.0004, 0.00048, 0.00048, 0.00048, 0.0005600000000000001, 0.00048, 0.00048, 0.00048, 0.00048, 0.00048, 0.00048, 0.00048, 0.0004, 0.0004, 0.0004, 0.0004, 0.00048, 0.00048, 0.0004, 0.0004, 0.0004, 0.0004, 0.0004, 0.00032, 0.00032, 0.00032, 0.00032, 0.00032, 0.00024, 0.00024, 0.00024, 0.00024, 0.00024, 0.00024, 0.00016, 0.00016, 0.00016, 0.00016, 0.00016, 0.00016, 0.00016, 0.00016, 0.00016, 0.00016, 0.00032, 0.00032, 0.00032, 0.0004, 0.0004, 0.0004, 0.0004, 0.0004, 0.00048, 0.0005600000000000001, 0.00064, 0.0005600000000000001, 0.0005600000000000001, 0.0005600000000000001, 0.0005600000000000001, 0.0005600000000000001, 0.0005600000000000001, 0.0005600000000000001, 0.0005600000000000001, 0.0005600000000000001, 0.00064, 0.00064, 0.00072, 0.00064, 0.00064, 0.00064, 0.00064, 0.00072, 0.00064, 0.00064, 0.00064, 0.00064, 0.00064, 0.0005600000000000001, 0.0005600000000000001, 0.0005600000000000001, 0.0005600000000000001, 0.00064, 0.0005600000000000001, 0.00048, 0.00048, 0.00048, 0.0005600000000000001, 0.0005600000000000001, 0.0005600000000000001, 0.00048, 0.0005600000000000001, 0.0005600000000000001, 0.0005600000000000001, 0.0005600000000000001, 0.0005600000000000001, 0.0005600000000000001, 0.00064, 0.00064, 0.0005600000000000001, 0.00064, 0.0005600000000000001, 0.0005600000000000001, 0.0005600000000000001, 0.00048, 0.00032, 0.00032, 0.00048, 0.00048, 0.0005600000000000001, 0.0005600000000000001, 0.00048, 0.0005600000000000001, 0.0005600000000000001, 0.00048, 0.00048, 0.0004, 0.00032, 0.00024, 0.00016, 0.00016, 0.00016, 0.00016, 0.00016, 8.0e-5, 8.0e-5, 8.0e-5, 8.0e-5, 8.0e-5, 8.0e-5, 8.0e-5, 0.00016, 0.00016, 0.00016, 0.00016, 0.00016, 0.00016, 0.00016, 0.00016, 0.00016, 8.0e-5, 0.00016, 0.00016, 0.00016, 0.00016, 0.00016, 0.00016, 0.00024, 0.00024, 0.00016, 0.00016, 0.00024, 0.00032, 0.00024, 0.00024, 0.00024, 0.00032, 0.00032, 0.00032, 0.0004, 0.0004, 0.00032, 0.00032, 0.00032, 0.0004, 0.0004, 0.0004, 0.0004, 0.0004, 0.0004, 0.0004, 0.0004, 0.0004, 0.0004, 0.0004, 0.0004, 0.00048, 0.00048, 0.00048, 0.00048, 0.0005600000000000001, 0.0005600000000000001, 0.0005600000000000001, 0.00048, 0.00048, 0.00048, 0.00048, 0.0005600000000000001, 0.00048, 0.00048, 0.00048, 0.0005600000000000001, 0.00048, 0.00048, 0.00048, 0.0004, 0.0004, 0.00048, 0.00048, 0.00048, 0.0005600000000000001, 0.0005600000000000001, 0.0005600000000000001, 0.00048, 0.0004, 0.0005600000000000001, 0.0005600000000000001, 0.00072, 0.00072, 0.00072, 0.0008, 0.0008, 0.0008, 0.0008799999999999999, 0.0008799999999999999, 0.0008, 0.0008, 0.0008, 0.00072, 0.00072, 0.00072, 0.0005600000000000001, 0.00048, 0.0005600000000000001, 0.0005600000000000001, 0.0005600000000000001, 0.00048, 0.0004, 0.00032, 0.00032, 0.00032, 0.0004, 0.00024, 0.00024, 0.00024, 0.00024, 0.00032, 0.00024, 0.00024, 0.00032, 0.00032, 0.00032, 0.0004, 0.0004, 0.0005600000000000001, 0.0005600000000000001, 0.0005600000000000001, 0.00064, 0.00064, 0.00064, 0.00064, 0.00064, 0.00072, 0.00064, 0.00064, 0.00064, 0.00064, 0.00064, 0.00064, 0.00072, 0.00064, 0.0005600000000000001, 0.0004, 0.0004, 0.00048, 0.0004, 0.00032, 0.00032, 0.00032, 0.00032, 0.0004, 0.00032, 0.0004, 0.0004, 0.00048, 0.00048, 0.00048, 0.00048, 0.00048, 0.00048, 0.00032, 0.0004, 0.0004, 0.0004, 0.0004, 0.00048, 0.00048, 0.00048, 0.00048, 0.0005600000000000001, 0.00048, 0.0004, 0.0004, 0.00032, 0.00024, 0.00024, 0.00016, 8.0e-5, 8.0e-5, 8.0e-5, 8.0e-5, 8.0e-5, 8.0e-5, 8.0e-5, 8.0e-5, 8.0e-5, 8.0e-5, 8.0e-5, 0.00016, 0.00024, 0.00024, 0.00024, 0.00024, 0.00024, 0.00024, 0.00024, 0.00024, 0.00032, 0.00024, 0.00024, 0.00032, 0.00032, 0.00032, 0.00032, 0.00032, 0.0004, 0.0004, 0.0004, 0.0004, 0.00032, 0.00032, 0.00016, 0.00016, 0.00016, 0.00016, 0.00016, 0.00016, 0.00024, 0.00024, 0.00032, 0.00032, 0.00032, 0.00032, 0.00032, 0.00032, 0.00032, 0.00048, 0.0004, 0.00024, 0.00024, 0.00024, 0.00024, 0.00024, 0.00024, 0.00024, 0.00024, 0.00024, 0.00024, 0.00024, 0.00032, 0.0004, 0.0004, 0.0004, 0.0004, 0.0004, 0.0004, 0.0004, 0.0004, 0.0004, 0.0004, 0.00032, 0.00032, 0.00032, 0.00032, 0.00024, 0.00024, 0.00032, 0.00032, 0.00024, 0.00016, 0.00016, 0.00016, 0.00016, 0.00016, 0.00016, 0.00016, 0.00016, 0.00024, 0.00024, 0.00032, 0.00032, 0.00032, 0.00032, 0.0004, 0.00048, 0.0004, 0.0004, 0.0004, 0.00048, 0.00048, 0.0004, 0.0004, 0.0004, 0.00032, 0.00032, 0.00024, 0.00032, 0.00032, 0.00032, 0.00032, 0.00032, 0.00032, 0.00032, 0.00032, 0.00032, 0.00032, 0.0004, 0.0004, 0.00032, 0.00032, 0.00024, 0.00024, 0.00024, 0.00024, 0.00032, 0.00032, 0.0004, 0.0004, 0.0004, 0.00048, 0.00048, 0.00048, 0.0005600000000000001, 0.0005600000000000001, 0.00064, 0.00064, 0.00064, 0.00064, 0.00064, 0.00064, 0.00064, 0.00064, 0.00064, 0.00064, 0.00072, 0.00072, 0.00072, 0.00072, 0.00072, 0.00064, 0.00064, 0.00072, 0.0008, 0.00072, 0.00072, 0.00064, 0.0005600000000000001, 0.0005600000000000001, 0.0005600000000000001, 0.00048, 0.00048, 0.0004, 0.00048, 0.00032, 0.0004, 0.0004, 0.0004, 0.0004, 0.0004, 0.0004, 0.0004, 0.0004, 0.0004, 0.00032, 0.0004, 0.0004, 0.0004, 0.00048, 0.00048, 0.00048, 0.00048, 0.00048, 0.0005600000000000001, 0.00064, 0.00064, 0.00064, 0.00064, 0.00064, 0.0005600000000000001, 0.0005600000000000001, 0.00048, 0.00048, 0.0004, 0.0004, 0.0004, 0.0004, 0.00048, 0.00048, 0.00064, 0.00072, 0.00072, 0.00072, 0.0008, 0.00072, 0.0008, 0.0008, 0.0008, 0.0008, 0.0008, 0.0008, 0.00072, 0.00072, 0.00064, 0.00064, 0.00064, 0.00064, 0.00072, 0.00072, 0.00064, 0.00064, 0.00072, 0.0005600000000000001, 0.0005600000000000001, 0.0005600000000000001, 0.0005600000000000001, 0.00048, 0.0005600000000000001, 0.0005600000000000001, 0.0005600000000000001, 0.0005600000000000001, 0.00064, 0.00064, 0.00064, 0.00072, 0.00064, 0.00064, 0.0005600000000000001, 0.0005600000000000001, 0.00064, 0.0005600000000000001, 0.00064, 0.0005600000000000001, 0.0005600000000000001, 0.00048, 0.00048, 0.00048, 0.00048, 0.00048, 0.00048, 0.0004, 0.0004, 0.0005600000000000001, 0.00048, 0.00048, 0.0004, 0.00032, 0.00032, 0.00032, 0.00032, 0.00032, 0.00032, 0.00032, 0.00032, 0.00032, 0.00032, 0.00032, 0.00032, 0.00032, 0.00032, 0.00032, 0.0004, 0.00048, 0.00048, 0.0005600000000000001, 0.0005600000000000001, 0.00048, 0.00048, 0.0005600000000000001, 0.0005600000000000001, 0.00048, 0.00048, 0.00048, 0.00048, 0.0004, 0.00032, 0.00024, 0.00024, 0.00016, 0.00032, 0.00032, 0.00032, 0.00032, 0.00032, 0.00032, 0.0004, 0.0004, 0.00032, 0.0004, 0.0004, 0.0004, 0.00032, 0.00032, 0.00032, 0.00032, 0.00032, 0.00032, 0.00032, 0.00016, 0.00016, 0.00016, 0.00016, 0.00016, 0.00016, 0.00016, 0.00024, 0.00024, 0.00024, 0.00024, 0.00032, 0.00032, 0.00032, 0.0004, 0.0004, 0.0004, 0.0004, 0.00032, 0.00032, 0.00032, 0.00032, 0.00024, 0.00024, 0.00016, 0.00016, 0.00016, 0.00016, 0.00016, 0.00016, 0.00016, 0.00016, 0.00024, 0.00032, 0.00024, 0.00024, 0.00024, 0.00024, 0.00024, 0.00032, 0.00032, 0.0004, 0.0004, 0.00048, 0.00032, 0.0004, 0.0004, 0.0004, 0.00032, 0.0004, 0.00048, 0.00048, 0.00048, 0.0005600000000000001, 0.0005600000000000001, 0.00064, 0.00064, 0.00064, 0.0005600000000000001, 0.0005600000000000001, 0.00048, 0.0004, 0.00048, 0.0004, 0.0004, 0.0004, 0.0004, 0.0004, 0.00048, 0.00048, 0.0004, 0.00032, 0.00032, 0.00024, 0.00016, 0.00016, 0.00016, 0.00016, 8.0e-5, 0.00024, 0.00024, 0.00024, 0.00024, 0.00024, 0.00024, 0.00024, 0.00016, 0.00016, 0.00016, 0.00024, 0.00024, 0.00024, 0.00024, 0.00024, 0.00032, 0.00032, 0.00032, 0.00032, 0.00024, 0.00024, 0.00024, 0.00024, 0.00024, 0.00016, 0.00016, 0.00016, 0.00016, 0.00016, 0.00016, 0.00016, 0.00016, 0.00016, 0.00016, 0.00016, 0.00016, 0.00016, 0.00016, 0.00024, 0.00024, 0.00024, 0.00024, 0.00032, 0.00024, 0.00024, 0.00024, 0.00024, 0.00024, 0.00024, 0.00024, 0.00032, 0.00032, 0.00032, 0.00032, 0.00032, 0.00024, 0.00024, 0.00024, 0.00024, 0.00024, 0.00024, 0.00024, 0.00032, 0.00032, 0.00032, 0.0004, 0.00032, 0.00032, 0.00024, 0.00024, 0.0004, 0.0004, 0.0004, 0.0004, 0.0004, 0.0004, 0.00032, 0.00032, 0.00032, 0.00032, 0.00032, 0.00032, 0.00032, 0.0004, 0.0004, 0.0004, 0.0004, 0.0004, 0.0004, 0.00032, 0.0004, 0.0004, 0.0004, 0.0004, 0.00032, 0.00032, 0.00024, 0.00024, 0.0004, 0.00048, 0.00048, 0.0005600000000000001, 0.0005600000000000001, 0.0005600000000000001, 0.00048, 0.00048, 0.00048, 0.0004, 0.0004, 0.00032, 0.0004, 0.00048, 0.00048, 0.0005600000000000001, 0.00064, 0.0008, 0.0008, 0.0008, 0.0008799999999999999, 0.0008799999999999999, 0.0008799999999999999, 0.0008799999999999999, 0.00096, 0.0008799999999999999, 0.0008, 0.0008, 0.00096, 0.0010400000000000001, 0.0008799999999999999, 0.00064, 0.0005600000000000001, 0.0005600000000000001, 0.0005600000000000001, 0.0005600000000000001, 0.0005600000000000001, 0.0005600000000000001, 0.00064, 0.00064, 0.00064, 0.00064, 0.00064, 0.00072, 0.00064, 0.00064, 0.00064, 0.00064, 0.0005600000000000001, 0.0005600000000000001, 0.00048, 0.00048, 0.00048, 0.0004, 0.0004, 0.0004, 0.00048, 0.00048, 0.00048, 0.00048, 0.0004, 0.00032, 0.0004, 0.0004, 0.00048, 0.00048, 0.00048, 0.00048, 0.0004, 0.0004, 0.0004, 0.00032, 0.00032, 0.00032, 0.00032, 0.00024, 0.00024, 0.00024, 0.00024, 0.00024, 0.00024, 0.00024, 0.00024, 0.00024, 0.00024, 0.00024, 0.00032, 0.00032, 0.00048, 0.00048, 0.0004, 0.00032, 0.00032, 0.00024, 0.00024, 0.00024, 0.00024, 0.00024, 0.00024, 0.00024, 0.00024, 0.00024, 0.00024, 0.00024, 0.00016, 0.00016, 0.00016, 0.00024, 0.00024, 0.00032, 0.00024, 0.00024, 0.0004, 0.0004, 0.0004, 0.00032, 0.0004, 0.0004, 0.0004, 0.0004, 0.0005600000000000001, 0.00048, 0.0004, 0.00048, 0.00048, 0.00048, 0.0005600000000000001, 0.00072, 0.0005600000000000001, 0.0005600000000000001, 0.0005600000000000001, 0.00064, 0.0005600000000000001, 0.0005600000000000001, 0.0005600000000000001, 0.0005600000000000001, 0.0005600000000000001, 0.0005600000000000001, 0.0005600000000000001, 0.0005600000000000001, 0.0005600000000000001, 0.0005600000000000001, 0.00064, 0.0005600000000000001, 0.0005600000000000001, 0.0005600000000000001, 0.0005600000000000001, 0.00048, 0.0005600000000000001, 0.0005600000000000001, 0.0005600000000000001, 0.00048, 0.0004, 0.0005600000000000001, 0.00064, 0.00064, 0.00064, 0.00064, 0.00064, 0.0005600000000000001, 0.0005600000000000001, 0.0005600000000000001, 0.0005600000000000001, 0.0005600000000000001, 0.0005600000000000001, 0.0005600000000000001, 0.0005600000000000001, 0.0005600000000000001, 0.00048, 0.00064, 0.0005600000000000001, 0.0005600000000000001, 0.0005600000000000001, 0.0005600000000000001, 0.00048, 0.0004, 0.00048, 0.00048, 0.00048, 0.0004, 0.0004, 0.00048, 0.00048, 0.00048, 0.00048, 0.0005600000000000001, 0.0005600000000000001, 0.0005600000000000001, 0.0005600000000000001, 0.0005600000000000001, 0.0005600000000000001, 0.0005600000000000001, 0.0005600000000000001, 0.0005600000000000001, 0.0005600000000000001, 0.0005600000000000001, 0.0005600000000000001, 0.0005600000000000001, 0.0005600000000000001, 0.0005600000000000001, 0.0005600000000000001, 0.00064, 0.00064, 0.0005600000000000001, 0.0005600000000000001, 0.0005600000000000001, 0.0005600000000000001, 0.0005600000000000001, 0.0005600000000000001, 0.00064, 0.0008799999999999999, 0.0008799999999999999, 0.0008, 0.00072, 0.00072, 0.00064, 0.00064, 0.00064, 0.00064, 0.00072, 0.00072, 0.00072, 0.00072, 0.00064, 0.0005600000000000001, 0.0005600000000000001, 0.0005600000000000001, 0.00048, 0.00048, 0.00048, 0.00048, 0.0004, 0.0004, 0.00032, 0.00032, 0.0004, 0.00048, 0.0004, 0.0004, 0.0004, 0.0005600000000000001, 0.00048, 0.0004, 0.00048, 0.00048, 0.00048, 0.0005600000000000001, 0.0005600000000000001, 0.0005600000000000001, 0.0005600000000000001, 0.0005600000000000001, 0.0005600000000000001, 0.0005600000000000001, 0.00064, 0.0008, 0.0008, 0.0008799999999999999, 0.0008799999999999999, 0.0008, 0.0008, 0.0008, 0.00072, 0.00072, 0.00072, 0.00072, 0.00072, 0.00064, 0.00064, 0.00064, 0.0005600000000000001, 0.0005600000000000001, 0.0005600000000000001, 0.0005600000000000001, 0.0005600000000000001, 0.0005600000000000001, 0.00048, 0.00048, 0.00048, 0.0004, 0.0004, 0.0004, 0.0004, 0.0004, 0.00048, 0.0005600000000000001, 0.0005600000000000001, 0.00064, 0.0005600000000000001, 0.0005600000000000001, 0.0005600000000000001, 0.0005600000000000001, 0.0005600000000000001, 0.0005600000000000001, 0.0005600000000000001, 0.00064, 0.00064, 0.0005600000000000001, 0.0005600000000000001, 0.0005600000000000001, 0.00048, 0.00048, 0.00048, 0.0004, 0.0004, 0.00032, 0.00032, 0.00032, 0.00032, 0.00032, 0.00032, 0.00024, 0.00032, 0.00032, 0.00032, 0.00024, 0.00024, 0.00024, 0.00032, 0.00032, 0.00032, 0.00032, 0.00032, 0.00032, 0.00032, 0.0004, 0.0004, 0.0004, 0.0004, 0.00048, 0.00048, 0.00048, 0.00048, 0.00048, 0.00048, 0.00048, 0.00048, 0.0005600000000000001, 0.0005600000000000001, 0.0005600000000000001, 0.00064, 0.00072, 0.00064, 0.00064, 0.00064, 0.00072, 0.00064, 0.00072, 0.00072, 0.00064, 0.0005600000000000001, 0.0005600000000000001, 0.0005600000000000001, 0.0005600000000000001, 0.0005600000000000001, 0.0005600000000000001, 0.00048, 0.00048, 0.00032, 0.00032, 0.00032, 0.00032, 0.00032, 0.00024, 0.00024, 0.00032, 0.00032, 0.0004, 0.00048, 0.0005600000000000001, 0.0005600000000000001, 0.0005600000000000001, 0.0005600000000000001, 0.0005600000000000001, 0.00064, 0.0005600000000000001, 0.0005600000000000001, 0.00048, 0.0004, 0.0004, 0.0004, 0.0004, 0.0004, 0.00032, 0.0004, 0.0004, 0.0004, 0.00032, 0.00032, 0.0004, 0.00048, 0.0005600000000000001, 0.0004, 0.0004, 0.0004, 0.0004, 0.0005600000000000001, 0.0005600000000000001, 0.0005600000000000001, 0.0005600000000000001, 0.0005600000000000001, 0.0005600000000000001, 0.0005600000000000001, 0.00048, 0.00048, 0.00048, 0.00048, 0.0005600000000000001, 0.0005600000000000001, 0.0005600000000000001, 0.00072, 0.00072, 0.00072, 0.00072, 0.00072, 0.00064, 0.00072, 0.00072, 0.00072, 0.00072, 0.00064, 0.00072, 0.0008, 0.0008, 0.0008, 0.0008, 0.0008, 0.0008799999999999999, 0.0008, 0.0008, 0.00072, 0.00072, 0.00064, 0.00064, 0.00064, 0.0005600000000000001, 0.00048, 0.00048, 0.00048, 0.0004, 0.0004, 0.00048, 0.0004, 0.0004, 0.0004, 0.0004, 0.00032, 0.0004, 0.0004, 0.0004, 0.0004, 0.0004, 0.0004, 0.0004, 0.0004, 0.0004, 0.0004, 0.0004, 0.0004, 0.0004, 0.00032, 0.00032, 0.00024, 0.00024, 0.00032, 0.00024, 0.00024, 0.00016, 0.00024, 0.00024, 0.00024, 0.00032, 0.00032, 0.00032, 0.00032, 0.0004, 0.0004, 0.0004, 0.0004, 0.00048, 0.00048, 0.00048, 0.00048, 0.00048, 0.00048, 0.00048, 0.00048, 0.0005600000000000001, 0.00064, 0.00064, 0.00064, 0.00064, 0.00064, 0.00072, 0.00064, 0.0005600000000000001, 0.0005600000000000001, 0.0005600000000000001, 0.0005600000000000001, 0.00048, 0.00064, 0.00064, 0.00064, 0.00064, 0.00064, 0.00064, 0.00064, 0.00072, 0.00072, 0.00064, 0.00064, 0.00064, 0.00072, 0.00064, 0.00064, 0.00064, 0.00072, 0.00064, 0.00064, 0.00064, 0.00064, 0.00064, 0.00064, 0.0005600000000000001, 0.0005600000000000001, 0.0005600000000000001, 0.0005600000000000001, 0.0005600000000000001, 0.00064, 0.00064, 0.00064, 0.00064, 0.00064, 0.00064, 0.00064, 0.00064, 0.00064, 0.00064, 0.0005600000000000001, 0.0005600000000000001, 0.00072, 0.00064, 0.00072, 0.00064, 0.00072, 0.00048, 0.00048, 0.00048, 0.00048, 0.0004, 0.0004, 0.0004, 0.00048, 0.00064, 0.0005600000000000001, 0.0005600000000000001, 0.00064, 0.00064, 0.00064, 0.00064, 0.0005600000000000001, 0.0005600000000000001, 0.0005600000000000001, 0.0005600000000000001, 0.00048, 0.00048, 0.00048, 0.00048, 0.0004, 0.0004, 0.0004, 0.0004, 0.0004, 0.00048, 0.00048, 0.0005600000000000001, 0.0005600000000000001, 0.0005600000000000001, 0.00048, 0.00048, 0.0005600000000000001, 0.00064, 0.00064, 0.00064, 0.0005600000000000001, 0.0005600000000000001, 0.0005600000000000001, 0.0005600000000000001, 0.00064, 0.0005600000000000001, 0.0005600000000000001, 0.0005600000000000001, 0.00048, 0.0005600000000000001, 0.0005600000000000001, 0.0005600000000000001, 0.0005600000000000001, 0.00048, 0.0004, 0.0004, 0.00048, 0.00048, 0.00048, 0.0004, 0.0004, 0.0005600000000000001, 0.0005600000000000001, 0.0005600000000000001, 0.0004, 0.0004, 0.0004, 0.0004, 0.0004, 0.0004, 0.0004, 0.0004, 0.0004, 0.0004, 0.0004, 0.00032, 0.00032, 0.00032, 0.00032, 0.00032, 0.00032, 0.00032, 0.00032, 0.00032, 0.00024, 0.00032, 0.00032, 0.00032, 0.00032, 0.00032, 0.0004, 0.0004, 0.0005600000000000001, 0.0005600000000000001, 0.0005600000000000001, 0.00064, 0.00072, 0.0008, 0.0008, 0.00072, 0.00072, 0.00064, 0.00064, 0.00064, 0.00064, 0.00048, 0.00048, 0.0004, 0.0004, 0.0004, 0.0004, 0.00032, 0.00032, 0.00032, 0.00032, 0.0004, 0.00032, 0.00024, 0.00024, 0.00024, 0.00024, 0.00024, 0.00032, 0.0004, 0.0004, 0.0004, 0.00048, 0.00048, 0.00048, 0.0005600000000000001, 0.0005600000000000001, 0.0005600000000000001, 0.00064, 0.00064, 0.00072, 0.00072, 0.0008, 0.0008, 0.00072, 0.00072, 0.00072, 0.00072, 0.00072, 0.00072, 0.00072, 0.00072, 0.00072, 0.0008, 0.0008, 0.0008, 0.0008, 0.0008799999999999999, 0.0008799999999999999, 0.00096, 0.0008799999999999999, 0.00064, 0.00072, 0.00072, 0.00072, 0.00072, 0.00072, 0.00072, 0.00072, 0.00072, 0.0008, 0.0008, 0.00072, 0.00064, 0.00064, 0.0005600000000000001, 0.00032, 0.00032, 0.00032, 0.00024, 8.0e-5, 8.0e-5, 0.00016, 0.00016, 0.00016, 0.00016, 0.00016, 0.00016, 0.00016, 0.00016, 0.00016, 8.0e-5, 8.0e-5, 0.00016, 0.00016, 0.00016, 0.00016, 0.00024, 0.00024, 0.00024, 0.00024, 0.00024, 0.00024, 0.00024, 0.00024, 0.00024, 0.00024, 0.00024, 0.00024, 0.00024, 0.0004, 0.0004, 0.00032, 0.00032, 0.00032, 0.00032, 0.0004, 0.00032, 0.00032, 0.00032, 0.00032, 0.00024, 0.00016, 0.00016, 0.00016, 0.00016, 8.0e-5, 8.0e-5, 8.0e-5, 8.0e-5, 8.0e-5, 8.0e-5, 8.0e-5, 8.0e-5, 8.0e-5, 8.0e-5, 8.0e-5, 0.0, 0.0, 0.0, 0.0, 0.0, 8.0e-5, 8.0e-5, 8.0e-5, 8.0e-5, 0.0, 0.0, 0.0, 0.0, 0.0, 0.0, 0.0, 0.0, 0.0, 0.0, 0.0, 0.0, 0.0, 0.0, 8.0e-5, 8.0e-5, 8.0e-5, 8.0e-5, 0.00016, 0.00016, 0.00016, 0.00016, 0.00016, 0.00016, 8.0e-5, 0.0, 8.0e-5, 8.0e-5, 0.00016, 0.00016, 8.0e-5, 0.0, 0.0, 8.0e-5, 8.0e-5, 8.0e-5, 8.0e-5, 8.0e-5, 8.0e-5, 8.0e-5, 8.0e-5, 8.0e-5, 8.0e-5, 8.0e-5, 8.0e-5, 8.0e-5, 8.0e-5, 8.0e-5, 8.0e-5, 8.0e-5, 8.0e-5, 8.0e-5, 0.00016, 0.00024, 0.00024, 0.00024, 0.00024, 0.00024, 0.00024, 0.00016, 0.00016, 8.0e-5, 0.00016, 0.00016, 0.00016, 0.00016, 0.00016, 0.00016, 0.00016, 0.00016, 0.00016, 0.00016, 0.00016, 0.00016, 0.00016, 0.00016, 0.00016, 0.00016, 0.00016, 0.00016, 0.00016, 8.0e-5, 8.0e-5, 8.0e-5, 0.0, 8.0e-5, 8.0e-5, 8.0e-5, 0.00016, 0.00016, 0.00016, 8.0e-5, 8.0e-5, 8.0e-5, 8.0e-5, 8.0e-5, 8.0e-5, 8.0e-5, 0.00016, 0.00016, 0.00016, 0.00016, 0.00016, 0.00016, 0.00016, 0.00024, 0.00032, 0.00032, 0.00032, 0.00032, 0.00032, 0.0004, 0.00048, 0.00048, 0.00048, 0.0004, 0.0004, 0.0004, 0.0004, 0.00032, 0.00032, 0.00032, 0.00024, 0.00024, 0.00024, 0.00032, 0.00032, 0.00032, 0.00032, 0.00032, 0.00032, 0.0004, 0.0004, 0.0004, 0.0004, 0.0004, 0.00032, 0.00032, 0.00032, 0.00032, 0.00032, 0.00032, 0.00032, 0.00032, 0.00032, 0.00032, 0.00032, 0.00032, 0.00032, 0.00032, 0.00032, 0.00032, 0.00032, 0.00032, 0.00024, 0.00024, 0.00024, 0.00016, 0.00016, 0.00016, 0.00016, 0.00016, 0.00016, 8.0e-5, 8.0e-5, 8.0e-5, 0.0, 0.0, 8.0e-5, 8.0e-5, 8.0e-5, 8.0e-5, 8.0e-5, 8.0e-5, 8.0e-5, 0.00016, 0.00016, 0.00016, 0.00016, 0.00016, 0.00016, 0.00016, 0.00016, 0.00016, 0.00016, 0.00016, 0.00024, 0.00016, 0.00016, 0.00016, 0.00016, 0.00016, 0.00016, 0.00016, 0.00016, 0.00016, 0.00016, 0.00016, 0.00016, 0.00016, 0.00016, 0.00016, 0.00016, 0.00016, 0.00016, 0.00016, 0.00016, 0.00016, 0.00016, 0.00016, 0.00016, 0.00016, 0.00016, 0.00016, 0.00016, 0.00016, 0.00016, 0.00016, 0.00016, 0.00016, 0.00016, 8.0e-5, 8.0e-5, 0.0, 8.0e-5, 8.0e-5, 8.0e-5, 8.0e-5, 8.0e-5, 8.0e-5, 8.0e-5, 8.0e-5, 8.0e-5, 8.0e-5, 8.0e-5, 8.0e-5, 8.0e-5, 8.0e-5, 8.0e-5, 8.0e-5, 8.0e-5, 8.0e-5, 8.0e-5, 8.0e-5, 8.0e-5, 8.0e-5, 8.0e-5, 8.0e-5, 8.0e-5, 8.0e-5, 0.00016, 0.00016, 8.0e-5, 0.0, 0.0, 0.0, 0.0, 0.0, 0.0, 0.0, 0.0, 0.0, 0.0, 0.0, 0.0, 0.0, 0.0, 0.0, 0.0, 0.0, 0.0, 0.0, 0.0, 0.0, 0.0, 0.0, 0.0, 0.0, 0.0, 0.0, 0.0, 0.0, 0.0, 0.0, 0.0, 0.0, 0.0, 0.0, 0.0, 0.0, 0.0, 0.0, 0.0, 0.0, 0.0, 0.0, 0.0, 0.0, 0.0, 0.0, 0.0, 0.0, 0.0, 0.0, 0.0, 0.0, 8.0e-5, 8.0e-5, 8.0e-5, 8.0e-5, 8.0e-5, 8.0e-5, 8.0e-5, 8.0e-5, 8.0e-5, 8.0e-5, 0.00016, 8.0e-5, 8.0e-5, 8.0e-5, 8.0e-5, 8.0e-5, 8.0e-5, 8.0e-5, 8.0e-5, 8.0e-5, 8.0e-5, 8.0e-5, 8.0e-5, 8.0e-5, 8.0e-5, 8.0e-5, 8.0e-5, 0.00016, 0.00016, 0.00016, 0.00016, 0.00016, 0.00016, 0.00016, 0.00016, 0.00016, 0.00016, 0.00016, 0.00016, 0.00016, 0.00016, 0.00016, 0.00016, 0.00016, 0.00016, 0.00016, 0.00016, 0.00016, 0.00016, 0.00016, 0.00016, 0.00016, 0.00016, 0.00016, 0.00016, 8.0e-5, 8.0e-5, 8.0e-5, 8.0e-5, 8.0e-5, 8.0e-5, 8.0e-5, 8.0e-5, 8.0e-5, 8.0e-5, 0.0, 0.0, 0.0, 0.0, 0.0, 0.0, 0.0, 0.0, 0.0, 0.0, 0.0, 0.0, 0.0, 0.0, 0.0, 0.0, 0.0, 0.0, 0.0, 0.0, 0.0, 0.0, 0.0, 0.0, 0.0, 0.0, 0.0, 0.0, 0.0, 0.0, 0.0, 0.0, 0.0, 0.0, 0.0, 0.0, 0.0, 0.0, 0.0, 0.0, 0.0, 0.0, 0.0, 0.0, 0.0, 0.0, 0.0, 0.0, 0.0, 0.0, 0.0, 0.0, 0.0, 0.0, 0.0, 0.0, 0.0, 0.0, 0.0, 0.0, 0.0, 0.0, 0.0, 0.0, 0.0, 0.0, 0.0, 0.0, 0.0, 0.0, 0.0, 0.0, 0.0, 0.0, 0.0, 0.0, 0.0, 0.0, 0.0, 0.0, 0.0, 0.0, 0.0, 0.0, 0.0, 0.0, 0.0, 0.0, 0.0, 0.0, 0.0, 0.0, 0.0, 8.0e-5, 8.0e-5, 8.0e-5, 8.0e-5, 8.0e-5, 8.0e-5, 8.0e-5, 8.0e-5, 8.0e-5, 0.0, 0.0, 0.0, 0.0, 0.0, 0.0, 0.0, 0.0, 0.0, 0.0, 0.0, 0.0, 0.0, 0.0, 0.0, 0.0, 0.0, 0.0, 0.0, 0.0, 0.0, 0.0, 0.0, 0.0, 0.0, 0.0, 0.0, 0.0, 0.0, 0.0, 0.0, 0.0, 0.0, 0.0, 0.0, 0.0, 0.0, 0.0, 0.0, 0.0, 8.0e-5]","[0.0, 0.0, 0.0, 0.0, 0.0, 0.0, 0.0, 0.0, 0.0, 0.0, 0.0, 0.0, 0.0, 0.0, 0.0, 0.0, 0.0, 0.0, 0.0, 0.0, 0.0, 0.0, 0.0, 0.0, 0.0, 0.0, 0.0, 0.0, 0.0, 0.0, 0.0, 0.0, 0.0, 0.0, 0.0, 0.0, 0.0, 0.0, 0.0, 0.0, 0.0, 0.0, 0.0, 0.0, 0.0, 0.0, 0.0, 0.0, 0.0, 0.0, 0.0, 0.0, 0.0, 0.0, 0.0, 0.0, 0.0, 0.0, 0.000848528137423857, 0.0011876919823329444, 0.0011876919823329444, 0.0011876919823329444, 0.0011876919823329444, 0.0011876919823329444, 0.0011876919823329444, 0.0011876919823329444, 0.0011876919823329444, 0.0011876919823329444, 0.0011876919823329444, 0.0011876919823329444, 0.0011876919823329444, 0.0011876919823329444, 0.0011876919823329444, 0.0011876919823329444, 0.0011876919823329444, 0.0011876919823329444, 0.0014393876248925714, 0.0014393876248925714, 0.0014393876248925714, 0.0014393876248925714, 0.0014393876248925714, 0.0014393876248925714, 0.0014393876248925714, 0.0016442850937072179, 0.0016442850937072179, 0.0016442850937072179, 0.0016442850937072179, 0.0021852940772540508, 0.0023126978679826357, 0.0023126978679826357, 0.0023126978679826357, 0.0023126978679826357, 0.0023126978679826357, 0.0023126978679826357, 0.0024273946728867934, 0.00253111252461144, 0.00253111252461144, 0.00253111252461144, 0.0026251530567623234, 0.0026251530567623234, 0.0026251530567623234, 0.0026251530567623234, 0.0026251530567623234, 0.0026251530567623234, 0.0026251530567623234, 0.0026251530567623234, 0.0026251530567623234, 0.002710523708715754, 0.002710523708715754, 0.002710523708715754, 0.002710523708715754, 0.002710523708715754, 0.002710523708715754, 0.002710523708715754, 0.002710523708715754, 0.002710523708715754, 0.002710523708715754, 0.002710523708715754, 0.002710523708715754, 0.002710523708715754, 0.002710523708715754, 0.002710523708715754, 0.002710523708715754, 0.002710523708715754, 0.002710523708715754, 0.002710523708715754, 0.002710523708715754, 0.002710523708715754, 0.002788021022964102, 0.002788021022964102, 0.002788021022964102, 0.002788021022964102, 0.002788021022964102, 0.002788021022964102, 0.002788021022964102, 0.002788021022964102, 0.002788021022964102, 0.002788021022964102, 0.002788021022964102, 0.002788021022964102, 0.002788021022964102, 0.002788021022964102, 0.002788021022964102, 0.0028582854858056686, 0.0028582854858056686, 0.0028582854858056686, 0.0028582854858056686, 0.0028582854858056686, 0.0028582854858056686, 0.0028582854858056686, 0.0028582854858056686, 0.0028582854858056686, 0.0028582854858056686, 0.0028582854858056686, 0.0028582854858056686, 0.0028582854858056686, 0.0029218389512673105, 0.0029218389512673105, 0.0029218389512673105, 0.0029218389512673105, 0.0029218389512673105, 0.0029218389512673105, 0.0029218389512673105, 0.0029218389512673105, 0.0029218389512673105, 0.0029218389512673105, 0.0029218389512673105, 0.0029218389512673105, 0.0029218389512673105, 0.0029218389512673105, 0.0029218389512673105, 0.0029218389512673105, 0.0029218389512673105, 0.0029218389512673105, 0.0029218389512673105, 0.0029218389512673105, 0.0029218389512673105, 0.0029218389512673105, 0.0029218389512673105, 0.0029218389512673105, 0.0029218389512673105, 0.0029218389512673105, 0.0029218389512673105, 0.0029218389512673105, 0.0029218389512673105, 0.0029218389512673105, 0.0029218389512673105, 0.0029218389512673105, 0.0029218389512673105, 0.0029218389512673105, 0.0029218389512673105, 0.0029218389512673105, 0.0029218389512673105, 0.0034371321695594436, 0.0034371321695594436, 0.0034371321695594436, 0.0034371321695594436, 0.0034371321695594436, 0.0034371321695594436, 0.0034371321695594436, 0.0034371321695594436, 0.0034371321695594436, 0.0034371321695594436, 0.0034371321695594436, 0.0034371321695594436, 0.0034371321695594436, 0.0034371321695594436, 0.0034371321695594436, 0.0034371321695594436, 0.0034371321695594436, 0.0036867108287325545, 0.0036867108287325545, 0.003916683311587153, 0.003916683311587153, 0.003916683311587153, 0.003916683311587153, 0.003916683311587153, 0.003916683311587153, 0.003916683311587153, 0.003916683311587153, 0.003916683311587153, 0.003916683311587153, 0.003916683311587153, 0.003948443247867779, 0.003948443247867779, 0.003948443247867779, 0.003948443247867779, 0.003948443247867779, 0.003948443247867779, 0.003948443247867779, 0.003948443247867779, 0.003948443247867779, 0.003948443247867779, 0.003976256058769098, 0.003976256058769098, 0.003976256058769098, 0.003976256058769098, 0.004000204076426754, 0.004000204076426754, 0.004000204076426754, 0.004000204076426754, 0.004020356365562939, 0.004020356365562939, 0.004020356365562939, 0.004020356365562939, 0.004020356365562939, 0.004020356365562939, 0.004020356365562939, 0.004020356365562939, 0.004020356365562939, 0.004020356365562939, 0.004020356365562939, 0.004020356365562939, 0.004020356365562939, 0.004020356365562939, 0.004020356365562939, 0.004020356365562939, 0.004020356365562939, 0.004020356365562939, 0.004020356365562939, 0.004020356365562939, 0.004020356365562939, 0.004020356365562939, 0.004020356365562939, 0.004020356365562939, 0.004020356365562939, 0.004020356365562939, 0.004020356365562939, 0.004020356365562939, 0.004020356365562939, 0.004020356365562939, 0.004020356365562939, 0.004214842578220885, 0.004214842578220885, 0.004214842578220885, 0.004214842578220885, 0.004214842578220885, 0.004214842578220885, 0.004214842578220885, 0.004214842578220885, 0.004214842578220885, 0.004214842578220885, 0.004214842578220885, 0.004214842578220885, 0.004214842578220885, 0.004214842578220885, 0.004214842578220885, 0.004214842578220885, 0.004214842578220885, 0.004227026744893013, 0.004227026744893013, 0.004227026744893013, 0.004227026744893013, 0.004227026744893013, 0.004227026744893013, 0.004227026744893013, 0.004227026744893013, 0.004227026744893013, 0.004227026744893013, 0.004227026744893013, 0.004227026744893013, 0.004227026744893013, 0.004227026744893013, 0.004227026744893013, 0.004227026744893013, 0.004227026744893013, 0.004227026744893013, 0.004227026744893013, 0.004227026744893013, 0.004227026744893013, 0.004227026744893013, 0.004227026744893013, 0.004227026744893013, 0.004227026744893013, 0.004227026744893013, 0.004227026744893013, 0.004227026744893013, 0.004227026744893013, 0.004227026744893013, 0.004227026744893013, 0.004227026744893013, 0.004227026744893013, 0.004227026744893013, 0.004227026744893013, 0.004227026744893013, 0.004227026744893013, 0.004227026744893013, 0.004227026744893013, 0.004227026744893013, 0.004227026744893013, 0.004227026744893013, 0.004227026744893013, 0.004227026744893013, 0.004227026744893013, 0.004227026744893013, 0.004227026744893013, 0.004227026744893013, 0.004227026744893013, 0.004227026744893013, 0.004227026744893013, 0.004227026744893013, 0.004227026744893013, 0.004227026744893013, 0.004227026744893013, 0.004227026744893013, 0.004227026744893013, 0.004227026744893013, 0.004227026744893013, 0.004227026744893013, 0.004227026744893013, 0.004227026744893013, 0.004227026744893013, 0.004227026744893013, 0.004227026744893013, 0.004227026744893013, 0.004227026744893013, 0.004227026744893013, 0.004227026744893013, 0.004227026744893013, 0.004227026744893013, 0.004227026744893013, 0.004227026744893013, 0.004227026744893013, 0.004227026744893013, 0.004227026744893013, 0.004227026744893013, 0.004227026744893013, 0.004227026744893013, 0.004227026744893013, 0.004227026744893013, 0.004227026744893013, 0.004227026744893013, 0.004227026744893013, 0.004227026744893013, 0.004227026744893013, 0.004227026744893013, 0.004227026744893013, 0.004227026744893013, 0.004227026744893013, 0.004227026744893013, 0.004227026744893013, 0.004227026744893013, 0.004227026744893013, 0.004227026744893013, 0.004227026744893013, 0.004227026744893013, 0.004227026744893013, 0.004227026744893013, 0.004227026744893013, 0.004227026744893013, 0.004227026744893013, 0.004227026744893013, 0.004227026744893013, 0.004227026744893013, 0.004227026744893013, 0.004227026744893013, 0.004227026744893013, 0.004569463863518345, 0.004569463863518345, 0.004569463863518345, 0.004569463863518345, 0.004569463863518345, 0.004732173854345918, 0.004732173854345918, 0.004732173854345918, 0.004732173854345918, 0.004732173854345918, 0.004732173854345918, 0.004732173854345918, 0.004732173854345918, 0.004732173854345918, 0.004732173854345918, 0.004732173854345918, 0.004732173854345918, 0.004732173854345918, 0.004732173854345918, 0.004732173854345918, 0.004732173854345918, 0.004732173854345918, 0.004732173854345918, 0.004732173854345918, 0.004732173854345918, 0.004732173854345918, 0.004732173854345918, 0.004732173854345918, 0.004732173854345918, 0.004732173854345918, 0.004732173854345918, 0.004732173854345918, 0.004732173854345918, 0.004732173854345918, 0.004732173854345918, 0.004732173854345918, 0.0047337261502231115, 0.0047337261502231115, 0.0047337261502231115, 0.004732173854345918, 0.004732173854345918, 0.0047275139085043456, 0.0047275139085043456, 0.0047275139085043456, 0.0047275139085043456, 0.0047275139085043456, 0.004872915566932078, 0.004872915566932078, 0.004872915566932078, 0.004872915566932078, 0.004872915566932078, 0.004872915566932078, 0.004872915566932078, 0.004872915566932078, 0.004862350149834114, 0.004862350149834114, 0.004862350149834114, 0.004862350149834114, 0.004862350149834114, 0.004862350149834114, 0.004862350149834114, 0.004862350149834114, 0.004862350149834114, 0.004862350149834114, 0.004862350149834114, 0.004862350149834114, 0.004862350149834114, 0.004862350149834114, 0.004862350149834114, 0.004862350149834114, 0.004862350149834114, 0.005283783431116266, 0.005283783431116266, 0.005283783431116266, 0.005283783431116266, 0.005283783431116266, 0.005283783431116266, 0.005283783431116266, 0.005283783431116266, 0.005283783431116266, 0.005283783431116266, 0.005283783431116266, 0.005283783431116266, 0.005268466066501477, 0.005268466066501477, 0.005268466066501477, 0.005268466066501477, 0.005268466066501477, 0.005268466066501477, 0.005268466066501477, 0.005268466066501477, 0.005268466066501477, 0.005268466066501477, 0.005268466066501477, 0.005268466066501477, 0.005268466066501477, 0.005268466066501477, 0.005268466066501477, 0.005268466066501477, 0.005268466066501477, 0.005268466066501477, 0.005250306113524648, 0.005250306113524648, 0.005250306113524648, 0.005250306113524648, 0.005250306113524648, 0.005250306113524648, 0.005250306113524648, 0.005250306113524648, 0.005250306113524648, 0.005250306113524648, 0.005250306113524648, 0.005250306113524648, 0.005250306113524648, 0.005250306113524648, 0.005250306113524648, 0.005250306113524648, 0.005250306113524648, 0.005250306113524648, 0.005250306113524648, 0.005250306113524648, 0.005250306113524648, 0.005250306113524648, 0.005250306113524648, 0.005250306113524648, 0.005250306113524648, 0.005250306113524648, 0.005250306113524648, 0.005250306113524648, 0.005250306113524648, 0.005250306113524648, 0.005250306113524648, 0.005250306113524648, 0.005250306113524648, 0.005250306113524648, 0.005250306113524648, 0.005250306113524648, 0.005229273957486735, 0.005229273957486735, 0.005229273957486735, 0.005229273957486735, 0.005229273957486735, 0.005229273957486735, 0.005229273957486735, 0.005229273957486735, 0.005229273957486735, 0.005229273957486735, 0.005229273957486735, 0.005229273957486735, 0.005205334783093363, 0.005205334783093363, 0.005205334783093363, 0.005205334783093363, 0.005205334783093363, 0.005205334783093363, 0.005205334783093363, 0.005205334783093363, 0.005205334783093363, 0.005205334783093363, 0.005205334783093363, 0.005205334783093363, 0.005205334783093363, 0.005205334783093363, 0.005205334783093363, 0.005205334783093363, 0.005205334783093363, 0.005205334783093363, 0.005205334783093363, 0.005205334783093363, 0.005205334783093363, 0.005205334783093363, 0.005205334783093363, 0.005205334783093363, 0.005205334783093363, 0.005205334783093363, 0.005178448274397674, 0.00542646575703237, 0.00542646575703237, 0.00542646575703237, 0.00542646575703237, 0.00542646575703237, 0.00542646575703237, 0.00542646575703237, 0.00542646575703237, 0.005395235993779274, 0.005395235993779274, 0.005395235993779274, 0.005395235993779274, 0.00549641812864505, 0.00549641812864505, 0.00549641812864505, 0.00549641812864505, 0.00549641812864505, 0.00549641812864505, 0.00549641812864505, 0.00549641812864505, 0.00549641812864505, 0.00549641812864505, 0.00549641812864505, 0.00549641812864505, 0.00549641812864505, 0.00549641812864505, 0.005460208562959881, 0.005460208562959881, 0.005460208562959881, 0.005460208562959881, 0.005460208562959881, 0.005460208562959881, 0.005460208562959881, 0.005460208562959881, 0.005460208562959881, 0.005460208562959881, 0.0055549205986353085, 0.0055549205986353085, 0.0055549205986353085, 0.005774115357634042, 0.0057319726276458816, 0.0057319726276458816, 0.0057319726276458816, 0.0057319726276458816, 0.0057319726276458816, 0.0057319726276458816, 0.0057319726276458816, 0.0057319726276458816, 0.0057319726276458816, 0.0057319726276458816, 0.0057319726276458816, 0.0057319726276458816, 0.0057319726276458816, 0.0057319726276458816, 0.0057319726276458816, 0.0057319726276458816, 0.0057319726276458816, 0.0057319726276458816, 0.0057319726276458816, 0.0057319726276458816, 0.0057319726276458816, 0.0057319726276458816, 0.0057319726276458816, 0.0057319726276458816, 0.0057319726276458816, 0.0057319726276458816, 0.0057319726276458816, 0.0057319726276458816, 0.0057319726276458816, 0.0057319726276458816, 0.0057319726276458816, 0.0057319726276458816, 0.0057319726276458816, 0.0057319726276458816, 0.0057319726276458816, 0.0057319726276458816, 0.0057319726276458816, 0.0057319726276458816, 0.0057319726276458816, 0.0057319726276458816, 0.0057319726276458816, 0.0057319726276458816, 0.0057319726276458816, 0.0057319726276458816, 0.0057319726276458816, 0.0057319726276458816, 0.0057319726276458816, 0.0057319726276458816, 0.0057319726276458816, 0.0057319726276458816, 0.0057319726276458816, 0.0057319726276458816, 0.0057319726276458816, 0.0057319726276458816, 0.005767749888432247, 0.005767749888432247, 0.005767749888432247, 0.005767749888432247, 0.005767749888432247, 0.005767749888432247, 0.005767749888432247, 0.005767749888432247, 0.005767749888432247, 0.005767749888432247, 0.005767749888432247, 0.005767749888432247, 0.005767749888432247, 0.005767749888432247, 0.005767749888432247, 0.005767749888432247, 0.005767749888432247, 0.005767749888432247, 0.005767749888432247, 0.005767749888432247, 0.005767749888432247, 0.005767749888432247, 0.005844935012993938, 0.005844935012993938, 0.005844935012993938, 0.005844935012993938, 0.005844935012993938, 0.005844935012993938, 0.005844935012993938, 0.005844935012993938, 0.005844935012993938, 0.005844935012993938, 0.005844935012993938, 0.005844935012993938, 0.005844935012993938, 0.005844935012993938, 0.005844935012993938, 0.005844935012993938, 0.005844935012993938, 0.005844935012993938, 0.005844935012993938, 0.005844935012993938, 0.005844935012993938, 0.005844935012993938, 0.005844935012993938, 0.005844935012993938, 0.005844935012993938, 0.005844935012993938, 0.005844935012993938, 0.005844935012993938, 0.005844935012993938, 0.005844935012993938, 0.005844935012993938, 0.005844935012993938, 0.005844935012993938, 0.005844935012993938, 0.005844935012993938, 0.005844935012993938, 0.005844935012993938, 0.005844935012993938, 0.005844935012993938, 0.005844935012993938, 0.005844935012993938, 0.005844935012993938, 0.005844935012993938, 0.005844935012993938, 0.005844935012993938, 0.005844935012993938, 0.005844935012993938, 0.005844935012993938, 0.005844935012993938, 0.005844935012993938, 0.005844935012993938, 0.005844935012993938, 0.005844935012993938, 0.005844935012993938, 0.005844935012993938, 0.005844935012993938, 0.005844935012993938, 0.005844935012993938, 0.005844935012993938, 0.005844935012993938, 0.005844935012993938, 0.005844935012993938, 0.005844935012993938, 0.005844935012993938, 0.005844935012993938, 0.005844935012993938, 0.005844935012993938, 0.005844935012993938, 0.005844935012993938, 0.005844935012993938, 0.005844935012993938, 0.005844935012993938, 0.005844935012993938, 0.005844935012993938, 0.005844935012993938, 0.005844935012993938, 0.005844935012993938, 0.005844935012993938, 0.005844935012993938, 0.005844935012993938, 0.005844935012993938, 0.005844935012993938, 0.005844935012993938, 0.005844935012993938, 0.005844935012993938, 0.005844935012993938, 0.005844935012993938, 0.005844935012993938, 0.005844935012993938, 0.005844935012993938, 0.005844935012993938, 0.005844935012993938, 0.005844935012993938, 0.005918631943416709, 0.005918631943416709, 0.005918631943416709, 0.005918631943416709, 0.005918631943416709, 0.005918631943416709, 0.005918631943416709, 0.005918631943416709, 0.005918631943416709, 0.005918631943416709, 0.005865012135276343, 0.005865012135276343, 0.005865012135276343, 0.005865012135276343, 0.005865012135276343, 0.005933509131386325, 0.005933509131386325, 0.005933509131386325, 0.005933509131386325, 0.005933509131386325, 0.005933509131386325, 0.005933509131386325, 0.005933509131386325, 0.005933509131386325, 0.005933509131386325, 0.005933509131386325, 0.005933509131386325, 0.005933509131386325, 0.005933509131386325, 0.005933509131386325, 0.005933509131386325, 0.005933509131386325, 0.005933509131386325, 0.005933509131386325, 0.005933509131386325, 0.005933509131386325, 0.005933509131386325, 0.005933509131386325, 0.005933509131386325, 0.005933509131386325, 0.005933509131386325, 0.005933509131386325, 0.005933509131386325, 0.005933509131386325, 0.005933509131386325, 0.005933509131386325, 0.005933509131386325, 0.005933509131386325, 0.005933509131386325, 0.005875024967380728, 0.005875024967380728, 0.005875024967380728, 0.005875024967380728, 0.005875024967380728, 0.005875024967380728, 0.005875024967380728, 0.005875024967380728, 0.005875024967380728, 0.005875024967380728, 0.005875024967380728, 0.005875024967380728, 0.005875024967380728, 0.005875024967380728, 0.0060609152673132645, 0.0060609152673132645, 0.0060609152673132645, 0.0060609152673132645, 0.0060609152673132645, 0.0060609152673132645, 0.0060609152673132645, 0.0060609152673132645, 0.0060609152673132645, 0.0060609152673132645, 0.0060609152673132645, 0.0060609152673132645, 0.0060609152673132645, 0.0060609152673132645, 0.0060609152673132645, 0.0060609152673132645, 0.0060609152673132645, 0.0060609152673132645, 0.0060609152673132645, 0.0060609152673132645, 0.0060609152673132645, 0.0060609152673132645, 0.0060609152673132645, 0.006238916703455261, 0.006238916703455261, 0.006238916703455261, 0.006238916703455261, 0.006238916703455261, 0.006229488792207985, 0.006229488792207985, 0.006229488792207985, 0.006229488792207985, 0.006229488792207985, 0.006229488792207985, 0.006229488792207985, 0.006229488792207985, 0.006229488792207985, 0.006229488792207985, 0.006229488792207985, 0.006229488792207985, 0.006229488792207985, 0.006229488792207985, 0.006229488792207985, 0.006229488792207985, 0.006229488792207985, 0.006229488792207985, 0.006229488792207985, 0.006229488792207985, 0.006229488792207985, 0.006229488792207985, 0.006229488792207985, 0.006229488792207985, 0.006229488792207985, 0.006229488792207985, 0.006229488792207985, 0.006229488792207985, 0.006229488792207985, 0.006229488792207985, 0.006229488792207985, 0.006229488792207985, 0.006229488792207985, 0.006161897401923918, 0.006161897401923918, 0.006161897401923918, 0.006161897401923918, 0.006161897401923918, 0.006161897401923918, 0.006161897401923918, 0.006161897401923918, 0.006161897401923918, 0.006161897401923918, 0.006161897401923918, 0.006161897401923918, 0.006161897401923918, 0.006210590034081187, 0.006210590034081187, 0.006210590034081187, 0.006210590034081187, 0.006210590034081187, 0.006210590034081187, 0.006210590034081187, 0.006210590034081187, 0.006138004727989082, 0.006138004727989082, 0.006138004727989082, 0.006138004727989082, 0.006138004727989082, 0.006138004727989082, 0.006138004727989082, 0.006138004727989082, 0.006138004727989082, 0.006138004727989082, 0.006138004727989082, 0.006138004727989082, 0.006138004727989082, 0.006138004727989082, 0.006138004727989082, 0.006138004727989082, 0.006138004727989082, 0.006138004727989082, 0.006138004727989082, 0.006138004727989082, 0.006138004727989082, 0.006138004727989082, 0.006138004727989082, 0.006138004727989082, 0.006138004727989082, 0.006138004727989082, 0.006138004727989082, 0.006138004727989082, 0.006138004727989082, 0.006138004727989082, 0.006138004727989082, 0.006138004727989082, 0.006138004727989082, 0.006138004727989082, 0.006138004727989082, 0.006138004727989082, 0.006138004727989082, 0.006138004727989082, 0.006138004727989082, 0.006138004727989082, 0.006138004727989082, 0.006138004727989082, 0.006138004727989082, 0.006138004727989082, 0.006138004727989082, 0.006138004727989082, 0.006138004727989082, 0.006138004727989082, 0.006138004727989082, 0.006138004727989082, 0.006138004727989082, 0.006138004727989082, 0.006138004727989082, 0.006138004727989082, 0.006138004727989082, 0.006138004727989082, 0.006138004727989082, 0.006138004727989082, 0.006138004727989082, 0.006138004727989082, 0.00606212732917266, 0.00606212732917266, 0.00606212732917266, 0.00606212732917266, 0.00606212732917266, 0.00606212732917266, 0.00606212732917266, 0.00606212732917266, 0.00606212732917266, 0.00606212732917266, 0.006223589095087319, 0.006223589095087319, 0.006223589095087319, 0.006223589095087319, 0.006223589095087319, 0.006223589095087319, 0.006223589095087319, 0.006223589095087319, 0.006223589095087319, 0.006223589095087319, 0.006223589095087319, 0.006223589095087319, 0.006223589095087319, 0.006223589095087319, 0.006223589095087319, 0.006223589095087319, 0.006223589095087319, 0.006223589095087319, 0.006223589095087319, 0.006262424385465541, 0.006262424385465541, 0.006262424385465541, 0.006262424385465541, 0.006262424385465541, 0.006262424385465541, 0.006262424385465541, 0.006262424385465541, 0.006262424385465541, 0.006262424385465541, 0.006262424385465541, 0.006262424385465541, 0.006262424385465541, 0.006298687910013886, 0.006298687910013886, 0.006298687910013886, 0.006298687910013886, 0.006298687910013886, 0.006298687910013886, 0.006298687910013886, 0.006298687910013886, 0.006298687910013886, 0.006298687910013886, 0.006298687910013886, 0.006298687910013886, 0.006298687910013886, 0.006298687910013886, 0.006298687910013886, 0.006298687910013886, 0.006298687910013886, 0.006298687910013886, 0.006298687910013886, 0.006298687910013886, 0.006298687910013886, 0.006298687910013886, 0.006298687910013886, 0.006298687910013886, 0.006298687910013886, 0.006298687910013886, 0.006298687910013886, 0.006298687910013886, 0.006298687910013886, 0.006298687910013886, 0.006298687910013886, 0.0064474009951170815, 0.0064474009951170815, 0.0064474009951170815, 0.0064474009951170815, 0.0064474009951170815, 0.0064474009951170815, 0.0064474009951170815, 0.0064474009951170815, 0.0064474009951170815, 0.0064474009951170815, 0.0064474009951170815, 0.0064474009951170815, 0.0064474009951170815, 0.006478094958065549, 0.006478094958065549, 0.0064474009951170815, 0.0064474009951170815, 0.0064474009951170815, 0.0064474009951170815, 0.0064474009951170815, 0.0064474009951170815, 0.0064474009951170815, 0.0064474009951170815, 0.0064474009951170815, 0.0064474009951170815, 0.0064474009951170815, 0.0064474009951170815, 0.0064474009951170815, 0.0064474009951170815, 0.0064474009951170815, 0.0064474009951170815, 0.0064474009951170815, 0.0064474009951170815, 0.0064474009951170815, 0.0063636724091213435, 0.0063636724091213435, 0.0063636724091213435, 0.0063636724091213435, 0.0063636724091213435, 0.0063636724091213435, 0.0063636724091213435, 0.006618341860284329, 0.006618341860284329, 0.006618341860284329, 0.006618341860284329, 0.006618341860284329, 0.006618341860284329, 0.006618341860284329, 0.006618341860284329, 0.006618341860284329, 0.006618341860284329, 0.006618341860284329, 0.006753502492660186, 0.006753502492660186, 0.006753502492660186, 0.006753502492660186, 0.006753502492660186, 0.006753502492660186, 0.006753502492660186, 0.006753502492660186, 0.006753502492660186, 0.006753502492660186, 0.006753502492660186, 0.006753502492660186, 0.006753502492660186, 0.006753502492660186, 0.006753502492660186, 0.006753502492660186, 0.006776309271789384, 0.006776309271789384, 0.006776309271789384, 0.006776309271789384, 0.006776309271789384, 0.006776309271789384, 0.007027526054663873, 0.007027526054663873, 0.007027526054663873, 0.007027526054663873, 0.007027526054663873, 0.007027526054663873, 0.007027526054663873, 0.007027526054663873, 0.007027526054663873, 0.007027526054663873, 0.007027526054663873, 0.007027526054663873, 0.007027526054663873, 0.007027526054663873, 0.007027526054663873, 0.007027526054663873, 0.007349468952077491, 0.007349468952077491, 0.007349468952077491, 0.00746157503753841, 0.00746157503753841, 0.00746157503753841, 0.007855844048495726, 0.007855844048495726, 0.007855844048495726, 0.007855844048495726, 0.007855844048495726, 0.007855844048495726, 0.007855844048495726, 0.007855844048495726, 0.007855844048495726, 0.007855844048495726, 0.007855844048495726, 0.007855844048495726, 0.007855844048495726, 0.007855844048495726, 0.007855844048495726, 0.007855844048495726, 0.007855844048495726, 0.007855844048495726, 0.007957130033331549, 0.007957130033331549, 0.007957130033331549, 0.007957130033331549, 0.007957130033331549, 0.007957130033331549, 0.007957130033331549, 0.007957130033331549, 0.007957130033331549, 0.007957130033331549, 0.007957130033331549, 0.007957130033331549, 0.007957130033331549, 0.007957130033331549, 0.007957130033331549, 0.007957130033331549, 0.007957130033331549, 0.007957130033331549, 0.007957130033331549, 0.007957130033331549, 0.008055318942494213, 0.008055318942494213, 0.008059877955221234, 0.008059877955221234, 0.008059877955221234, 0.008059877955221234, 0.008059877955221234, 0.008059877955221234, 0.008059877955221234, 0.008059877955221234, 0.008059877955221234, 0.008059877955221234, 0.008059877955221234, 0.008059877955221234, 0.008059877955221234, 0.008059877955221234, 0.008059877955221234, 0.008059877955221234, 0.008059877955221234, 0.008059877955221234, 0.008059877955221234, 0.008059877955221234, 0.008059877955221234, 0.008059877955221234, 0.008059877955221234, 0.008059877955221234, 0.008059877955221234, 0.008059877955221234, 0.008059877955221234, 0.008059877955221234, 0.008059877955221234, 0.008059877955221234, 0.008059877955221234, 0.008059877955221234, 0.008059877955221234, 0.008059877955221234, 0.008059877955221234, 0.008059877955221234, 0.008059877955221234, 0.008059877955221234, 0.008059877955221234, 0.007970967728614402, 0.007970967728614402, 0.007970967728614402, 0.007970967728614402, 0.007970967728614402, 0.007970967728614402, 0.007970967728614402, 0.007970967728614402, 0.007970967728614402, 0.007970967728614402, 0.007970967728614402, 0.007970967728614402, 0.007970967728614402, 0.007970967728614402, 0.007970967728614402, 0.007970967728614402, 0.007970967728614402, 0.007970967728614402, 0.007970967728614402, 0.008420092587595072, 0.008420092587595072, 0.008420092587595072, 0.008420092587595072, 0.008420092587595072, 0.008420092587595072, 0.008420092587595072, 0.008420092587595072, 0.008420092587595072, 0.008420092587595072, 0.008420092587595072, 0.008420092587595072, 0.008420092587595072, 0.008420092587595072, 0.008420092587595072, 0.008420092587595072, 0.008420092587595072, 0.008420092587595072, 0.008420092587595072, 0.008420092587595072, 0.008420092587595072, 0.008420092587595072, 0.008420092587595072, 0.008420092587595072, 0.008420092587595072, 0.008420092587595072, 0.008420092587595072, 0.008420092587595072, 0.008420092587595072, 0.008420092587595072, 0.008420092587595072, 0.008420092587595072, 0.008420092587595072, 0.008420092587595072, 0.008420092587595072, 0.008420092587595072, 0.008420092587595072, 0.008420092587595072, 0.008420092587595072, 0.008420092587595072, 0.008420092587595072, 0.008420092587595072, 0.008420092587595072, 0.008420092587595072, 0.008420092587595072, 0.008420092587595072, 0.008420092587595072, 0.008420092587595072, 0.008420092587595072, 0.008420092587595072, 0.008420092587595072, 0.008420092587595072, 0.008420092587595072, 0.008420092587595072, 0.008420092587595072, 0.008420092587595072, 0.008420092587595072, 0.008420092587595072, 0.008420092587595072, 0.008420092587595072, 0.008420092587595072, 0.008420092587595072, 0.008420092587595072, 0.008420092587595072, 0.008419219993925949, 0.008419219993925949, 0.008419219993925949, 0.008419219993925949, 0.008419219993925949, 0.008419219993925949, 0.008419219993925949, 0.008419219993925949, 0.008328853217482425, 0.008328853217482425, 0.008324441514637017, 0.008324441514637017, 0.008324441514637017, 0.008324441514637017, 0.008324441514637017, 0.008324441514637017, 0.008324441514637017, 0.008324441514637017, 0.008324441514637017, 0.008324441514637017, 0.008324441514637017, 0.008324441514637017, 0.008324441514637017, 0.008324441514637017, 0.008324441514637017, 0.008324441514637017, 0.00822946423727894, 0.00822946423727894, 0.00822946423727894, 0.00822946423727894, 0.00822946423727894, 0.00822946423727894, 0.00822946423727894, 0.00822946423727894, 0.00822946423727894, 0.00822946423727894, 0.00822946423727894, 0.00822946423727894, 0.00822946423727894, 0.00822946423727894, 0.00822946423727894, 0.00822946423727894, 0.00822946423727894, 0.00822946423727894, 0.00822946423727894, 0.00822946423727894, 0.00822946423727894, 0.00822946423727894, 0.00822946423727894, 0.00822946423727894, 0.00822946423727894, 0.00822946423727894, 0.00822946423727894, 0.00822946423727894, 0.00822946423727894, 0.00822946423727894, 0.00822946423727894, 0.00822946423727894, 0.00822946423727894, 0.00822946423727894, 0.00822946423727894, 0.00822946423727894, 0.00822946423727894, 0.00822946423727894, 0.00822946423727894, 0.00822946423727894, 0.00822946423727894, 0.00822946423727894, 0.00822946423727894, 0.00822946423727894, 0.00822946423727894, 0.00822946423727894, 0.00822946423727894, 0.00822946423727894, 0.00822946423727894, 0.00822946423727894, 0.00822946423727894, 0.00822946423727894, 0.00822946423727894, 0.00822946423727894, 0.00822946423727894, 0.00822946423727894, 0.00822946423727894, 0.00822946423727894, 0.00822946423727894, 0.00822946423727894, 0.00822946423727894, 0.008221425468536091, 0.008221425468536091, 0.008221425468536091, 0.008221425468536091, 0.008221425468536091, 0.008221425468536091, 0.008221425468536091, 0.008221425468536091, 0.008221425468536091, 0.008221425468536091, 0.008221425468536091, 0.008221425468536091, 0.008221425468536091, 0.008221425468536091, 0.008221425468536091, 0.008221425468536091, 0.008221425468536091, 0.008221425468536091, 0.008221425468536091, 0.008221425468536091, 0.008221425468536091, 0.008221425468536091, 0.008221425468536091, 0.008221425468536091, 0.008221425468536091, 0.008221425468536091, 0.008221425468536091, 0.008221425468536091, 0.008221425468536091, 0.008221425468536091, 0.008221425468536091, 0.008221425468536091, 0.008221425468536091, 0.008221425468536091, 0.008221425468536091, 0.008221425468536091, 0.008221425468536091, 0.008221425468536091, 0.008221425468536091, 0.008221425468536091, 0.008221425468536091, 0.008221425468536091, 0.008221425468536091, 0.008221425468536091, 0.008221425468536091, 0.008221425468536091, 0.008221425468536091, 0.008221425468536091, 0.008221425468536091, 0.008221425468536091, 0.008221425468536091, 0.008221425468536091, 0.008221425468536091, 0.008221425468536091, 0.008221425468536091, 0.008388622031766406, 0.008388622031766406, 0.008388622031766406, 0.008388622031766406, 0.008388622031766406, 0.008388622031766406, 0.008388622031766406, 0.008388622031766406, 0.008388622031766406, 0.008388622031766406, 0.008388622031766406, 0.008388622031766406, 0.008388622031766406, 0.008388622031766406, 0.008388622031766406, 0.008388622031766406, 0.008388622031766406, 0.008388622031766406, 0.008388622031766406, 0.008388622031766406, 0.008388622031766406, 0.008388622031766406, 0.008388622031766406, 0.008388622031766406, 0.008388622031766406, 0.008388622031766406, 0.008388622031766406, 0.008388622031766406, 0.008388622031766406, 0.008388622031766406, 0.008388622031766406, 0.008388622031766406, 0.008388622031766406, 0.008388622031766406, 0.008388622031766406, 0.008388622031766406, 0.008388622031766406, 0.008388622031766406, 0.008388622031766406, 0.008388622031766406, 0.008388622031766406, 0.008388622031766406, 0.008388622031766406, 0.008388622031766406, 0.008388622031766406, 0.008464475585573835, 0.008464475585573835, 0.008464475585573835, 0.008464475585573835, 0.008464475585573835, 0.008464475585573835, 0.008464475585573835, 0.008464475585573835, 0.008464475585573835, 0.008464475585573835, 0.008464475585573835, 0.008464475585573835, 0.008464475585573835, 0.008464475585573835, 0.008464475585573835, 0.008464475585573835, 0.008464475585573835, 0.008464475585573835, 0.008464475585573835, 0.008464475585573835, 0.008464475585573835, 0.008464475585573835, 0.008475751727542448, 0.008475751727542448, 0.008475751727542448, 0.008475751727542448, 0.008475751727542448, 0.008550832397718807, 0.008550832397718807, 0.008550832397718807, 0.008550832397718807, 0.008550832397718807, 0.008550832397718807, 0.008550832397718807, 0.008550832397718807, 0.008550832397718807, 0.008550832397718807, 0.008550832397718807, 0.008550832397718807, 0.00853793455881528, 0.00853793455881528, 0.00853793455881528, 0.00853793455881528, 0.008523293413478437, 0.008523293413478437, 0.008523293413478437, 0.008523293413478437, 0.008523293413478437, 0.008523293413478437, 0.008523293413478437, 0.008523293413478437, 0.008523293413478437, 0.008523293413478437, 0.008523293413478437, 0.008523293413478437, 0.008523293413478437, 0.008523293413478437, 0.008523293413478437, 0.008523293413478437, 0.008523293413478437, 0.008523293413478437, 0.008523293413478437, 0.008523293413478437, 0.008523293413478437, 0.008523293413478437, 0.008523293413478437, 0.008523293413478437, 0.008523293413478437, 0.008523293413478437, 0.008523293413478437, 0.008523293413478437, 0.008523293413478437, 0.008523293413478437, 0.008523293413478437, 0.008523293413478437, 0.008523293413478437, 0.008523293413478437, 0.008523293413478437, 0.008523293413478437, 0.008523293413478437, 0.008523293413478437, 0.008523293413478437, 0.008523293413478437, 0.008523293413478437, 0.008523293413478437, 0.008523293413478437, 0.008523293413478437, 0.008523293413478437, 0.008523293413478437, 0.008523293413478437, 0.008523293413478437, 0.008523293413478437, 0.008506899960548231, 0.008506899960548231, 0.008506899960548231, 0.008506899960548231, 0.008506899960548231, 0.008506899960548231, 0.008506899960548231, 0.008506899960548231, 0.008506899960548231, 0.008506899960548231, 0.008506899960548231, 0.008506899960548231, 0.008506899960548231, 0.008506899960548231, 0.008506899960548231, 0.008506899960548231, 0.008506899960548231, 0.008506899960548231, 0.008506899960548231, 0.008506899960548231, 0.008506899960548231, 0.008506899960548231, 0.008506899960548231, 0.008506899960548231, 0.008506899960548231, 0.008506899960548231, 0.008506899960548231, 0.008506899960548231, 0.008506899960548231, 0.008506899960548231, 0.008506899960548231, 0.008506899960548231, 0.008506899960548231, 0.008506899960548231, 0.008506899960548231, 0.008506899960548231, 0.008506899960548231, 0.008506899960548231, 0.008506899960548231, 0.008506899960548231, 0.008506899960548231, 0.008506899960548231, 0.008506899960548231, 0.008506899960548231, 0.008506899960548231, 0.008506899960548231, 0.008506899960548231, 0.008506899960548231, 0.008506899960548231, 0.008506899960548231, 0.008506899960548231, 0.008506899960548231, 0.008506899960548231, 0.008506899960548231, 0.008488744047867392, 0.008488744047867392, 0.008488744047867392, 0.008488744047867392, 0.00855512735624857, 0.00855512735624857, 0.00855512735624857, 0.00855512735624857, 0.00855512735624857, 0.00855512735624857, 0.00855512735624857, 0.00855512735624857, 0.00855512735624857, 0.00855512735624857, 0.00855512735624857, 0.008788118138040889, 0.008788118138040889, 0.008788118138040889, 0.008765516853801931, 0.008765516853801931, 0.008765516853801931, 0.008765516853801931, 0.008765516853801931, 0.008765516853801931, 0.008765516853801931, 0.008765516853801931, 0.008907689867497083, 0.008907689867497083, 0.008907689867497083, 0.008907689867497083, 0.008907689867497083, 0.008907689867497083, 0.008907689867497083, 0.008798979532668918, 0.008798979532668918, 0.008687217914962235, 0.008687217914962235, 0.008687217914962235, 0.008687217914962235, 0.008687217914962235, 0.008742016766333564, 0.008742016766333564, 0.008742016766333564, 0.008742016766333564, 0.008742016766333564, 0.008742016766333564, 0.008742016766333564, 0.008742016766333564, 0.008742016766333564, 0.008742016766333564, 0.008742016766333564, 0.008742016766333564, 0.008742016766333564, 0.008742016766333564, 0.008742016766333564, 0.008742016766333564, 0.008742016766333564, 0.008742016766333564, 0.008742016766333564, 0.008710865839482858, 0.008710865839482858, 0.008710865839482858, 0.008710865839482858, 0.008710865839482858, 0.008710865839482858, 0.008710865839482858, 0.008710865839482858, 0.008710865839482858, 0.008710865839482858, 0.008710865839482858, 0.008710865839482858, 0.008710865839482858, 0.008710865839482858, 0.008710865839482858, 0.008677910027707108, 0.008677910027707108, 0.008677910027707108, 0.008677910027707108, 0.008677910027707108, 0.00864312868522665, 0.00864312868522665, 0.00864312868522665, 0.00864312868522665, 0.00864312868522665, 0.00864312868522665, 0.00864312868522665, 0.00864312868522665, 0.00864312868522665, 0.00864312868522665, 0.00864312868522665, 0.00864312868522665, 0.00864312868522665, 0.00864312868522665, 0.00864312868522665, 0.008691445477582882, 0.008691445477582882, 0.008691445477582882, 0.008691445477582882, 0.008691445477582882, 0.008691445477582882, 0.008691445477582882, 0.008691445477582882, 0.008691445477582882, 0.008691445477582882, 0.008691445477582882, 0.008691445477582882, 0.008691445477582882, 0.008691445477582882, 0.008691445477582882, 0.008691445477582882, 0.008691445477582882, 0.008691445477582882, 0.008737813671342623, 0.008737813671342623, 0.008737813671342623, 0.008737813671342623, 0.008737813671342623, 0.008737813671342623, 0.008737813671342623, 0.008737813671342623, 0.008737813671342623, 0.008737813671342623, 0.008737813671342623, 0.008737813671342623, 0.008737813671342623, 0.008737813671342623, 0.008737813671342623, 0.008737813671342623, 0.008737813671342623, 0.008737813671342623, 0.008737813671342623, 0.008737813671342623, 0.008737813671342623, 0.008737813671342623, 0.008737813671342623, 0.00869820530398105, 0.00869820530398105, 0.00869820530398105, 0.00869820530398105, 0.00869820530398105, 0.00869820530398105, 0.00869820530398105, 0.00869820530398105, 0.00869820530398105, 0.00869820530398105, 0.00869820530398105, 0.00869820530398105, 0.00869820530398105, 0.00869820530398105, 0.008741176309016203, 0.008782264130923536, 0.008782264130923536, 0.008782264130923536, 0.008782264130923536, 0.008782264130923536, 0.008782264130923536, 0.008782264130923536, 0.008782264130923536, 0.008782264130923536, 0.008782264130923536, 0.008782264130923536, 0.008737813671342623, 0.00877556905533185, 0.00877556905533185, 0.00877556905533185, 0.008727717984931101, 0.008727717984931101, 0.008727717984931101, 0.008762163557254659, 0.008762163557254659, 0.008762163557254659, 0.008762163557254659, 0.008762163557254659, 0.008762163557254659, 0.008762163557254659, 0.008762163557254659, 0.008762163557254659, 0.008762163557254659, 0.008762163557254659, 0.008762163557254659, 0.008626111285994827, 0.008626111285994827, 0.008626111285994827, 0.008626111285994827, 0.008626111285994827, 0.008626111285994827, 0.008626111285994827, 0.008626111285994827, 0.008626111285994827, 0.008626111285994827, 0.008626111285994827, 0.008626111285994827, 0.008626111285994827, 0.008626111285994827, 0.008626111285994827, 0.008626111285994827, 0.008626111285994827, 0.008626111285994827, 0.008626111285994827, 0.008626111285994827, 0.008626111285994827, 0.008626111285994827, 0.008626111285994827, 0.008626111285994827, 0.008626111285994827, 0.008626111285994827, 0.008626111285994827, 0.008626111285994827, 0.008626111285994827, 0.008626111285994827, 0.008486147175105497, 0.008486147175105497, 0.008486147175105497, 0.008486147175105497, 0.008486147175105497, 0.008486147175105497, 0.008486147175105497, 0.008486147175105497, 0.008486147175105497, 0.008486147175105497, 0.008486147175105497, 0.008486147175105497, 0.008486147175105497, 0.008486147175105497, 0.008486147175105497, 0.008486147175105497, 0.008486147175105497, 0.008486147175105497, 0.008486147175105497, 0.008486147175105497, 0.008486147175105497, 0.008486147175105497, 0.008486147175105497, 0.008486147175105497, 0.008486147175105497, 0.008486147175105497, 0.008486147175105497, 0.008486147175105497, 0.008486147175105497, 0.008486147175105497, 0.008486147175105497, 0.008486147175105497, 0.008486147175105497, 0.008486147175105497, 0.008486147175105497, 0.008486147175105497, 0.008486147175105497, 0.008486147175105497, 0.008486147175105497, 0.008486147175105497, 0.008486147175105497, 0.008486147175105497, 0.008486147175105497, 0.008486147175105497, 0.008486147175105497, 0.008486147175105497, 0.008486147175105497, 0.008486147175105497, 0.008486147175105497, 0.008486147175105497, 0.008486147175105497, 0.008486147175105497, 0.008486147175105497, 0.008486147175105497, 0.008486147175105497, 0.008486147175105497, 0.008486147175105497, 0.008486147175105497, 0.008486147175105497, 0.008486147175105497, 0.008486147175105497, 0.008486147175105497, 0.008486147175105497, 0.008486147175105497, 0.008486147175105497, 0.008486147175105497, 0.008486147175105497, 0.008486147175105497, 0.008486147175105497, 0.008486147175105497, 0.008486147175105497, 0.008486147175105497, 0.008486147175105497, 0.008486147175105497, 0.008486147175105497, 0.008486147175105497, 0.008486147175105497, 0.008486147175105497, 0.008486147175105497, 0.008486147175105497, 0.008486147175105497, 0.008486147175105497, 0.008486147175105497, 0.008486147175105497, 0.008486147175105497, 0.008486147175105497, 0.008486147175105497, 0.008486147175105497, 0.008486147175105497, 0.008486147175105497, 0.008486147175105497, 0.008486147175105497, 0.00834207432726613, 0.00834207432726613, 0.00834207432726613, 0.00834207432726613, 0.00834207432726613, 0.00834207432726613, 0.00834207432726613, 0.00834207432726613, 0.00834207432726613, 0.00834207432726613, 0.00834207432726613, 0.00834207432726613, 0.00834207432726613, 0.00834207432726613, 0.008544815828970242, 0.008544815828970242, 0.008544815828970242, 0.00848528137423857, 0.00848528137423857, 0.00848528137423857, 0.00848528137423857, 0.00848528137423857, 0.00848528137423857, 0.00848528137423857, 0.008423582058357214, 0.008423582058357214, 0.008423582058357214, 0.008423582058357214, 0.008423582058357214, 0.008423582058357214, 0.008423582058357214, 0.008423582058357214, 0.008423582058357214, 0.008423582058357214, 0.008423582058357214, 0.008423582058357214, 0.008423582058357214, 0.008423582058357214, 0.008423582058357214, 0.008423582058357214, 0.008423582058357214, 0.008423582058357214, 0.008423582058357214, 0.008423582058357214, 0.008423582058357214, 0.008423582058357214, 0.008423582058357214, 0.008423582058357214, 0.008423582058357214, 0.008423582058357214, 0.008423582058357214, 0.008423582058357214, 0.008423582058357214, 0.008423582058357214, 0.008423582058357214, 0.008423582058357214, 0.008423582058357214, 0.008423582058357214, 0.008423582058357214, 0.008423582058357214, 0.008423582058357214, 0.008423582058357214, 0.008423582058357214, 0.008423582058357214, 0.008423582058357214, 0.008423582058357214, 0.008423582058357214, 0.008423582058357214, 0.008423582058357214, 0.008423582058357214, 0.008423582058357214, 0.008423582058357214, 0.008423582058357214, 0.008423582058357214, 0.008423582058357214, 0.008423582058357214, 0.008423582058357214, 0.008423582058357214, 0.008423582058357214, 0.008423582058357214, 0.008423582058357214, 0.008423582058357214, 0.008423582058357214, 0.008423582058357214, 0.008423582058357214, 0.008423582058357214, 0.008423582058357214, 0.008271317541815875, 0.008271317541815875, 0.008271317541815875, 0.008271317541815875, 0.008271317541815875, 0.008271317541815875, 0.008271317541815875, 0.008271317541815875, 0.008271317541815875, 0.008271317541815875, 0.008271317541815875, 0.008271317541815875, 0.008271317541815875, 0.008271317541815875, 0.008271317541815875, 0.008271317541815875, 0.008271317541815875, 0.008271317541815875, 0.008271317541815875, 0.008271317541815875, 0.008271317541815875, 0.008271317541815875, 0.008271317541815875, 0.008271317541815875, 0.008271317541815875, 0.008271317541815875, 0.008271317541815875, 0.008271317541815875, 0.008271317541815875, 0.008271317541815875, 0.008271317541815875, 0.008271317541815875, 0.008271317541815875, 0.008204428868679678, 0.008204428868679678, 0.008204428868679678, 0.008204428868679678, 0.008204428868679678, 0.008204428868679678, 0.008204428868679678, 0.008204428868679678, 0.008204428868679678, 0.008204428868679678, 0.008204428868679678, 0.008204428868679678, 0.008204428868679678, 0.008204428868679678, 0.008204428868679678, 0.008204428868679678, 0.008204428868679678, 0.008204428868679678, 0.008204428868679678, 0.008204428868679678, 0.008204428868679678, 0.008204428868679678, 0.008204428868679678, 0.008204428868679678, 0.008204428868679678, 0.008204428868679678, 0.008204428868679678, 0.008204428868679678, 0.008204428868679678, 0.008204428868679678, 0.008204428868679678, 0.008204428868679678, 0.008204428868679678, 0.008204428868679678, 0.00822499922461382, 0.00822499922461382, 0.00822499922461382, 0.00822499922461382, 0.00822499922461382, 0.00822499922461382, 0.00822499922461382, 0.00822499922461382, 0.00822499922461382, 0.00822499922461382, 0.00822499922461382, 0.00822499922461382, 0.00822499922461382, 0.00822499922461382, 0.00822499922461382, 0.00822499922461382, 0.00822499922461382, 0.00822499922461382, 0.00822499922461382, 0.00822499922461382, 0.00822499922461382, 0.00822499922461382, 0.00822499922461382, 0.00822499922461382, 0.00822499922461382, 0.00822499922461382, 0.00822499922461382, 0.00822499922461382, 0.00822499922461382, 0.00822499922461382, 0.00822499922461382, 0.008154127538760192, 0.008154127538760192, 0.008154127538760192, 0.008154127538760192, 0.008154127538760192, 0.008154127538760192, 0.008154127538760192, 0.008154127538760192, 0.008154127538760192, 0.008154127538760192, 0.008154127538760192, 0.008154127538760192, 0.008154127538760192, 0.008154127538760192, 0.008154127538760192, 0.008154127538760192, 0.008154127538760192, 0.008154127538760192, 0.008154127538760192, 0.008154127538760192, 0.008154127538760192, 0.008154127538760192, 0.008154127538760192, 0.008154127538760192, 0.008154127538760192, 0.008154127538760192, 0.008154127538760192, 0.008154127538760192, 0.008154127538760192, 0.008154127538760192, 0.008154127538760192, 0.008154127538760192, 0.008154127538760192, 0.008154127538760192, 0.008154127538760192, 0.008154127538760192, 0.008154127538760192, 0.008154127538760192, 0.008154127538760192, 0.008154127538760192, 0.008154127538760192, 0.008154127538760192, 0.008154127538760192, 0.008154127538760192, 0.008154127538760192, 0.008154127538760192, 0.008154127538760192, 0.008154127538760192, 0.008154127538760192, 0.008154127538760192, 0.008154127538760192, 0.008154127538760192, 0.008154127538760192, 0.008154127538760192, 0.008154127538760192, 0.008154127538760192, 0.008154127538760192, 0.008154127538760192, 0.008154127538760192, 0.008154127538760192, 0.008154127538760192, 0.008154127538760192, 0.008154127538760192, 0.008154127538760192, 0.008154127538760192, 0.008154127538760192, 0.008154127538760192, 0.008154127538760192, 0.008154127538760192, 0.008154127538760192, 0.008154127538760192, 0.008154127538760192, 0.008154127538760192, 0.008154127538760192, 0.008154127538760192, 0.008154127538760192, 0.008154127538760192, 0.008154127538760192, 0.008154127538760192, 0.008154127538760192, 0.008154127538760192, 0.008154127538760192, 0.008154127538760192, 0.008154127538760192, 0.008154127538760192, 0.008154127538760192, 0.008154127538760192, 0.008154127538760192, 0.008154127538760192, 0.008154127538760192, 0.008154127538760192, 0.008154127538760192, 0.008154127538760192, 0.008154127538760192, 0.008154127538760192, 0.008154127538760192, 0.008154127538760192, 0.008154127538760192, 0.008154127538760192, 0.008154127538760192, 0.008154127538760192, 0.008154127538760192, 0.008154127538760192, 0.008154127538760192, 0.008154127538760192, 0.008154127538760192, 0.008154127538760192, 0.008154127538760192, 0.008154127538760192, 0.008171228768786046, 0.008171228768786046, 0.008171228768786046, 0.008171228768786046, 0.008171228768786046, 0.008171228768786046, 0.008171228768786046, 0.008171228768786046, 0.008171228768786046, 0.008171228768786046, 0.008171228768786046, 0.008171228768786046, 0.008171228768786046, 0.008171228768786046, 0.008171228768786046, 0.008171228768786046, 0.008171228768786046, 0.008171228768786046, 0.008171228768786046, 0.008171228768786046, 0.008171228768786046, 0.008171228768786046, 0.008171228768786046, 0.008171228768786046, 0.008171228768786046, 0.008171228768786046, 0.008171228768786046, 0.008171228768786046, 0.008171228768786046, 0.008171228768786046, 0.008171228768786046, 0.008171228768786046, 0.008171228768786046, 0.008171228768786046, 0.008171228768786046, 0.008171228768786046, 0.008171228768786046, 0.008171228768786046, 0.008171228768786046, 0.008171228768786046, 0.008171228768786046, 0.008171228768786046, 0.008171228768786046, 0.008171228768786046, 0.008171228768786046, 0.008171228768786046, 0.008171228768786046, 0.008171228768786046, 0.008171228768786046, 0.008171228768786046, 0.008171228768786046, 0.008171228768786046, 0.008171228768786046, 0.008171228768786046, 0.008171228768786046, 0.008171228768786046, 0.008171228768786046, 0.008171228768786046, 0.008171228768786046, 0.008171228768786046, 0.008171228768786046, 0.008171228768786046, 0.008171228768786046, 0.008171228768786046, 0.008171228768786046, 0.008171228768786046, 0.008171228768786046, 0.008171228768786046, 0.008171228768786046, 0.008171228768786046, 0.008171228768786046, 0.008171228768786046, 0.008171228768786046, 0.008171228768786046, 0.008171228768786046, 0.008171228768786046, 0.008171228768786046, 0.008171228768786046, 0.008171228768786046, 0.008171228768786046, 0.008171228768786046, 0.008171228768786046, 0.008171228768786046, 0.008171228768786046, 0.008171228768786046, 0.008171228768786046, 0.008171228768786046, 0.008171228768786046, 0.008171228768786046, 0.008171228768786046, 0.008171228768786046, 0.008171228768786046, 0.008171228768786046, 0.008171228768786046, 0.008171228768786046, 0.008171228768786046, 0.008171228768786046, 0.008171228768786046, 0.008171228768786046, 0.008171228768786046, 0.008171228768786046, 0.008171228768786046, 0.008171228768786046, 0.008171228768786046, 0.008171228768786046, 0.008171228768786046, 0.008171228768786046, 0.008171228768786046, 0.008171228768786046, 0.008171228768786046, 0.008171228768786046, 0.008171228768786046, 0.008171228768786046, 0.008171228768786046, 0.008171228768786046, 0.008171228768786046, 0.008171228768786046, 0.008171228768786046, 0.008171228768786046, 0.008171228768786046, 0.008171228768786046, 0.008171228768786046, 0.008171228768786046, 0.008171228768786046, 0.008171228768786046, 0.008171228768786046, 0.008171228768786046, 0.008171228768786046, 0.008171228768786046, 0.008171228768786046, 0.008171228768786046, 0.008171228768786046, 0.008171228768786046, 0.008171228768786046, 0.008171228768786046, 0.008171228768786046, 0.008171228768786046, 0.008171228768786046, 0.008171228768786046, 0.008171228768786046, 0.008171228768786046, 0.008171228768786046, 0.008171228768786046, 0.008171228768786046, 0.008171228768786046, 0.008171228768786046, 0.008171228768786046, 0.008171228768786046, 0.008171228768786046, 0.008171228768786046, 0.008171228768786046, 0.008171228768786046, 0.008171228768786046]","[0.0, 0.000565685424949238, 0.000565685424949238, 0.0007917946548886295, 0.0007917946548886295, 0.0009595917499283808, 0.0009595917499283808, 0.0009595917499283808, 0.0009595917499283808, 0.0009595917499283808, 0.0010961900624714789, 0.0010961900624714789, 0.0010961900624714789, 0.0010961900624714789, 0.0010961900624714789, 0.0010961900624714789, 0.0010961900624714789, 0.0010961900624714789, 0.0010961900624714789, 0.0010961900624714789, 0.0010961900624714789, 0.0012121830534626528, 0.0012121830534626528, 0.0012121830534626528, 0.0010961900624714787, 0.0010961900624714787, 0.0010961900624714787, 0.0010961900624714787, 0.0010961900624714787, 0.0010961900624714787, 0.0012121830534626528, 0.0012121830534626528, 0.0010961900624714787, 0.0009595917499283808, 0.0010961900624714787, 0.0010961900624714787, 0.0010961900624714787, 0.0012121830534626528, 0.0012121830534626528, 0.0010961900624714787, 0.0012121830534626528, 0.0012121830534626528, 0.0012121830534626528, 0.0012121830534626528, 0.0014020393310154625, 0.0014020393310154625, 0.0014020393310154625, 0.0014020393310154625, 0.0014020393310154625, 0.0014020393310154625, 0.0014020393310154625, 0.0014020393310154625, 0.0014020393310154625, 0.0014813121596360826, 0.001750102037841549, 0.001750102037841549, 0.001750102037841549, 0.001750102037841549, 0.0016874083497409602, 0.0014020393310154625, 0.0014020393310154625, 0.0013130428906372638, 0.0013130428906372638, 0.0012121830534626528, 0.0012121830534626528, 0.0013130428906372638, 0.0013130428906372638, 0.0014813121596360824, 0.0014813121596360824, 0.0014020393310154625, 0.0016162440712835374, 0.0016162440712835374, 0.0016162440712835374, 0.0016162440712835374, 0.0015523517379664143, 0.0015523517379664143, 0.0014813121596360824, 0.0015523517379664143, 0.0016162440712835374, 0.001673807830385921, 0.001673807830385921, 0.001673807830385921, 0.001673807830385921, 0.0016162440712835374, 0.0016162440712835374, 0.0016162440712835374, 0.0019055236572037791, 0.0018070158058105024, 0.001750102037841549, 0.001750102037841549, 0.001750102037841549, 0.0016874083497409602, 0.0016182631152578623, 0.0016874083497409602, 0.0016874083497409602, 0.0016874083497409602, 0.0016874083497409602, 0.0016874083497409602, 0.0014020393310154625, 0.0014020393310154625, 0.0014020393310154625, 0.0014020393310154625, 0.0014813121596360826, 0.0014813121596360826, 0.0014813121596360826, 0.0014813121596360826, 0.0014813121596360826, 0.0014020393310154625, 0.0014020393310154625, 0.0014020393310154625, 0.0014813121596360826, 0.0015523517379664143, 0.0015523517379664143, 0.0015523517379664143, 0.0016162440712835374, 0.0016162440712835374, 0.0016162440712835374, 0.001673807830385921, 0.001673807830385921, 0.0016162440712835374, 0.0016162440712835374, 0.0015523517379664143, 0.0015523517379664143, 0.0015523517379664143, 0.0014813121596360826, 0.0015523517379664143, 0.0015523517379664143, 0.0015523517379664143, 0.0018070158058105024, 0.0018070158058105024, 0.0018070158058105024, 0.0016162440712835374, 0.0016162440712835374, 0.0015523517379664143, 0.0015523517379664143, 0.0015523517379664143, 0.0016162440712835374, 0.0016162440712835374, 0.0015523517379664143, 0.0015523517379664143, 0.0015523517379664143, 0.0018070158058105024, 0.001750102037841549, 0.0014020393310154625, 0.0014020393310154625, 0.0014020393310154625, 0.0014020393310154625, 0.0014020393310154625, 0.0014020393310154625, 0.0014020393310154625, 0.0014813121596360826, 0.0016162440712835374, 0.0015523517379664143, 0.0015523517379664143, 0.0014813121596360826, 0.0014813121596360826, 0.0014020393310154625, 0.0013130428906372638, 0.0016874083497409602, 0.0016182631152578625, 0.0013130428906372638, 0.0013130428906372638, 0.0013130428906372638, 0.0013130428906372638, 0.0012121830534626528, 0.0012121830534626528, 0.0012121830534626528, 0.0012121830534626528, 0.0012121830534626528, 0.0012121830534626528, 0.0010961900624714789, 0.0010961900624714789, 0.0010961900624714789, 0.0010961900624714789, 0.0007917946548886297, 0.0009595917499283808, 0.0009595917499283808, 0.0009595917499283808, 0.0007917946548886297, 0.0007917946548886297, 0.0009595917499283808, 0.0009595917499283808, 0.0009595917499283808, 0.0009595917499283808, 0.0009595917499283808, 0.0010961900624714787, 0.0012121830534626528, 0.0013130428906372638, 0.0013130428906372638, 0.0013130428906372638, 0.0016182631152578623, 0.0016874083497409602, 0.0016874083497409602, 0.0016182631152578623, 0.0016182631152578623, 0.0016182631152578623, 0.0013130428906372638, 0.0016182631152578625, 0.0016182631152578625, 0.0016182631152578625, 0.0016182631152578625, 0.0016182631152578625, 0.0016182631152578625, 0.0015417985786550905, 0.0015417985786550905, 0.0015417985786550905, 0.001456862718169367, 0.001456862718169367, 0.001456862718169367, 0.001456862718169367, 0.001456862718169367, 0.001456862718169367, 0.001361871461464341, 0.0009595917499283808, 0.0009595917499283808, 0.0010961900624714787, 0.0010961900624714787, 0.0010961900624714787, 0.0010961900624714787, 0.0010961900624714787, 0.0012121830534626528, 0.0012121830534626528, 0.0012121830534626528, 0.0012121830534626528, 0.0010961900624714787, 0.0010961900624714787, 0.0010961900624714787, 0.0010961900624714787, 0.0010961900624714787, 0.0010961900624714787, 0.0012121830534626528, 0.0012121830534626528, 0.0012121830534626528, 0.0012121830534626528, 0.0012121830534626528, 0.0013130428906372638, 0.0013130428906372638, 0.0012121830534626528, 0.0012121830534626528, 0.0010961900624714787, 0.0010961900624714787, 0.0009595917499283808, 0.000565685424949238, 0.0, 0.0007917946548886295, 0.0007917946548886295, 0.0007917946548886295, 0.0007917946548886295, 0.0007917946548886295, 0.0007917946548886295, 0.0009595917499283808, 0.0009595917499283808, 0.0009595917499283808, 0.0010961900624714787, 0.0010961900624714787, 0.0010961900624714787, 0.0010961900624714787, 0.0009595917499283808, 0.0009595917499283808, 0.0009595917499283808, 0.0010961900624714787, 0.0010961900624714787, 0.0009595917499283808, 0.0010961900624714787, 0.0012121830534626528, 0.0013130428906372638, 0.0016182631152578625, 0.0016182631152578625, 0.00168740834974096, 0.0016182631152578625, 0.0014020393310154625, 0.0014020393310154625, 0.0013130428906372638, 0.0012121830534626528, 0.0012121830534626528, 0.0013130428906372638, 0.0010961900624714789, 0.0015417985786550902, 0.0015417985786550902, 0.0012121830534626528, 0.0012121830534626528, 0.0012121830534626528, 0.0012121830534626528, 0.0010961900624714787, 0.0010961900624714787, 0.0010961900624714787, 0.0010961900624714787, 0.0009595917499283808, 0.0009595917499283808, 0.0007917946548886295, 0.0007917946548886295, 0.000565685424949238, 0.000565685424949238, 0.000565685424949238, 0.0007917946548886297, 0.0007917946548886297, 0.0007917946548886297, 0.0007917946548886297, 0.0009595917499283808, 0.0009595917499283808, 0.0009595917499283808, 0.0009595917499283808, 0.0010961900624714787, 0.0010961900624714787, 0.0010961900624714787, 0.0010961900624714787, 0.001212183053462653, 0.001212183053462653, 0.001212183053462653, 0.001212183053462653, 0.001212183053462653, 0.001212183053462653, 0.0015417985786550905, 0.0015417985786550905, 0.0016182631152578625, 0.0015417985786550905, 0.0015417985786550905, 0.0015417985786550905, 0.001456862718169367, 0.001456862718169367, 0.001456862718169367, 0.0015417985786550905, 0.0015417985786550905, 0.0015417985786550905, 0.0016182631152578625, 0.0015417985786550905, 0.0015417985786550905, 0.0015417985786550905, 0.0015417985786550905, 0.0015417985786550905, 0.0015417985786550905, 0.0015417985786550905, 0.001456862718169367, 0.001456862718169367, 0.001456862718169367, 0.001456862718169367, 0.0015417985786550902, 0.0015417985786550902, 0.001456862718169367, 0.001456862718169367, 0.001456862718169367, 0.001456862718169367, 0.001456862718169367, 0.001361871461464341, 0.001361871461464341, 0.001361871461464341, 0.001361871461464341, 0.001361871461464341, 0.0009595917499283808, 0.0009595917499283808, 0.0009595917499283808, 0.0009595917499283808, 0.0009595917499283808, 0.0009595917499283808, 0.0007917946548886295, 0.0007917946548886295, 0.0007917946548886295, 0.0007917946548886295, 0.0007917946548886295, 0.0007917946548886295, 0.0007917946548886295, 0.0007917946548886295, 0.0007917946548886295, 0.0007917946548886295, 0.0010961900624714787, 0.0010961900624714787, 0.0010961900624714787, 0.0012121830534626528, 0.0012121830534626528, 0.0012121830534626528, 0.0012121830534626528, 0.0012121830534626528, 0.0013130428906372638, 0.0014020393310154625, 0.0014813121596360826, 0.0014020393310154625, 0.0014020393310154625, 0.0014020393310154625, 0.0014020393310154625, 0.0014020393310154625, 0.0014020393310154625, 0.0014020393310154625, 0.0014020393310154625, 0.0014020393310154625, 0.0014813121596360824, 0.0014813121596360824, 0.0015523517379664143, 0.0014813121596360826, 0.0014813121596360826, 0.0014813121596360826, 0.0014813121596360826, 0.0015523517379664143, 0.0014813121596360826, 0.0014813121596360824, 0.0014813121596360824, 0.0014813121596360824, 0.0014813121596360824, 0.0014020393310154625, 0.0014020393310154625, 0.0014020393310154625, 0.0014020393310154625, 0.0014813121596360824, 0.0014020393310154625, 0.0013130428906372638, 0.0013130428906372638, 0.0013130428906372638, 0.0014020393310154625, 0.0014020393310154625, 0.0014020393310154625, 0.0013130428906372638, 0.0014020393310154625, 0.0014020393310154625, 0.0014020393310154625, 0.0014020393310154625, 0.0014020393310154625, 0.0014020393310154625, 0.0014813121596360824, 0.0014813121596360824, 0.0014020393310154625, 0.0014813121596360826, 0.0014020393310154625, 0.0014020393310154625, 0.0014020393310154625, 0.0013130428906372638, 0.0010961900624714789, 0.0010961900624714789, 0.0013130428906372638, 0.0013130428906372638, 0.0014020393310154625, 0.0014020393310154625, 0.0013130428906372638, 0.0014020393310154625, 0.0014020393310154625, 0.0013130428906372638, 0.0013130428906372638, 0.0012121830534626528, 0.0010961900624714787, 0.0009595917499283808, 0.0007917946548886297, 0.0007917946548886297, 0.0007917946548886297, 0.0007917946548886297, 0.0007917946548886297, 0.000565685424949238, 0.000565685424949238, 0.000565685424949238, 0.000565685424949238, 0.000565685424949238, 0.000565685424949238, 0.000565685424949238, 0.0007917946548886297, 0.0007917946548886297, 0.0007917946548886297, 0.0007917946548886297, 0.0007917946548886297, 0.0007917946548886297, 0.0007917946548886297, 0.0007917946548886297, 0.0007917946548886297, 0.0005656854249492381, 0.0007917946548886297, 0.0007917946548886297, 0.0007917946548886297, 0.0007917946548886297, 0.0007917946548886297, 0.0007917946548886297, 0.0009595917499283808, 0.0009595917499283808, 0.0007917946548886297, 0.0007917946548886297, 0.0009595917499283808, 0.0010961900624714787, 0.0009595917499283808, 0.0009595917499283808, 0.0009595917499283808, 0.0010961900624714787, 0.0010961900624714787, 0.0010961900624714787, 0.0012121830534626528, 0.0012121830534626528, 0.0010961900624714787, 0.0010961900624714787, 0.0010961900624714787, 0.0012121830534626528, 0.0012121830534626528, 0.0012121830534626528, 0.0012121830534626528, 0.0012121830534626528, 0.0012121830534626528, 0.0012121830534626528, 0.0012121830534626528, 0.0012121830534626528, 0.0012121830534626528, 0.0012121830534626528, 0.0012121830534626528, 0.0015417985786550905, 0.0015417985786550905, 0.0015417985786550905, 0.0015417985786550902, 0.0016182631152578625, 0.0016182631152578625, 0.0016182631152578625, 0.0015417985786550902, 0.0015417985786550902, 0.0015417985786550902, 0.0015417985786550902, 0.0016182631152578625, 0.0013130428906372638, 0.0013130428906372638, 0.0013130428906372638, 0.0014020393310154625, 0.0013130428906372638, 0.0013130428906372638, 0.0013130428906372638, 0.0012121830534626528, 0.0012121830534626528, 0.0013130428906372638, 0.0013130428906372638, 0.0013130428906372638, 0.0014020393310154625, 0.0014020393310154625, 0.0014020393310154625, 0.0013130428906372638, 0.0012121830534626528, 0.0016182631152578625, 0.0016182631152578625, 0.0017501020378415492, 0.0017501020378415492, 0.0017501020378415492, 0.0018070158058105024, 0.0018070158058105024, 0.0018070158058105024, 0.001858680681976068, 0.001858680681976068, 0.0018070158058105024, 0.0018070158058105024, 0.0018070158058105024, 0.001750102037841549, 0.001750102037841549, 0.001750102037841549, 0.0016182631152578623, 0.0015417985786550905, 0.0016182631152578623, 0.0016182631152578623, 0.0016182631152578623, 0.0015417985786550905, 0.001456862718169367, 0.0010961900624714787, 0.0010961900624714787, 0.0010961900624714787, 0.0012121830534626528, 0.0009595917499283808, 0.0009595917499283808, 0.0009595917499283808, 0.0009595917499283808, 0.0010961900624714789, 0.0009595917499283808, 0.0009595917499283808, 0.0010961900624714789, 0.0010961900624714789, 0.0010961900624714789, 0.001456862718169367, 0.001456862718169367, 0.0016182631152578625, 0.0016182631152578625, 0.0016182631152578625, 0.0016874083497409602, 0.0016874083497409602, 0.0016874083497409602, 0.0016874083497409602, 0.0016874083497409602, 0.001750102037841549, 0.0014813121596360826, 0.0014813121596360826, 0.0014813121596360826, 0.0014813121596360826, 0.0014813121596360826, 0.0014813121596360826, 0.0019276717478209143, 0.0016874083497409602, 0.0016182631152578623, 0.001456862718169367, 0.001456862718169367, 0.0015417985786550905, 0.001456862718169367, 0.001361871461464341, 0.001361871461464341, 0.001361871461464341, 0.001361871461464341, 0.001456862718169367, 0.0013618714614643413, 0.001456862718169367, 0.001456862718169367, 0.0015417985786550905, 0.0015417985786550905, 0.0015417985786550905, 0.0015417985786550905, 0.0015417985786550905, 0.0015417985786550905, 0.0010961900624714789, 0.0012121830534626528, 0.0012121830534626528, 0.0012121830534626528, 0.0012121830534626528, 0.0013130428906372638, 0.0013130428906372638, 0.0013130428906372638, 0.0013130428906372638, 0.0014020393310154625, 0.0013130428906372638, 0.0012121830534626528, 0.0012121830534626528, 0.0010961900624714787, 0.0009595917499283808, 0.0009595917499283808, 0.0007917946548886297, 0.000565685424949238, 0.000565685424949238, 0.000565685424949238, 0.000565685424949238, 0.000565685424949238, 0.000565685424949238, 0.000565685424949238, 0.000565685424949238, 0.000565685424949238, 0.000565685424949238, 0.000565685424949238, 0.0007917946548886297, 0.0009595917499283809, 0.0009595917499283809, 0.0009595917499283809, 0.0009595917499283809, 0.0009595917499283809, 0.0009595917499283809, 0.0009595917499283809, 0.0009595917499283809, 0.0010961900624714787, 0.0009595917499283808, 0.0009595917499283808, 0.0010961900624714787, 0.0010961900624714787, 0.0010961900624714787, 0.0010961900624714787, 0.0010961900624714787, 0.0012121830534626528, 0.0012121830534626528, 0.0012121830534626528, 0.0012121830534626528, 0.0010961900624714787, 0.0010961900624714787, 0.0007917946548886295, 0.0007917946548886295, 0.0007917946548886295, 0.0007917946548886295, 0.0007917946548886295, 0.0007917946548886295, 0.0009595917499283808, 0.0009595917499283808, 0.0010961900624714787, 0.0010961900624714787, 0.0010961900624714787, 0.0010961900624714787, 0.0010961900624714787, 0.0010961900624714787, 0.0010961900624714787, 0.0013130428906372638, 0.001212183053462653, 0.0009595917499283808, 0.0009595917499283808, 0.0009595917499283808, 0.0009595917499283808, 0.0009595917499283808, 0.0009595917499283808, 0.0009595917499283808, 0.0009595917499283808, 0.0009595917499283808, 0.0009595917499283808, 0.0009595917499283808, 0.0010961900624714787, 0.0012121830534626528, 0.0012121830534626528, 0.0012121830534626528, 0.0012121830534626528, 0.0012121830534626528, 0.0012121830534626528, 0.0012121830534626528, 0.0012121830534626528, 0.0012121830534626528, 0.0012121830534626528, 0.0010961900624714787, 0.0010961900624714787, 0.0010961900624714787, 0.0010961900624714787, 0.0009595917499283808, 0.0009595917499283808, 0.0010961900624714787, 0.0010961900624714787, 0.0009595917499283808, 0.0007917946548886297, 0.0007917946548886297, 0.0007917946548886297, 0.0007917946548886297, 0.0007917946548886297, 0.0007917946548886297, 0.0007917946548886297, 0.0007917946548886297, 0.0009595917499283808, 0.0009595917499283808, 0.0010961900624714787, 0.0010961900624714787, 0.0010961900624714787, 0.0010961900624714787, 0.0012121830534626528, 0.0013130428906372638, 0.0012121830534626528, 0.0012121830534626528, 0.0012121830534626528, 0.0013130428906372638, 0.0013130428906372638, 0.0012121830534626528, 0.0012121830534626528, 0.0012121830534626528, 0.0010961900624714787, 0.0010961900624714787, 0.0009595917499283809, 0.0010961900624714789, 0.0010961900624714789, 0.0010961900624714787, 0.0010961900624714787, 0.0010961900624714787, 0.0010961900624714787, 0.0010961900624714787, 0.0010961900624714787, 0.0010961900624714787, 0.0010961900624714787, 0.0012121830534626528, 0.0012121830534626528, 0.0010961900624714787, 0.0010961900624714787, 0.0009595917499283808, 0.0009595917499283808, 0.0009595917499283808, 0.0009595917499283808, 0.0010961900624714787, 0.0010961900624714787, 0.0012121830534626528, 0.0012121830534626528, 0.0012121830534626528, 0.0013130428906372638, 0.0013130428906372638, 0.0013130428906372638, 0.0014020393310154625, 0.0014020393310154625, 0.0014813121596360826, 0.0014813121596360826, 0.0014813121596360826, 0.0014813121596360826, 0.0014813121596360826, 0.0014813121596360826, 0.0014813121596360826, 0.0014813121596360826, 0.0014813121596360826, 0.0014813121596360826, 0.0015523517379664143, 0.0015523517379664143, 0.0015523517379664143, 0.0015523517379664143, 0.0015523517379664143, 0.0014813121596360826, 0.0014813121596360826, 0.0015523517379664143, 0.0016162440712835374, 0.0015523517379664143, 0.0015523517379664143, 0.0014813121596360826, 0.0014020393310154625, 0.0014020393310154625, 0.0014020393310154625, 0.0013130428906372638, 0.0013130428906372638, 0.0012121830534626528, 0.0013130428906372638, 0.0010961900624714789, 0.0012121830534626528, 0.0012121830534626528, 0.0012121830534626528, 0.0012121830534626528, 0.0012121830534626528, 0.0012121830534626528, 0.0012121830534626528, 0.0012121830534626528, 0.0012121830534626528, 0.0010961900624714787, 0.0012121830534626528, 0.0012121830534626528, 0.0012121830534626528, 0.0013130428906372638, 0.0013130428906372638, 0.0013130428906372638, 0.0013130428906372638, 0.0013130428906372638, 0.0014020393310154625, 0.0016874083497409602, 0.0016874083497409602, 0.0016874083497409602, 0.0016874083497409602, 0.0016874083497409602, 0.0016182631152578625, 0.0016182631152578625, 0.0013130428906372638, 0.0013130428906372638, 0.0012121830534626528, 0.0012121830534626528, 0.0012121830534626528, 0.0012121830534626528, 0.0013130428906372638, 0.0013130428906372638, 0.0014813121596360824, 0.0015523517379664143, 0.0015523517379664143, 0.0015523517379664143, 0.0016162440712835374, 0.0015523517379664143, 0.0016162440712835374, 0.0016162440712835374, 0.0016162440712835374, 0.0016162440712835374, 0.0016162440712835374, 0.0016162440712835374, 0.0015523517379664143, 0.0015523517379664143, 0.0014813121596360824, 0.0014813121596360824, 0.0014813121596360824, 0.0014813121596360824, 0.0015523517379664143, 0.0015523517379664143, 0.0014813121596360826, 0.0014813121596360826, 0.0015523517379664143, 0.0014020393310154625, 0.0014020393310154625, 0.0014020393310154625, 0.0014020393310154625, 0.0013130428906372638, 0.0014020393310154625, 0.0014020393310154625, 0.0014020393310154625, 0.0014020393310154625, 0.0014813121596360826, 0.0014813121596360826, 0.0014813121596360826, 0.0015523517379664143, 0.0014813121596360826, 0.0014813121596360826, 0.0014020393310154625, 0.0014020393310154625, 0.0014813121596360826, 0.0014020393310154625, 0.0016874083497409602, 0.0016182631152578625, 0.0016182631152578625, 0.0015417985786550905, 0.0015417985786550905, 0.0015417985786550905, 0.0015417985786550905, 0.0015417985786550905, 0.0015417985786550905, 0.001456862718169367, 0.001456862718169367, 0.0018088219190107904, 0.0015417985786550905, 0.0015417985786550905, 0.0012121830534626528, 0.0010961900624714787, 0.0010961900624714787, 0.0010961900624714787, 0.0010961900624714787, 0.0010961900624714787, 0.0010961900624714787, 0.0010961900624714787, 0.0010961900624714787, 0.0010961900624714787, 0.0010961900624714787, 0.0010961900624714787, 0.0010961900624714787, 0.0010961900624714787, 0.0010961900624714787, 0.0010961900624714787, 0.0012121830534626528, 0.0015417985786550905, 0.0015417985786550905, 0.0016182631152578625, 0.0016182631152578625, 0.0015417985786550905, 0.0015417985786550905, 0.0016182631152578625, 0.0016182631152578625, 0.0015417985786550905, 0.0015417985786550905, 0.0015417985786550905, 0.0015417985786550905, 0.0012121830534626528, 0.0010961900624714787, 0.0009595917499283808, 0.0009595917499283808, 0.0007917946548886297, 0.0010961900624714787, 0.0010961900624714787, 0.0010961900624714787, 0.0010961900624714787, 0.0010961900624714787, 0.0010961900624714787, 0.0012121830534626528, 0.0012121830534626528, 0.0010961900624714787, 0.0012121830534626528, 0.0012121830534626528, 0.0012121830534626528, 0.0010961900624714787, 0.0010961900624714787, 0.0010961900624714787, 0.0010961900624714787, 0.0010961900624714787, 0.0010961900624714787, 0.0010961900624714787, 0.0007917946548886297, 0.0007917946548886297, 0.0007917946548886297, 0.0007917946548886297, 0.0007917946548886297, 0.0007917946548886297, 0.0007917946548886297, 0.0009595917499283808, 0.0009595917499283808, 0.0009595917499283808, 0.0009595917499283808, 0.0010961900624714787, 0.0010961900624714787, 0.0010961900624714787, 0.001456862718169367, 0.001851640199545103, 0.001851640199545103, 0.001851640199545103, 0.0017778684784118908, 0.0017778684784118908, 0.0017778684784118908, 0.0017778684784118908, 0.0012545427657200087, 0.0012545427657200087, 0.0011313708498984763, 0.0011313708498984763, 0.0011313708498984763, 0.0011313708498984763, 0.0011313708498984763, 0.0007917946548886297, 0.0007917946548886297, 0.0007917946548886297, 0.0009595917499283808, 0.0010961900624714787, 0.0009595917499283808, 0.0009595917499283808, 0.0009595917499283808, 0.0009595917499283808, 0.0009595917499283808, 0.0010961900624714787, 0.0010961900624714787, 0.001212183053462653, 0.001212183053462653, 0.0013130428906372638, 0.0010961900624714787, 0.0012121830534626528, 0.0012121830534626528, 0.0012121830534626528, 0.0010961900624714787, 0.0012121830534626528, 0.0013130428906372638, 0.0013130428906372638, 0.0013130428906372638, 0.0014020393310154625, 0.0014020393310154625, 0.0014813121596360826, 0.0014813121596360826, 0.0014813121596360826, 0.0014020393310154625, 0.0014020393310154625, 0.0013130428906372638, 0.0012121830534626528, 0.0013130428906372638, 0.0012121830534626528, 0.0012121830534626528, 0.0012121830534626528, 0.0012121830534626528, 0.0012121830534626528, 0.0013130428906372638, 0.0013130428906372638, 0.0012121830534626528, 0.0010961900624714787, 0.0010961900624714787, 0.0009595917499283808, 0.0007917946548886297, 0.0007917946548886297, 0.0007917946548886297, 0.0007917946548886297, 0.000565685424949238, 0.0009595917499283808, 0.0009595917499283808, 0.0009595917499283808, 0.0009595917499283808, 0.0009595917499283808, 0.0009595917499283808, 0.0009595917499283808, 0.0007917946548886297, 0.0007917946548886297, 0.0007917946548886297, 0.0009595917499283808, 0.0009595917499283808, 0.0009595917499283808, 0.0009595917499283808, 0.0009595917499283808, 0.0010961900624714787, 0.0010961900624714787, 0.0010961900624714787, 0.0010961900624714787, 0.0009595917499283808, 0.0009595917499283808, 0.0009595917499283808, 0.0009595917499283808, 0.0009595917499283808, 0.0007917946548886297, 0.0007917946548886297, 0.0007917946548886297, 0.0007917946548886297, 0.0007917946548886297, 0.0007917946548886297, 0.0007917946548886297, 0.0007917946548886297, 0.0007917946548886297, 0.0007917946548886297, 0.0007917946548886297, 0.0007917946548886297, 0.0007917946548886297, 0.0007917946548886297, 0.0009595917499283808, 0.0009595917499283808, 0.0009595917499283808, 0.0009595917499283808, 0.0010961900624714787, 0.0009595917499283808, 0.0009595917499283808, 0.0009595917499283808, 0.0009595917499283808, 0.0009595917499283808, 0.0009595917499283808, 0.0009595917499283808, 0.0010961900624714789, 0.0010961900624714789, 0.0010961900624714789, 0.0010961900624714787, 0.0010961900624714787, 0.0009595917499283808, 0.0009595917499283808, 0.0009595917499283808, 0.0012545427657200084, 0.0012545427657200084, 0.0012545427657200084, 0.0012545427657200084, 0.001361871461464341, 0.001361871461464341, 0.001361871461464341, 0.001456862718169367, 0.0010961900624714787, 0.0010961900624714787, 0.0009595917499283808, 0.0009595917499283808, 0.0012121830534626528, 0.0012121830534626528, 0.0012121830534626528, 0.0012121830534626528, 0.0012121830534626528, 0.0012121830534626528, 0.0010961900624714789, 0.0010961900624714789, 0.0010961900624714789, 0.0010961900624714789, 0.0010961900624714789, 0.0010961900624714789, 0.0010961900624714789, 0.0012121830534626528, 0.0012121830534626528, 0.0012121830534626528, 0.0012121830534626528, 0.0012121830534626528, 0.0012121830534626528, 0.0010961900624714789, 0.0012121830534626528, 0.0012121830534626528, 0.0012121830534626528, 0.0012121830534626528, 0.0010961900624714789, 0.0010961900624714789, 0.0009595917499283808, 0.0009595917499283808, 0.001456862718169367, 0.0015417985786550905, 0.0015417985786550905, 0.0016182631152578625, 0.0016182631152578625, 0.0016182631152578625, 0.0015417985786550905, 0.0015417985786550905, 0.0015417985786550905, 0.0012121830534626528, 0.0012121830534626528, 0.0010961900624714787, 0.001456862718169367, 0.0015417985786550902, 0.0015417985786550902, 0.0016182631152578625, 0.0016874083497409602, 0.0018070158058105024, 0.0018070158058105024, 0.0018070158058105024, 0.0020267597543963656, 0.0020267597543963656, 0.0020267597543963656, 0.0020267597543963656, 0.0020698023172885526, 0.0020267597543963656, 0.0018070158058105024, 0.0018070158058105024, 0.0019055236572037791, 0.001947892634178207, 0.0018586806819760678, 0.0014813121596360826, 0.0014020393310154625, 0.0014020393310154625, 0.0014020393310154625, 0.0014020393310154625, 0.0014020393310154625, 0.0014020393310154625, 0.0016874083497409602, 0.0016874083497409602, 0.0016874083497409602, 0.0016874083497409602, 0.0016874083497409602, 0.0019276717478209143, 0.0018709377764279883, 0.0018709377764279883, 0.0018709377764279883, 0.0016874083497409602, 0.0016182631152578625, 0.0016182631152578625, 0.0015417985786550902, 0.0015417985786550902, 0.0015417985786550902, 0.001456862718169367, 0.001456862718169367, 0.001456862718169367, 0.0015417985786550905, 0.0015417985786550905, 0.0015417985786550905, 0.0015417985786550905, 0.0012121830534626528, 0.0010961900624714787, 0.0012121830534626528, 0.0012121830534626528, 0.0013130428906372638, 0.0013130428906372638, 0.0013130428906372638, 0.0013130428906372638, 0.0012121830534626528, 0.0012121830534626528, 0.0012121830534626528, 0.0010961900624714787, 0.0010961900624714787, 0.0010961900624714787, 0.0010961900624714787, 0.0009595917499283808, 0.0009595917499283808, 0.0009595917499283808, 0.0009595917499283808, 0.0009595917499283808, 0.0009595917499283808, 0.0009595917499283808, 0.0009595917499283808, 0.0009595917499283808, 0.0009595917499283808, 0.0009595917499283808, 0.0010961900624714787, 0.0010961900624714787, 0.0013130428906372638, 0.0013130428906372638, 0.0012121830534626528, 0.0010961900624714787, 0.0010961900624714787, 0.0009595917499283808, 0.0009595917499283808, 0.0009595917499283808, 0.0009595917499283808, 0.0009595917499283808, 0.0009595917499283808, 0.0009595917499283808, 0.0009595917499283808, 0.0009595917499283808, 0.0009595917499283808, 0.0009595917499283808, 0.0007917946548886297, 0.0007917946548886297, 0.0007917946548886297, 0.0009595917499283808, 0.0009595917499283808, 0.0010961900624714787, 0.0009595917499283808, 0.0009595917499283808, 0.0012121830534626528, 0.0012121830534626528, 0.0012121830534626528, 0.0010961900624714789, 0.001456862718169367, 0.001456862718169367, 0.001456862718169367, 0.001456862718169367, 0.0016182631152578625, 0.0013130428906372638, 0.0012121830534626528, 0.0015417985786550905, 0.0015417985786550905, 0.0015417985786550905, 0.0016182631152578625, 0.001927671747820914, 0.0014020393310154625, 0.0014020393310154625, 0.0014020393310154625, 0.0014813121596360826, 0.0014020393310154625, 0.0014020393310154625, 0.0014020393310154625, 0.0014020393310154625, 0.0014020393310154625, 0.0014020393310154625, 0.0014020393310154625, 0.0014020393310154625, 0.0014020393310154625, 0.0014020393310154625, 0.00168740834974096, 0.0016182631152578625, 0.0016182631152578625, 0.0016182631152578625, 0.0016182631152578625, 0.0015417985786550902, 0.0016182631152578625, 0.0016182631152578625, 0.0016182631152578625, 0.0015417985786550902, 0.001456862718169367, 0.0016182631152578623, 0.0016874083497409602, 0.0016874083497409602, 0.0016874083497409602, 0.0016874083497409602, 0.0016874083497409602, 0.0016182631152578625, 0.0016182631152578625, 0.0016182631152578625, 0.0016182631152578625, 0.0016182631152578625, 0.0014020393310154625, 0.0014020393310154625, 0.0014020393310154625, 0.0014020393310154625, 0.0013130428906372638, 0.0016874083497409602, 0.0016182631152578625, 0.0016182631152578625, 0.0016182631152578625, 0.0016182631152578625, 0.0015417985786550905, 0.001456862718169367, 0.0015417985786550905, 0.0015417985786550905, 0.0015417985786550905, 0.001456862718169367, 0.001456862718169367, 0.0015417985786550905, 0.0015417985786550905, 0.0015417985786550905, 0.0015417985786550905, 0.0016182631152578625, 0.0016182631152578625, 0.0016182631152578625, 0.0016182631152578625, 0.0016182631152578625, 0.0016182631152578625, 0.0016182631152578625, 0.0016182631152578625, 0.0016182631152578625, 0.0016182631152578625, 0.0016182631152578625, 0.0016182631152578625, 0.0016182631152578625, 0.0016182631152578625, 0.0016182631152578625, 0.0016182631152578625, 0.0016874083497409602, 0.0016874083497409602, 0.0016182631152578625, 0.0016182631152578625, 0.0016182631152578625, 0.0016182631152578625, 0.0016182631152578625, 0.0016182631152578625, 0.0016874083497409602, 0.001858680681976068, 0.001858680681976068, 0.0018070158058105024, 0.001750102037841549, 0.001750102037841549, 0.0014813121596360826, 0.0014813121596360826, 0.0014813121596360826, 0.0014813121596360826, 0.0015523517379664143, 0.0015523517379664143, 0.0015523517379664143, 0.0015523517379664143, 0.0014813121596360826, 0.0014020393310154625, 0.0014020393310154628, 0.0014020393310154628, 0.0013130428906372638, 0.0013130428906372638, 0.0013130428906372638, 0.0013130428906372638, 0.0012121830534626528, 0.0012121830534626528, 0.0010961900624714787, 0.0010961900624714787, 0.0012121830534626528, 0.0013130428906372638, 0.0012121830534626528, 0.0012121830534626528, 0.0012121830534626528, 0.0014020393310154625, 0.0013130428906372638, 0.0012121830534626528, 0.0013130428906372638, 0.0013130428906372638, 0.0013130428906372638, 0.0014020393310154625, 0.0014020393310154625, 0.0014020393310154625, 0.0014020393310154625, 0.0014020393310154625, 0.0014020393310154625, 0.0014020393310154625, 0.0014813121596360826, 0.0016162440712835374, 0.0016162440712835374, 0.0016738078303859213, 0.0016738078303859213, 0.0016162440712835374, 0.0016162440712835374, 0.0016162440712835374, 0.0015523517379664143, 0.0015523517379664143, 0.0015523517379664143, 0.0015523517379664143, 0.0015523517379664143, 0.0014813121596360824, 0.0014813121596360824, 0.0014813121596360824, 0.0014020393310154625, 0.0014020393310154625, 0.0014020393310154625, 0.0014020393310154625, 0.0014020393310154625, 0.0014020393310154625, 0.0013130428906372638, 0.0013130428906372638, 0.0013130428906372638, 0.0012121830534626528, 0.0012121830534626528, 0.0012121830534626528, 0.0012121830534626528, 0.0012121830534626528, 0.0013130428906372638, 0.0014020393310154625, 0.0014020393310154625, 0.0014813121596360824, 0.0014020393310154625, 0.0014020393310154625, 0.0014020393310154625, 0.0014020393310154625, 0.0014020393310154625, 0.0014020393310154625, 0.0014020393310154625, 0.0014813121596360826, 0.0014813121596360826, 0.0014020393310154625, 0.0014020393310154625, 0.0014020393310154625, 0.0013130428906372638, 0.0013130428906372638, 0.0013130428906372638, 0.0012121830534626528, 0.0012121830534626528, 0.0010961900624714787, 0.0010961900624714787, 0.0010961900624714787, 0.0010961900624714787, 0.0010961900624714787, 0.0010961900624714787, 0.0009595917499283808, 0.0010961900624714789, 0.0010961900624714789, 0.0010961900624714789, 0.0009595917499283808, 0.0009595917499283808, 0.0009595917499283808, 0.0010961900624714787, 0.0010961900624714787, 0.0010961900624714787, 0.0010961900624714787, 0.0010961900624714787, 0.0010961900624714787, 0.0010961900624714787, 0.0012121830534626528, 0.0012121830534626528, 0.0012121830534626528, 0.0012121830534626528, 0.0013130428906372638, 0.0013130428906372638, 0.0013130428906372638, 0.0013130428906372638, 0.0013130428906372638, 0.0013130428906372638, 0.0013130428906372638, 0.0013130428906372638, 0.0014020393310154625, 0.0014020393310154625, 0.0014020393310154625, 0.0014813121596360824, 0.0015523517379664143, 0.0014813121596360824, 0.0014813121596360824, 0.0014813121596360824, 0.0015523517379664143, 0.0014813121596360824, 0.0015523517379664143, 0.0015523517379664143, 0.0014813121596360826, 0.0014020393310154625, 0.0014020393310154625, 0.0014020393310154625, 0.0014020393310154625, 0.0014020393310154625, 0.0014020393310154625, 0.0013130428906372638, 0.0013130428906372638, 0.0010961900624714787, 0.0010961900624714787, 0.0010961900624714787, 0.0010961900624714787, 0.0010961900624714787, 0.0009595917499283808, 0.0009595917499283808, 0.0010961900624714787, 0.0010961900624714787, 0.0012121830534626528, 0.0015417985786550905, 0.0018088219190107902, 0.0018088219190107902, 0.0018088219190107902, 0.0018088219190107902, 0.0018088219190107902, 0.0018709377764279883, 0.0018088219190107904, 0.0016182631152578625, 0.0015417985786550905, 0.0012121830534626528, 0.0012121830534626528, 0.0012121830534626528, 0.0012121830534626528, 0.0012121830534626528, 0.0010961900624714787, 0.001456862718169367, 0.001456862718169367, 0.001456862718169367, 0.001361871461464341, 0.001361871461464341, 0.001456862718169367, 0.0015417985786550905, 0.0016182631152578625, 0.0012121830534626528, 0.0012121830534626528, 0.0012121830534626528, 0.0012121830534626528, 0.0014020393310154625, 0.0014020393310154625, 0.0014020393310154625, 0.0014020393310154625, 0.0014020393310154625, 0.0014020393310154625, 0.0014020393310154625, 0.0013130428906372638, 0.0013130428906372638, 0.0013130428906372638, 0.0013130428906372638, 0.0014020393310154625, 0.0014020393310154625, 0.0014020393310154625, 0.0015523517379664143, 0.0015523517379664143, 0.0015523517379664143, 0.0015523517379664143, 0.0015523517379664143, 0.0014813121596360826, 0.0015523517379664143, 0.0015523517379664143, 0.0015523517379664143, 0.0015523517379664143, 0.0014813121596360826, 0.0015523517379664143, 0.0016162440712835374, 0.0016162440712835374, 0.0016162440712835374, 0.0018070158058105024, 0.0018070158058105024, 0.0018586806819760678, 0.0016162440712835374, 0.0016162440712835374, 0.0015523517379664143, 0.0015523517379664143, 0.0014813121596360826, 0.0014813121596360826, 0.0014813121596360826, 0.0014020393310154625, 0.0013130428906372638, 0.0013130428906372638, 0.0013130428906372638, 0.0012121830534626528, 0.0012121830534626528, 0.0013130428906372638, 0.0012121830534626528, 0.0012121830534626528, 0.0012121830534626528, 0.0012121830534626528, 0.0010961900624714787, 0.0012121830534626528, 0.0012121830534626528, 0.0012121830534626528, 0.0012121830534626528, 0.0012121830534626528, 0.0012121830534626528, 0.0012121830534626528, 0.0012121830534626528, 0.0012121830534626528, 0.0012121830534626528, 0.0012121830534626528, 0.0012121830534626528, 0.0012121830534626528, 0.0010961900624714787, 0.0010961900624714787, 0.0009595917499283808, 0.0009595917499283808, 0.0010961900624714787, 0.0009595917499283808, 0.0009595917499283808, 0.0007917946548886297, 0.0009595917499283808, 0.0009595917499283808, 0.0009595917499283808, 0.0010961900624714787, 0.0010961900624714787, 0.0010961900624714787, 0.0010961900624714787, 0.0012121830534626528, 0.0012121830534626528, 0.0012121830534626528, 0.0012121830534626528, 0.0013130428906372638, 0.0013130428906372638, 0.0013130428906372638, 0.0013130428906372638, 0.0013130428906372638, 0.0013130428906372638, 0.0013130428906372638, 0.0013130428906372638, 0.0016182631152578625, 0.0016874083497409602, 0.0016874083497409602, 0.0016874083497409602, 0.0016874083497409602, 0.0016874083497409602, 0.001750102037841549, 0.0016874083497409602, 0.0014020393310154625, 0.0014020393310154625, 0.0014020393310154625, 0.0014020393310154625, 0.0013130428906372638, 0.0016874083497409602, 0.0016874083497409602, 0.0016874083497409602, 0.0016874083497409602, 0.0016874083497409602, 0.0016874083497409602, 0.0016874083497409602, 0.0017501020378415492, 0.0017501020378415492, 0.0016874083497409602, 0.0016874083497409602, 0.0016874083497409602, 0.0019276717478209143, 0.0016874083497409602, 0.0016874083497409602, 0.0016874083497409602, 0.0017501020378415492, 0.0016874083497409602, 0.0016874083497409602, 0.0016874083497409602, 0.0016874083497409602, 0.0016874083497409602, 0.0016874083497409602, 0.0016182631152578625, 0.0016182631152578625, 0.0016182631152578625, 0.0016182631152578625, 0.0016182631152578625, 0.0016874083497409602, 0.0016874083497409602, 0.0016874083497409602, 0.0016874083497409602, 0.0016874083497409602, 0.0016874083497409602, 0.0014813121596360826, 0.0014813121596360826, 0.0014813121596360826, 0.0014813121596360826, 0.0014020393310154625, 0.0014020393310154625, 0.0015523517379664143, 0.0014813121596360824, 0.0015523517379664143, 0.0014813121596360824, 0.0015523517379664143, 0.0013130428906372638, 0.0013130428906372638, 0.0013130428906372638, 0.0013130428906372638, 0.0012121830534626528, 0.0012121830534626528, 0.0012121830534626528, 0.0013130428906372638, 0.0014813121596360826, 0.0014020393310154625, 0.0014020393310154625, 0.0014813121596360826, 0.0014813121596360826, 0.0014813121596360826, 0.00168740834974096, 0.0016182631152578625, 0.0016182631152578625, 0.0016182631152578625, 0.0016182631152578625, 0.0019191834998567618, 0.0019191834998567618, 0.0019191834998567618, 0.0015417985786550905, 0.0012121830534626528, 0.0012121830534626528, 0.0012121830534626528, 0.0012121830534626528, 0.0012121830534626528, 0.0013130428906372638, 0.0013130428906372638, 0.0014020393310154625, 0.0014020393310154625, 0.0014020393310154625, 0.0013130428906372638, 0.0013130428906372638, 0.0016182631152578625, 0.00168740834974096, 0.00168740834974096, 0.00168740834974096, 0.0016182631152578625, 0.0016182631152578625, 0.0016182631152578625, 0.0016182631152578625, 0.00168740834974096, 0.0016182631152578625, 0.0016182631152578625, 0.0016182631152578625, 0.0015417985786550905, 0.0016182631152578625, 0.0016182631152578625, 0.0016182631152578625, 0.0016182631152578625, 0.0013130428906372638, 0.0012121830534626528, 0.0012121830534626528, 0.0013130428906372638, 0.0013130428906372638, 0.0013130428906372638, 0.0012121830534626528, 0.0012121830534626528, 0.0014020393310154625, 0.0014020393310154625, 0.0014020393310154625, 0.0012121830534626528, 0.0012121830534626528, 0.0012121830534626528, 0.0012121830534626528, 0.0012121830534626528, 0.0012121830534626528, 0.0012121830534626528, 0.0012121830534626528, 0.0012121830534626528, 0.0012121830534626528, 0.0012121830534626528, 0.0010961900624714787, 0.0010961900624714787, 0.0010961900624714787, 0.0010961900624714787, 0.0010961900624714787, 0.0010961900624714787, 0.0010961900624714787, 0.0010961900624714787, 0.0010961900624714787, 0.0009595917499283808, 0.0010961900624714787, 0.0010961900624714787, 0.0010961900624714787, 0.0010961900624714787, 0.0010961900624714787, 0.0012121830534626528, 0.0012121830534626528, 0.0014020393310154625, 0.0014020393310154625, 0.0014020393310154625, 0.0014813121596360826, 0.0015523517379664143, 0.0016162440712835374, 0.0016162440712835374, 0.0015523517379664143, 0.0015523517379664143, 0.0014813121596360826, 0.0014813121596360826, 0.0014813121596360826, 0.0014813121596360826, 0.0013130428906372638, 0.0013130428906372638, 0.0012121830534626528, 0.0012121830534626528, 0.0012121830534626528, 0.0012121830534626528, 0.0010961900624714787, 0.0010961900624714787, 0.0010961900624714787, 0.0010961900624714787, 0.0012121830534626528, 0.0010961900624714787, 0.0009595917499283808, 0.0009595917499283808, 0.0009595917499283808, 0.0009595917499283808, 0.0009595917499283808, 0.0010961900624714787, 0.001456862718169367, 0.001456862718169367, 0.001456862718169367, 0.0015417985786550905, 0.0015417985786550905, 0.0015417985786550905, 0.0016182631152578625, 0.0016182631152578625, 0.0016182631152578625, 0.0016874083497409602, 0.0016874083497409602, 0.001750102037841549, 0.001750102037841549, 0.0018070158058105024, 0.0018070158058105024, 0.001750102037841549, 0.001750102037841549, 0.001750102037841549, 0.001750102037841549, 0.001750102037841549, 0.001750102037841549, 0.001750102037841549, 0.001750102037841549, 0.001750102037841549, 0.0018070158058105027, 0.0018070158058105027, 0.0018070158058105027, 0.0018070158058105024, 0.0018586806819760678, 0.0018586806819760678, 0.0019055236572037791, 0.0018586806819760678, 0.0016874083497409602, 0.001750102037841549, 0.001750102037841549, 0.001750102037841549, 0.001750102037841549, 0.001750102037841549, 0.001750102037841549, 0.001750102037841549, 0.001750102037841549, 0.001979486637221574, 0.001979486637221574, 0.0019276717478209143, 0.0018709377764279883, 0.0018709377764279883, 0.0016182631152578623, 0.0010961900624714787, 0.0010961900624714787, 0.0010961900624714787, 0.0009595917499283808, 0.0005656854249492381, 0.0005656854249492381, 0.0007917946548886297, 0.0007917946548886297, 0.0007917946548886297, 0.0007917946548886297, 0.0007917946548886297, 0.0007917946548886297, 0.0007917946548886297, 0.0007917946548886297, 0.0007917946548886297, 0.000565685424949238, 0.000565685424949238, 0.0007917946548886297, 0.0007917946548886297, 0.0007917946548886297, 0.0007917946548886297, 0.0009595917499283809, 0.0009595917499283809, 0.0009595917499283809, 0.0009595917499283809, 0.0009595917499283809, 0.0009595917499283809, 0.0009595917499283809, 0.0009595917499283809, 0.0009595917499283809, 0.0009595917499283809, 0.0009595917499283809, 0.0009595917499283809, 0.0009595917499283809, 0.0012121830534626528, 0.0012121830534626528, 0.0010961900624714787, 0.0010961900624714787, 0.0010961900624714787, 0.0010961900624714787, 0.0012121830534626528, 0.0010961900624714787, 0.0010961900624714787, 0.0010961900624714787, 0.0010961900624714787, 0.0009595917499283808, 0.0007917946548886297, 0.0007917946548886297, 0.0007917946548886297, 0.0007917946548886297, 0.000565685424949238, 0.000565685424949238, 0.000565685424949238, 0.000565685424949238, 0.000565685424949238, 0.000565685424949238, 0.000565685424949238, 0.000565685424949238, 0.000565685424949238, 0.000565685424949238, 0.000565685424949238, 0.0, 0.0, 0.0, 0.0, 0.0, 0.0005656854249492381, 0.0005656854249492381, 0.0005656854249492381, 0.0005656854249492381, 0.0, 0.0, 0.0, 0.0, 0.0, 0.0, 0.0, 0.0, 0.0, 0.0, 0.0, 0.0, 0.0, 0.0, 0.0005656854249492381, 0.0005656854249492381, 0.0005656854249492381, 0.0005656854249492381, 0.0007917946548886297, 0.0007917946548886297, 0.0007917946548886297, 0.0007917946548886297, 0.0007917946548886297, 0.0007917946548886297, 0.0005656854249492381, 0.0, 0.000565685424949238, 0.000565685424949238, 0.0007917946548886297, 0.0007917946548886297, 0.000565685424949238, 0.0, 0.0, 0.000565685424949238, 0.000565685424949238, 0.000565685424949238, 0.000565685424949238, 0.000565685424949238, 0.000565685424949238, 0.000565685424949238, 0.000565685424949238, 0.000565685424949238, 0.000565685424949238, 0.000565685424949238, 0.000565685424949238, 0.000565685424949238, 0.000565685424949238, 0.000565685424949238, 0.000565685424949238, 0.000565685424949238, 0.000565685424949238, 0.000565685424949238, 0.0007917946548886297, 0.0009595917499283808, 0.0009595917499283808, 0.0009595917499283808, 0.0009595917499283808, 0.0009595917499283808, 0.0009595917499283808, 0.0007917946548886297, 0.0007917946548886297, 0.000565685424949238, 0.0007917946548886297, 0.0007917946548886297, 0.0007917946548886297, 0.0007917946548886297, 0.0007917946548886297, 0.0007917946548886297, 0.0007917946548886297, 0.0007917946548886297, 0.0007917946548886297, 0.0007917946548886297, 0.0007917946548886297, 0.0007917946548886297, 0.0007917946548886297, 0.0007917946548886297, 0.0007917946548886297, 0.0007917946548886297, 0.0007917946548886297, 0.0007917946548886297, 0.0007917946548886297, 0.000565685424949238, 0.000565685424949238, 0.000565685424949238, 0.0, 0.0005656854249492381, 0.0005656854249492381, 0.0005656854249492381, 0.0007917946548886297, 0.0007917946548886297, 0.0007917946548886297, 0.000565685424949238, 0.000565685424949238, 0.000565685424949238, 0.000565685424949238, 0.000565685424949238, 0.000565685424949238, 0.000565685424949238, 0.0007917946548886297, 0.0007917946548886297, 0.0007917946548886297, 0.0007917946548886297, 0.0007917946548886297, 0.0007917946548886297, 0.0007917946548886297, 0.0009595917499283808, 0.0010961900624714787, 0.0010961900624714787, 0.0010961900624714787, 0.0010961900624714787, 0.0010961900624714787, 0.0012121830534626528, 0.0013130428906372638, 0.0013130428906372638, 0.0013130428906372638, 0.0012121830534626528, 0.0012121830534626528, 0.0012121830534626528, 0.0012121830534626528, 0.0010961900624714789, 0.0010961900624714789, 0.0010961900624714789, 0.0009595917499283809, 0.0009595917499283809, 0.0009595917499283809, 0.0010961900624714789, 0.0010961900624714789, 0.0010961900624714789, 0.0010961900624714789, 0.0010961900624714789, 0.0010961900624714789, 0.0012121830534626528, 0.0012121830534626528, 0.0012121830534626528, 0.0012121830534626528, 0.0012121830534626528, 0.0010961900624714787, 0.0010961900624714787, 0.0010961900624714787, 0.0010961900624714787, 0.0010961900624714787, 0.0010961900624714787, 0.0010961900624714787, 0.0010961900624714787, 0.0010961900624714787, 0.0010961900624714787, 0.0010961900624714787, 0.0010961900624714787, 0.0010961900624714787, 0.0010961900624714787, 0.0010961900624714787, 0.0010961900624714787, 0.0010961900624714787, 0.0010961900624714787, 0.0009595917499283808, 0.0009595917499283808, 0.0009595917499283808, 0.0007917946548886297, 0.0007917946548886297, 0.0007917946548886297, 0.0007917946548886297, 0.0007917946548886297, 0.0007917946548886297, 0.000565685424949238, 0.000565685424949238, 0.000565685424949238, 0.0, 0.0, 0.000565685424949238, 0.000565685424949238, 0.000565685424949238, 0.000565685424949238, 0.000565685424949238, 0.000565685424949238, 0.000565685424949238, 0.0007917946548886295, 0.0007917946548886295, 0.0007917946548886295, 0.0007917946548886295, 0.0007917946548886295, 0.0007917946548886295, 0.0007917946548886295, 0.0007917946548886295, 0.0007917946548886295, 0.0007917946548886295, 0.0007917946548886295, 0.0009595917499283808, 0.0007917946548886297, 0.0007917946548886297, 0.0007917946548886297, 0.0007917946548886297, 0.0007917946548886297, 0.0007917946548886297, 0.0007917946548886297, 0.0007917946548886297, 0.0007917946548886297, 0.0007917946548886297, 0.0007917946548886297, 0.0007917946548886297, 0.0007917946548886297, 0.0007917946548886297, 0.0007917946548886297, 0.0007917946548886297, 0.0007917946548886297, 0.0007917946548886297, 0.0007917946548886297, 0.0007917946548886297, 0.0007917946548886297, 0.0007917946548886297, 0.0007917946548886297, 0.0007917946548886297, 0.0007917946548886297, 0.0007917946548886297, 0.0007917946548886297, 0.0007917946548886297, 0.0007917946548886297, 0.0007917946548886297, 0.0007917946548886297, 0.0007917946548886297, 0.0007917946548886297, 0.0007917946548886297, 0.000565685424949238, 0.000565685424949238, 0.0, 0.000565685424949238, 0.000565685424949238, 0.000565685424949238, 0.000565685424949238, 0.000565685424949238, 0.000565685424949238, 0.000565685424949238, 0.000565685424949238, 0.000565685424949238, 0.000565685424949238, 0.000565685424949238, 0.000565685424949238, 0.000565685424949238, 0.000565685424949238, 0.000565685424949238, 0.000565685424949238, 0.000565685424949238, 0.000565685424949238, 0.000565685424949238, 0.000565685424949238, 0.000565685424949238, 0.000565685424949238, 0.000565685424949238, 0.000565685424949238, 0.000565685424949238, 0.000565685424949238, 0.0007917946548886297, 0.0007917946548886297, 0.000565685424949238, 0.0, 0.0, 0.0, 0.0, 0.0, 0.0, 0.0, 0.0, 0.0, 0.0, 0.0, 0.0, 0.0, 0.0, 0.0, 0.0, 0.0, 0.0, 0.0, 0.0, 0.0, 0.0, 0.0, 0.0, 0.0, 0.0, 0.0, 0.0, 0.0, 0.0, 0.0, 0.0, 0.0, 0.0, 0.0, 0.0, 0.0, 0.0, 0.0, 0.0, 0.0, 0.0, 0.0, 0.0, 0.0, 0.0, 0.0, 0.0, 0.0, 0.0, 0.0, 0.0, 0.0, 0.000565685424949238, 0.000565685424949238, 0.000565685424949238, 0.000565685424949238, 0.000565685424949238, 0.000565685424949238, 0.000565685424949238, 0.000565685424949238, 0.000565685424949238, 0.000565685424949238, 0.0007917946548886297, 0.000565685424949238, 0.000565685424949238, 0.000565685424949238, 0.000565685424949238, 0.000565685424949238, 0.000565685424949238, 0.000565685424949238, 0.000565685424949238, 0.000565685424949238, 0.000565685424949238, 0.000565685424949238, 0.000565685424949238, 0.000565685424949238, 0.000565685424949238, 0.000565685424949238, 0.000565685424949238, 0.0007917946548886297, 0.0007917946548886297, 0.0007917946548886297, 0.0007917946548886297, 0.0007917946548886297, 0.0007917946548886297, 0.0007917946548886297, 0.0007917946548886297, 0.0007917946548886297, 0.0007917946548886297, 0.0007917946548886297, 0.0007917946548886297, 0.0007917946548886297, 0.0007917946548886297, 0.0007917946548886297, 0.0007917946548886297, 0.0007917946548886297, 0.0007917946548886297, 0.0007917946548886297, 0.0007917946548886297, 0.0007917946548886297, 0.0007917946548886297, 0.0007917946548886297, 0.0007917946548886297, 0.0007917946548886297, 0.0007917946548886297, 0.0007917946548886297, 0.0007917946548886297, 0.000565685424949238, 0.000565685424949238, 0.000565685424949238, 0.000565685424949238, 0.000565685424949238, 0.000565685424949238, 0.000565685424949238, 0.000565685424949238, 0.000565685424949238, 0.000565685424949238, 0.0, 0.0, 0.0, 0.0, 0.0, 0.0, 0.0, 0.0, 0.0, 0.0, 0.0, 0.0, 0.0, 0.0, 0.0, 0.0, 0.0, 0.0, 0.0, 0.0, 0.0, 0.0, 0.0, 0.0, 0.0, 0.0, 0.0, 0.0, 0.0, 0.0, 0.0, 0.0, 0.0, 0.0, 0.0, 0.0, 0.0, 0.0, 0.0, 0.0, 0.0, 0.0, 0.0, 0.0, 0.0, 0.0, 0.0, 0.0, 0.0, 0.0, 0.0, 0.0, 0.0, 0.0, 0.0, 0.0, 0.0, 0.0, 0.0, 0.0, 0.0, 0.0, 0.0, 0.0, 0.0, 0.0, 0.0, 0.0, 0.0, 0.0, 0.0, 0.0, 0.0, 0.0, 0.0, 0.0, 0.0, 0.0, 0.0, 0.0, 0.0, 0.0, 0.0, 0.0, 0.0, 0.0, 0.0, 0.0, 0.0, 0.0, 0.0, 0.0, 0.0, 0.0005656854249492381, 0.0005656854249492381, 0.0005656854249492381, 0.0005656854249492381, 0.0005656854249492381, 0.0005656854249492381, 0.0005656854249492381, 0.0005656854249492381, 0.0005656854249492381, 0.0, 0.0, 0.0, 0.0, 0.0, 0.0, 0.0, 0.0, 0.0, 0.0, 0.0, 0.0, 0.0, 0.0, 0.0, 0.0, 0.0, 0.0, 0.0, 0.0, 0.0, 0.0, 0.0, 0.0, 0.0, 0.0, 0.0, 0.0, 0.0, 0.0, 0.0, 0.0, 0.0, 0.0, 0.0, 0.0, 0.0, 0.0, 0.0, 0.0, 0.000565685424949238]"
1,"[1.0, 2.0, 3.0, 4.0, 5.0, 6.0, 7.0, 8.0, 9.0, 10.0, 11.0, 12.0, 13.0, 14.0, 15.0, 16.0, 17.0, 18.0, 19.0, 20.0, 21.0, 22.0, 23.0, 24.0, 25.0, 26.0, 27.0, 28.0, 29.0, 30.0, 31.0, 32.0, 33.0, 34.0, 35.0, 36.0, 37.0, 38.0, 39.0, 40.0, 41.0, 42.0, 43.0, 44.0, 45.0, 46.0, 47.0, 48.0, 49.0, 50.0, 51.0, 52.0, 53.0, 54.0, 55.0, 56.0, 57.0, 58.0, 59.0, 60.0, 61.0, 62.0, 63.0, 64.0, 65.0, 66.0, 67.0, 68.0, 69.0, 70.0, 71.0, 72.0, 73.0, 74.0, 75.0, 76.0, 77.0, 78.0, 79.0, 80.0, 81.0, 82.0, 83.0, 84.0, 85.0, 86.0, 87.0, 88.0, 89.0, 90.0, 91.0, 92.0, 93.0, 94.0, 95.0, 96.0, 97.0, 98.0, 99.0, 100.0, 101.0, 102.0, 103.0, 104.0, 105.0, 106.0, 107.0, 108.0, 109.0, 110.0, 111.0, 112.0, 113.0, 114.0, 115.0, 116.0, 117.0, 118.0, 119.0, 120.0, 121.0, 122.0, 123.0, 124.0, 125.0, 126.0, 127.0, 128.0, 129.0, 130.0, 131.0, 132.0, 133.0, 134.0, 135.0, 136.0, 137.0, 138.0, 139.0, 140.0, 141.0, 142.0, 143.0, 144.0, 145.0, 146.0, 147.0, 148.0, 149.0, 150.0, 151.0, 152.0, 153.0, 154.0, 155.0, 156.0, 157.0, 158.0, 159.0, 160.0, 161.0, 162.0, 163.0, 164.0, 165.0, 166.0, 167.0, 168.0, 169.0, 170.0, 171.0, 172.0, 173.0, 174.0, 175.0, 176.0, 177.0, 178.0, 179.0, 180.0, 181.0, 182.0, 183.0, 184.0, 185.0, 186.0, 187.0, 188.0, 189.0, 190.0, 191.0, 192.0, 193.0, 194.0, 195.0, 196.0, 197.0, 198.0, 199.0, 200.0, 201.0, 202.0, 203.0, 204.0, 205.0, 206.0, 207.0, 208.0, 209.0, 210.0, 211.0, 212.0, 213.0, 214.0, 215.0, 216.0, 217.0, 218.0, 219.0, 220.0, 221.0, 222.0, 223.0, 224.0, 225.0, 226.0, 227.0, 228.0, 229.0, 230.0, 231.0, 232.0, 233.0, 234.0, 235.0, 236.0, 237.0, 238.0, 239.0, 240.0, 241.0, 242.0, 243.0, 244.0, 245.0, 246.0, 247.0, 248.0, 249.0, 250.0, 251.0, 252.0, 253.0, 254.0, 255.0, 256.0, 257.0, 258.0, 259.0, 260.0, 261.0, 262.0, 263.0, 264.0, 265.0, 266.0, 267.0, 268.0, 269.0, 270.0, 271.0, 272.0, 273.0, 274.0, 275.0, 276.0, 277.0, 278.0, 279.0, 280.0, 281.0, 282.0, 283.0, 284.0, 285.0, 286.0, 287.0, 288.0, 289.0, 290.0, 291.0, 292.0, 293.0, 294.0, 295.0, 296.0, 297.0, 298.0, 299.0, 300.0, 301.0, 302.0, 303.0, 304.0, 305.0, 306.0, 307.0, 308.0, 309.0, 310.0, 311.0, 312.0, 313.0, 314.0, 315.0, 316.0, 317.0, 318.0, 319.0, 320.0, 321.0, 322.0, 323.0, 324.0, 325.0, 326.0, 327.0, 328.0, 329.0, 330.0, 331.0, 332.0, 333.0, 334.0, 335.0, 336.0, 337.0, 338.0, 339.0, 340.0, 341.0, 342.0, 343.0, 344.0, 345.0, 346.0, 347.0, 348.0, 349.0, 350.0, 351.0, 352.0, 353.0, 354.0, 355.0, 356.0, 357.0, 358.0, 359.0, 360.0, 361.0, 362.0, 363.0, 364.0, 365.0, 366.0, 367.0, 368.0, 369.0, 370.0, 371.0, 372.0, 373.0, 374.0, 375.0, 376.0, 377.0, 378.0, 379.0, 380.0, 381.0, 382.0, 383.0, 384.0, 385.0, 386.0, 387.0, 388.0, 389.0, 390.0, 391.0, 392.0, 393.0, 394.0, 395.0, 396.0, 397.0, 398.0, 399.0, 400.0, 401.0, 402.0, 403.0, 404.0, 405.0, 406.0, 407.0, 408.0, 409.0, 410.0, 411.0, 412.0, 413.0, 414.0, 415.0, 416.0, 417.0, 418.0, 419.0, 420.0, 421.0, 422.0, 423.0, 424.0, 425.0, 426.0, 427.0, 428.0, 429.0, 430.0, 431.0, 432.0, 433.0, 434.0, 435.0, 436.0, 437.0, 438.0, 439.0, 440.0, 441.0, 442.0, 443.0, 444.0, 445.0, 446.0, 447.0, 448.0, 449.0, 450.0, 451.0, 452.0, 453.0, 454.0, 455.0, 456.0, 457.0, 458.0, 459.0, 460.0, 461.0, 462.0, 463.0, 464.0, 465.0, 466.0, 467.0, 468.0, 469.0, 470.0, 471.0, 472.0, 473.0, 474.0, 475.0, 476.0, 477.0, 478.0, 479.0, 480.0, 481.0, 482.0, 483.0, 484.0, 485.0, 486.0, 487.0, 488.0, 489.0, 490.0, 491.0, 492.0, 493.0, 494.0, 495.0, 496.0, 497.0, 498.0, 499.0, 500.0, 501.0, 502.0, 503.0, 504.0, 505.0, 506.0, 507.0, 508.0, 509.0, 510.0, 511.0, 512.0, 513.0, 514.0, 515.0, 516.0, 517.0, 518.0, 519.0, 520.0, 521.0, 522.0, 523.0, 524.0, 525.0, 526.0, 527.0, 528.0, 529.0, 530.0, 531.0, 532.0, 533.0, 534.0, 535.0, 536.0, 537.0, 538.0, 539.0, 540.0, 541.0, 542.0, 543.0, 544.0, 545.0, 546.0, 547.0, 548.0, 549.0, 550.0, 551.0, 552.0, 553.0, 554.0, 555.0, 556.0, 557.0, 558.0, 559.0, 560.0, 561.0, 562.0, 563.0, 564.0, 565.0, 566.0, 567.0, 568.0, 569.0, 570.0, 571.0, 572.0, 573.0, 574.0, 575.0, 576.0, 577.0, 578.0, 579.0, 580.0, 581.0, 582.0, 583.0, 584.0, 585.0, 586.0, 587.0, 588.0, 589.0, 590.0, 591.0, 592.0, 593.0, 594.0, 595.0, 596.0, 597.0, 598.0, 599.0, 600.0, 601.0, 602.0, 603.0, 604.0, 605.0, 606.0, 607.0, 608.0, 609.0, 610.0, 611.0, 612.0, 613.0, 614.0, 615.0, 616.0, 617.0, 618.0, 619.0, 620.0, 621.0, 622.0, 623.0, 624.0, 625.0, 626.0, 627.0, 628.0, 629.0, 630.0, 631.0, 632.0, 633.0, 634.0, 635.0, 636.0, 637.0, 638.0, 639.0, 640.0, 641.0, 642.0, 643.0, 644.0, 645.0, 646.0, 647.0, 648.0, 649.0, 650.0, 651.0, 652.0, 653.0, 654.0, 655.0, 656.0, 657.0, 658.0, 659.0, 660.0, 661.0, 662.0, 663.0, 664.0, 665.0, 666.0, 667.0, 668.0, 669.0, 670.0, 671.0, 672.0, 673.0, 674.0, 675.0, 676.0, 677.0, 678.0, 679.0, 680.0, 681.0, 682.0, 683.0, 684.0, 685.0, 686.0, 687.0, 688.0, 689.0, 690.0, 691.0, 692.0, 693.0, 694.0, 695.0, 696.0, 697.0, 698.0, 699.0, 700.0, 701.0, 702.0, 703.0, 704.0, 705.0, 706.0, 707.0, 708.0, 709.0, 710.0, 711.0, 712.0, 713.0, 714.0, 715.0, 716.0, 717.0, 718.0, 719.0, 720.0, 721.0, 722.0, 723.0, 724.0, 725.0, 726.0, 727.0, 728.0, 729.0, 730.0, 731.0, 732.0, 733.0, 734.0, 735.0, 736.0, 737.0, 738.0, 739.0, 740.0, 741.0, 742.0, 743.0, 744.0, 745.0, 746.0, 747.0, 748.0, 749.0, 750.0, 751.0, 752.0, 753.0, 754.0, 755.0, 756.0, 757.0, 758.0, 759.0, 760.0, 761.0, 762.0, 763.0, 764.0, 765.0, 766.0, 767.0, 768.0, 769.0, 770.0, 771.0, 772.0, 773.0, 774.0, 775.0, 776.0, 777.0, 778.0, 779.0, 780.0, 781.0, 782.0, 783.0, 784.0, 785.0, 786.0, 787.0, 788.0, 789.0, 790.0, 791.0, 792.0, 793.0, 794.0, 795.0, 796.0, 797.0, 798.0, 799.0, 800.0, 801.0, 802.0, 803.0, 804.0, 805.0, 806.0, 807.0, 808.0, 809.0, 810.0, 811.0, 812.0, 813.0, 814.0, 815.0, 816.0, 817.0, 818.0, 819.0, 820.0, 821.0, 822.0, 823.0, 824.0, 825.0, 826.0, 827.0, 828.0, 829.0, 830.0, 831.0, 832.0, 833.0, 834.0, 835.0, 836.0, 837.0, 838.0, 839.0, 840.0, 841.0, 842.0, 843.0, 844.0, 845.0, 846.0, 847.0, 848.0, 849.0, 850.0, 851.0, 852.0, 853.0, 854.0, 855.0, 856.0, 857.0, 858.0, 859.0, 860.0, 861.0, 862.0, 863.0, 864.0, 865.0, 866.0, 867.0, 868.0, 869.0, 870.0, 871.0, 872.0, 873.0, 874.0, 875.0, 876.0, 877.0, 878.0, 879.0, 880.0, 881.0, 882.0, 883.0, 884.0, 885.0, 886.0, 887.0, 888.0, 889.0, 890.0, 891.0, 892.0, 893.0, 894.0, 895.0, 896.0, 897.0, 898.0, 899.0, 900.0, 901.0, 902.0, 903.0, 904.0, 905.0, 906.0, 907.0, 908.0, 909.0, 910.0, 911.0, 912.0, 913.0, 914.0, 915.0, 916.0, 917.0, 918.0, 919.0, 920.0, 921.0, 922.0, 923.0, 924.0, 925.0, 926.0, 927.0, 928.0, 929.0, 930.0, 931.0, 932.0, 933.0, 934.0, 935.0, 936.0, 937.0, 938.0, 939.0, 940.0, 941.0, 942.0, 943.0, 944.0, 945.0, 946.0, 947.0, 948.0, 949.0, 950.0, 951.0, 952.0, 953.0, 954.0, 955.0, 956.0, 957.0, 958.0, 959.0, 960.0, 961.0, 962.0, 963.0, 964.0, 965.0, 966.0, 967.0, 968.0, 969.0, 970.0, 971.0, 972.0, 973.0, 974.0, 975.0, 976.0, 977.0, 978.0, 979.0, 980.0, 981.0, 982.0, 983.0, 984.0, 985.0, 986.0, 987.0, 988.0, 989.0, 990.0, 991.0, 992.0, 993.0, 994.0, 995.0, 996.0, 997.0, 998.0, 999.0, 1000.0, 1001.0, 1002.0, 1003.0, 1004.0, 1005.0, 1006.0, 1007.0, 1008.0, 1009.0, 1010.0, 1011.0, 1012.0, 1013.0, 1014.0, 1015.0, 1016.0, 1017.0, 1018.0, 1019.0, 1020.0, 1021.0, 1022.0, 1023.0, 1024.0, 1025.0, 1026.0, 1027.0, 1028.0, 1029.0, 1030.0, 1031.0, 1032.0, 1033.0, 1034.0, 1035.0, 1036.0, 1037.0, 1038.0, 1039.0, 1040.0, 1041.0, 1042.0, 1043.0, 1044.0, 1045.0, 1046.0, 1047.0, 1048.0, 1049.0, 1050.0, 1051.0, 1052.0, 1053.0, 1054.0, 1055.0, 1056.0, 1057.0, 1058.0, 1059.0, 1060.0, 1061.0, 1062.0, 1063.0, 1064.0, 1065.0, 1066.0, 1067.0, 1068.0, 1069.0, 1070.0, 1071.0, 1072.0, 1073.0, 1074.0, 1075.0, 1076.0, 1077.0, 1078.0, 1079.0, 1080.0, 1081.0, 1082.0, 1083.0, 1084.0, 1085.0, 1086.0, 1087.0, 1088.0, 1089.0, 1090.0, 1091.0, 1092.0, 1093.0, 1094.0, 1095.0, 1096.0, 1097.0, 1098.0, 1099.0, 1100.0, 1101.0, 1102.0, 1103.0, 1104.0, 1105.0, 1106.0, 1107.0, 1108.0, 1109.0, 1110.0, 1111.0, 1112.0, 1113.0, 1114.0, 1115.0, 1116.0, 1117.0, 1118.0, 1119.0, 1120.0, 1121.0, 1122.0, 1123.0, 1124.0, 1125.0, 1126.0, 1127.0, 1128.0, 1129.0, 1130.0, 1131.0, 1132.0, 1133.0, 1134.0, 1135.0, 1136.0, 1137.0, 1138.0, 1139.0, 1140.0, 1141.0, 1142.0, 1143.0, 1144.0, 1145.0, 1146.0, 1147.0, 1148.0, 1149.0, 1150.0, 1151.0, 1152.0, 1153.0, 1154.0, 1155.0, 1156.0, 1157.0, 1158.0, 1159.0, 1160.0, 1161.0, 1162.0, 1163.0, 1164.0, 1165.0, 1166.0, 1167.0, 1168.0, 1169.0, 1170.0, 1171.0, 1172.0, 1173.0, 1174.0, 1175.0, 1176.0, 1177.0, 1178.0, 1179.0, 1180.0, 1181.0, 1182.0, 1183.0, 1184.0, 1185.0, 1186.0, 1187.0, 1188.0, 1189.0, 1190.0, 1191.0, 1192.0, 1193.0, 1194.0, 1195.0, 1196.0, 1197.0, 1198.0, 1199.0, 1200.0, 1201.0, 1202.0, 1203.0, 1204.0, 1205.0, 1206.0, 1207.0, 1208.0, 1209.0, 1210.0, 1211.0, 1212.0, 1213.0, 1214.0, 1215.0, 1216.0, 1217.0, 1218.0, 1219.0, 1220.0, 1221.0, 1222.0, 1223.0, 1224.0, 1225.0, 1226.0, 1227.0, 1228.0, 1229.0, 1230.0, 1231.0, 1232.0, 1233.0, 1234.0, 1235.0, 1236.0, 1237.0, 1238.0, 1239.0, 1240.0, 1241.0, 1242.0, 1243.0, 1244.0, 1245.0, 1246.0, 1247.0, 1248.0, 1249.0, 1250.0, 1251.0, 1252.0, 1253.0, 1254.0, 1255.0, 1256.0, 1257.0, 1258.0, 1259.0, 1260.0, 1261.0, 1262.0, 1263.0, 1264.0, 1265.0, 1266.0, 1267.0, 1268.0, 1269.0, 1270.0, 1271.0, 1272.0, 1273.0, 1274.0, 1275.0, 1276.0, 1277.0, 1278.0, 1279.0, 1280.0, 1281.0, 1282.0, 1283.0, 1284.0, 1285.0, 1286.0, 1287.0, 1288.0, 1289.0, 1290.0, 1291.0, 1292.0, 1293.0, 1294.0, 1295.0, 1296.0, 1297.0, 1298.0, 1299.0, 1300.0, 1301.0, 1302.0, 1303.0, 1304.0, 1305.0, 1306.0, 1307.0, 1308.0, 1309.0, 1310.0, 1311.0, 1312.0, 1313.0, 1314.0, 1315.0, 1316.0, 1317.0, 1318.0, 1319.0, 1320.0, 1321.0, 1322.0, 1323.0, 1324.0, 1325.0, 1326.0, 1327.0, 1328.0, 1329.0, 1330.0, 1331.0, 1332.0, 1333.0, 1334.0, 1335.0, 1336.0, 1337.0, 1338.0, 1339.0, 1340.0, 1341.0, 1342.0, 1343.0, 1344.0, 1345.0, 1346.0, 1347.0, 1348.0, 1349.0, 1350.0, 1351.0, 1352.0, 1353.0, 1354.0, 1355.0, 1356.0, 1357.0, 1358.0, 1359.0, 1360.0, 1361.0, 1362.0, 1363.0, 1364.0, 1365.0, 1366.0, 1367.0, 1368.0, 1369.0, 1370.0, 1371.0, 1372.0, 1373.0, 1374.0, 1375.0, 1376.0, 1377.0, 1378.0, 1379.0, 1380.0, 1381.0, 1382.0, 1383.0, 1384.0, 1385.0, 1386.0, 1387.0, 1388.0, 1389.0, 1390.0, 1391.0, 1392.0, 1393.0, 1394.0, 1395.0, 1396.0, 1397.0, 1398.0, 1399.0, 1400.0, 1401.0, 1402.0, 1403.0, 1404.0, 1405.0, 1406.0, 1407.0, 1408.0, 1409.0, 1410.0, 1411.0, 1412.0, 1413.0, 1414.0, 1415.0, 1416.0, 1417.0, 1418.0, 1419.0, 1420.0, 1421.0, 1422.0, 1423.0, 1424.0, 1425.0, 1426.0, 1427.0, 1428.0, 1429.0, 1430.0, 1431.0, 1432.0, 1433.0, 1434.0, 1435.0, 1436.0, 1437.0, 1438.0, 1439.0, 1440.0, 1441.0, 1442.0, 1443.0, 1444.0, 1445.0, 1446.0, 1447.0, 1448.0, 1449.0, 1450.0, 1451.0, 1452.0, 1453.0, 1454.0, 1455.0, 1456.0, 1457.0, 1458.0, 1459.0, 1460.0, 1461.0, 1462.0, 1463.0, 1464.0, 1465.0, 1466.0, 1467.0, 1468.0, 1469.0, 1470.0, 1471.0, 1472.0, 1473.0, 1474.0, 1475.0, 1476.0, 1477.0, 1478.0, 1479.0, 1480.0, 1481.0, 1482.0, 1483.0, 1484.0, 1485.0, 1486.0, 1487.0, 1488.0, 1489.0, 1490.0, 1491.0, 1492.0, 1493.0, 1494.0, 1495.0, 1496.0, 1497.0, 1498.0, 1499.0, 1500.0, 1501.0, 1502.0, 1503.0, 1504.0, 1505.0, 1506.0, 1507.0, 1508.0, 1509.0, 1510.0, 1511.0, 1512.0, 1513.0, 1514.0, 1515.0, 1516.0, 1517.0, 1518.0, 1519.0, 1520.0, 1521.0, 1522.0, 1523.0, 1524.0, 1525.0, 1526.0, 1527.0, 1528.0, 1529.0, 1530.0, 1531.0, 1532.0, 1533.0, 1534.0, 1535.0, 1536.0, 1537.0, 1538.0, 1539.0, 1540.0, 1541.0, 1542.0, 1543.0, 1544.0, 1545.0, 1546.0, 1547.0, 1548.0, 1549.0, 1550.0, 1551.0, 1552.0, 1553.0, 1554.0, 1555.0, 1556.0, 1557.0, 1558.0, 1559.0, 1560.0, 1561.0, 1562.0, 1563.0, 1564.0, 1565.0, 1566.0, 1567.0, 1568.0, 1569.0, 1570.0, 1571.0, 1572.0, 1573.0, 1574.0, 1575.0, 1576.0, 1577.0, 1578.0, 1579.0, 1580.0, 1581.0, 1582.0, 1583.0, 1584.0, 1585.0, 1586.0, 1587.0, 1588.0, 1589.0, 1590.0, 1591.0, 1592.0, 1593.0, 1594.0, 1595.0, 1596.0, 1597.0, 1598.0, 1599.0, 1600.0, 1601.0, 1602.0, 1603.0, 1604.0, 1605.0, 1606.0, 1607.0, 1608.0, 1609.0, 1610.0, 1611.0, 1612.0, 1613.0, 1614.0, 1615.0, 1616.0, 1617.0, 1618.0, 1619.0, 1620.0, 1621.0, 1622.0, 1623.0, 1624.0, 1625.0, 1626.0, 1627.0, 1628.0, 1629.0, 1630.0, 1631.0, 1632.0, 1633.0, 1634.0, 1635.0, 1636.0, 1637.0, 1638.0, 1639.0, 1640.0, 1641.0, 1642.0, 1643.0, 1644.0, 1645.0, 1646.0, 1647.0, 1648.0, 1649.0, 1650.0, 1651.0, 1652.0, 1653.0, 1654.0, 1655.0, 1656.0, 1657.0, 1658.0, 1659.0, 1660.0, 1661.0, 1662.0, 1663.0, 1664.0, 1665.0, 1666.0, 1667.0, 1668.0, 1669.0, 1670.0, 1671.0, 1672.0, 1673.0, 1674.0, 1675.0, 1676.0, 1677.0, 1678.0, 1679.0, 1680.0, 1681.0, 1682.0, 1683.0, 1684.0, 1685.0, 1686.0, 1687.0, 1688.0, 1689.0, 1690.0, 1691.0, 1692.0, 1693.0, 1694.0, 1695.0, 1696.0, 1697.0, 1698.0, 1699.0, 1700.0, 1701.0, 1702.0, 1703.0, 1704.0, 1705.0, 1706.0, 1707.0, 1708.0, 1709.0, 1710.0, 1711.0, 1712.0, 1713.0, 1714.0, 1715.0, 1716.0, 1717.0, 1718.0, 1719.0, 1720.0, 1721.0, 1722.0, 1723.0, 1724.0, 1725.0, 1726.0, 1727.0, 1728.0, 1729.0, 1730.0, 1731.0, 1732.0, 1733.0, 1734.0, 1735.0, 1736.0, 1737.0, 1738.0, 1739.0, 1740.0, 1741.0, 1742.0, 1743.0, 1744.0, 1745.0, 1746.0, 1747.0, 1748.0, 1749.0, 1750.0, 1751.0, 1752.0, 1753.0, 1754.0, 1755.0, 1756.0, 1757.0, 1758.0, 1759.0, 1760.0, 1761.0, 1762.0, 1763.0, 1764.0, 1765.0, 1766.0, 1767.0, 1768.0, 1769.0, 1770.0, 1771.0, 1772.0, 1773.0, 1774.0, 1775.0, 1776.0, 1777.0, 1778.0, 1779.0, 1780.0, 1781.0, 1782.0, 1783.0, 1784.0, 1785.0, 1786.0, 1787.0, 1788.0, 1789.0, 1790.0, 1791.0, 1792.0, 1793.0, 1794.0, 1795.0, 1796.0, 1797.0, 1798.0, 1799.0, 1800.0, 1801.0, 1802.0, 1803.0, 1804.0, 1805.0, 1806.0, 1807.0, 1808.0, 1809.0, 1810.0, 1811.0, 1812.0, 1813.0, 1814.0, 1815.0, 1816.0, 1817.0, 1818.0, 1819.0, 1820.0, 1821.0, 1822.0, 1823.0, 1824.0, 1825.0, 1826.0, 1827.0, 1828.0, 1829.0, 1830.0, 1831.0, 1832.0, 1833.0, 1834.0, 1835.0, 1836.0, 1837.0, 1838.0, 1839.0, 1840.0, 1841.0, 1842.0, 1843.0, 1844.0, 1845.0, 1846.0, 1847.0, 1848.0, 1849.0, 1850.0, 1851.0, 1852.0, 1853.0, 1854.0, 1855.0, 1856.0, 1857.0, 1858.0, 1859.0, 1860.0, 1861.0, 1862.0, 1863.0, 1864.0, 1865.0, 1866.0, 1867.0, 1868.0, 1869.0, 1870.0, 1871.0, 1872.0, 1873.0, 1874.0, 1875.0, 1876.0, 1877.0, 1878.0, 1879.0, 1880.0, 1881.0, 1882.0, 1883.0, 1884.0, 1885.0, 1886.0, 1887.0, 1888.0, 1889.0, 1890.0, 1891.0, 1892.0, 1893.0, 1894.0, 1895.0, 1896.0, 1897.0, 1898.0, 1899.0, 1900.0, 1901.0, 1902.0, 1903.0, 1904.0, 1905.0, 1906.0, 1907.0, 1908.0, 1909.0, 1910.0, 1911.0, 1912.0, 1913.0, 1914.0, 1915.0, 1916.0, 1917.0, 1918.0, 1919.0, 1920.0, 1921.0, 1922.0, 1923.0, 1924.0, 1925.0, 1926.0, 1927.0, 1928.0, 1929.0, 1930.0, 1931.0, 1932.0, 1933.0, 1934.0, 1935.0, 1936.0, 1937.0, 1938.0, 1939.0, 1940.0, 1941.0, 1942.0, 1943.0, 1944.0, 1945.0, 1946.0, 1947.0, 1948.0, 1949.0, 1950.0, 1951.0, 1952.0, 1953.0, 1954.0, 1955.0, 1956.0, 1957.0, 1958.0, 1959.0, 1960.0, 1961.0, 1962.0, 1963.0, 1964.0, 1965.0, 1966.0, 1967.0, 1968.0, 1969.0, 1970.0, 1971.0, 1972.0, 1973.0, 1974.0, 1975.0, 1976.0, 1977.0, 1978.0, 1979.0, 1980.0, 1981.0, 1982.0, 1983.0, 1984.0, 1985.0, 1986.0, 1987.0, 1988.0, 1989.0, 1990.0, 1991.0, 1992.0, 1993.0, 1994.0, 1995.0, 1996.0, 1997.0, 1998.0, 1999.0, 2000.0, 2001.0, 2002.0, 2003.0, 2004.0, 2005.0, 2006.0, 2007.0, 2008.0, 2009.0, 2010.0, 2011.0, 2012.0, 2013.0, 2014.0, 2015.0, 2016.0, 2017.0, 2018.0, 2019.0, 2020.0, 2021.0, 2022.0, 2023.0, 2024.0, 2025.0, 2026.0, 2027.0, 2028.0, 2029.0, 2030.0, 2031.0, 2032.0, 2033.0, 2034.0, 2035.0, 2036.0, 2037.0, 2038.0, 2039.0, 2040.0, 2041.0, 2042.0, 2043.0, 2044.0, 2045.0, 2046.0, 2047.0, 2048.0, 2049.0, 2050.0, 2051.0, 2052.0, 2053.0, 2054.0, 2055.0, 2056.0, 2057.0, 2058.0, 2059.0, 2060.0, 2061.0, 2062.0, 2063.0, 2064.0, 2065.0, 2066.0, 2067.0, 2068.0, 2069.0, 2070.0, 2071.0, 2072.0, 2073.0, 2074.0, 2075.0, 2076.0, 2077.0, 2078.0, 2079.0, 2080.0, 2081.0, 2082.0, 2083.0, 2084.0, 2085.0, 2086.0, 2087.0, 2088.0, 2089.0, 2090.0, 2091.0, 2092.0, 2093.0, 2094.0, 2095.0, 2096.0, 2097.0, 2098.0, 2099.0, 2100.0, 2101.0, 2102.0, 2103.0, 2104.0, 2105.0, 2106.0, 2107.0, 2108.0, 2109.0, 2110.0, 2111.0, 2112.0, 2113.0, 2114.0, 2115.0, 2116.0, 2117.0, 2118.0, 2119.0, 2120.0, 2121.0, 2122.0, 2123.0, 2124.0, 2125.0, 2126.0, 2127.0, 2128.0, 2129.0, 2130.0, 2131.0, 2132.0, 2133.0, 2134.0, 2135.0, 2136.0, 2137.0, 2138.0, 2139.0, 2140.0, 2141.0, 2142.0, 2143.0, 2144.0, 2145.0, 2146.0, 2147.0, 2148.0, 2149.0, 2150.0, 2151.0, 2152.0, 2153.0, 2154.0, 2155.0, 2156.0, 2157.0, 2158.0, 2159.0, 2160.0, 2161.0, 2162.0, 2163.0, 2164.0, 2165.0, 2166.0, 2167.0, 2168.0, 2169.0, 2170.0, 2171.0, 2172.0, 2173.0, 2174.0, 2175.0, 2176.0, 2177.0, 2178.0, 2179.0, 2180.0, 2181.0, 2182.0, 2183.0, 2184.0, 2185.0, 2186.0, 2187.0, 2188.0, 2189.0, 2190.0, 2191.0, 2192.0, 2193.0, 2194.0, 2195.0, 2196.0, 2197.0, 2198.0, 2199.0, 2200.0, 2201.0, 2202.0, 2203.0, 2204.0, 2205.0, 2206.0, 2207.0, 2208.0, 2209.0, 2210.0, 2211.0, 2212.0, 2213.0, 2214.0, 2215.0, 2216.0, 2217.0, 2218.0, 2219.0, 2220.0, 2221.0, 2222.0, 2223.0, 2224.0, 2225.0, 2226.0, 2227.0, 2228.0, 2229.0, 2230.0, 2231.0, 2232.0, 2233.0, 2234.0, 2235.0, 2236.0, 2237.0, 2238.0, 2239.0, 2240.0, 2241.0, 2242.0, 2243.0, 2244.0, 2245.0, 2246.0, 2247.0, 2248.0, 2249.0, 2250.0, 2251.0, 2252.0, 2253.0, 2254.0, 2255.0, 2256.0, 2257.0, 2258.0, 2259.0, 2260.0, 2261.0, 2262.0, 2263.0, 2264.0, 2265.0, 2266.0, 2267.0, 2268.0, 2269.0, 2270.0, 2271.0, 2272.0, 2273.0, 2274.0, 2275.0, 2276.0, 2277.0, 2278.0, 2279.0, 2280.0, 2281.0, 2282.0, 2283.0, 2284.0, 2285.0, 2286.0, 2287.0, 2288.0, 2289.0, 2290.0, 2291.0, 2292.0, 2293.0, 2294.0, 2295.0, 2296.0, 2297.0, 2298.0, 2299.0, 2300.0, 2301.0, 2302.0, 2303.0, 2304.0, 2305.0, 2306.0, 2307.0, 2308.0, 2309.0, 2310.0, 2311.0, 2312.0, 2313.0, 2314.0, 2315.0, 2316.0, 2317.0, 2318.0, 2319.0, 2320.0, 2321.0, 2322.0, 2323.0, 2324.0, 2325.0, 2326.0, 2327.0, 2328.0, 2329.0, 2330.0, 2331.0, 2332.0, 2333.0, 2334.0, 2335.0, 2336.0, 2337.0, 2338.0, 2339.0, 2340.0, 2341.0, 2342.0, 2343.0, 2344.0, 2345.0, 2346.0, 2347.0, 2348.0, 2349.0, 2350.0, 2351.0, 2352.0, 2353.0, 2354.0, 2355.0, 2356.0, 2357.0, 2358.0, 2359.0, 2360.0, 2361.0, 2362.0, 2363.0, 2364.0, 2365.0, 2366.0, 2367.0, 2368.0, 2369.0, 2370.0, 2371.0, 2372.0, 2373.0, 2374.0, 2375.0, 2376.0, 2377.0, 2378.0, 2379.0, 2380.0, 2381.0, 2382.0, 2383.0, 2384.0, 2385.0, 2386.0, 2387.0, 2388.0, 2389.0, 2390.0, 2391.0, 2392.0, 2393.0, 2394.0, 2395.0, 2396.0, 2397.0, 2398.0, 2399.0, 2400.0]","[0.0, 0.0, 0.0, 0.0, 0.0, 0.0, 0.0, 0.0, 0.0, 0.0, 0.0, 0.0, 0.0, 0.0, 0.0, 0.0, 0.0, 0.0, 0.0, 0.0, 0.0, 0.0, 0.0, 0.0, 0.0, 0.0, 0.0, 0.0, 0.0, 0.0, 0.0, 0.0, 0.0, 0.0, 0.0, 0.0, 0.0, 0.0, 0.0, 0.0, 0.0, 0.0, 0.0, 0.00012, 0.00012, 0.00012, 0.00012, 0.00012, 0.00012, 0.00012, 0.00012, 0.00012, 0.00012, 0.00012, 0.00012, 0.00012, 0.00012, 0.00012, 0.00012, 0.00012, 0.00012, 0.00012, 0.00012, 0.00024, 0.00024, 0.00024, 0.00024, 0.00024, 0.00036, 0.00036, 0.00036, 0.00036, 0.00036, 0.00036, 0.00036, 0.00036, 0.00036, 0.00036, 0.00036, 0.00036, 0.00036, 0.00036, 0.00036, 0.00036, 0.00036, 0.00048, 0.0006000000000000001, 0.0006000000000000001, 0.0006000000000000001, 0.0006000000000000001, 0.0006000000000000001, 0.0006000000000000001, 0.0006000000000000001, 0.0006000000000000001, 0.0006000000000000001, 0.0006000000000000001, 0.0006000000000000001, 0.0006000000000000001, 0.0006000000000000001, 0.0006000000000000001, 0.0006000000000000001, 0.0006000000000000001, 0.0006000000000000001, 0.0006000000000000001, 0.0006000000000000001, 0.0006000000000000001, 0.0006000000000000001, 0.0006000000000000001, 0.0006000000000000001, 0.0006000000000000001, 0.0006000000000000001, 0.0006000000000000001, 0.0006000000000000001, 0.0006000000000000001, 0.0006000000000000001, 0.0006000000000000001, 0.0006000000000000001, 0.0006000000000000001, 0.0006000000000000001, 0.0006000000000000001, 0.0006000000000000001, 0.00072, 0.00072, 0.00072, 0.00072, 0.00072, 0.00072, 0.00072, 0.00072, 0.00072, 0.00072, 0.00072, 0.00072, 0.00072, 0.00072, 0.00072, 0.00072, 0.00072, 0.00072, 0.00072, 0.00072, 0.00072, 0.00072, 0.00072, 0.00072, 0.00072, 0.00072, 0.00072, 0.00072, 0.00072, 0.00072, 0.00072, 0.00072, 0.00072, 0.00072, 0.00072, 0.00072, 0.00072, 0.00072, 0.00072, 0.00072, 0.00072, 0.00072, 0.00072, 0.00072, 0.00072, 0.00072, 0.00072, 0.00072, 0.00072, 0.00072, 0.00072, 0.00072, 0.00072, 0.00072, 0.00072, 0.00072, 0.00072, 0.00072, 0.00072, 0.00072, 0.00072, 0.00072, 0.00072, 0.00072, 0.00072, 0.00072, 0.00072, 0.00072, 0.00072, 0.00072, 0.00072, 0.00072, 0.00072, 0.00072, 0.00072, 0.00084, 0.00096, 0.00096, 0.0010800000000000002, 0.0010800000000000002, 0.0010800000000000002, 0.0012000000000000001, 0.0012000000000000001, 0.0012000000000000001, 0.0012000000000000001, 0.0012000000000000001, 0.0012000000000000001, 0.0012000000000000001, 0.0012000000000000001, 0.0012000000000000001, 0.0012000000000000001, 0.0012000000000000001, 0.0012000000000000001, 0.0012000000000000001, 0.0012000000000000001, 0.0012000000000000001, 0.0012000000000000001, 0.0012000000000000001, 0.0012000000000000001, 0.0012000000000000001, 0.0012000000000000001, 0.0012000000000000001, 0.0012000000000000001, 0.0012000000000000001, 0.0012000000000000001, 0.0012000000000000001, 0.0012000000000000001, 0.0012000000000000001, 0.0012000000000000001, 0.0012000000000000001, 0.0012000000000000001, 0.0012000000000000001, 0.0012000000000000001, 0.0012000000000000001, 0.0012000000000000001, 0.0012000000000000001, 0.0012000000000000001, 0.0012000000000000001, 0.0012000000000000001, 0.0012000000000000001, 0.0012000000000000001, 0.0012000000000000001, 0.0012000000000000001, 0.0012000000000000001, 0.0012000000000000001, 0.0012000000000000001, 0.0012000000000000001, 0.0012000000000000001, 0.0012000000000000001, 0.0012000000000000001, 0.0012000000000000001, 0.0012000000000000001, 0.0012000000000000001, 0.0012000000000000001, 0.0012000000000000001, 0.0012000000000000001, 0.0012000000000000001, 0.0012000000000000001, 0.0012000000000000001, 0.0012000000000000001, 0.0012000000000000001, 0.0012000000000000001, 0.0012000000000000001, 0.0012000000000000001, 0.0012000000000000001, 0.0012000000000000001, 0.0012000000000000001, 0.0012000000000000001, 0.0012000000000000001, 0.0012000000000000001, 0.0012000000000000001, 0.0012000000000000001, 0.0012000000000000001, 0.0012000000000000001, 0.0012000000000000001, 0.0012000000000000001, 0.0012000000000000001, 0.0012000000000000001, 0.0012000000000000001, 0.0012000000000000001, 0.0012000000000000001, 0.0012000000000000001, 0.0012000000000000001, 0.00132, 0.00132, 0.00132, 0.00144, 0.0015600000000000002, 0.0015600000000000002, 0.0015600000000000002, 0.0015600000000000002, 0.0015600000000000002, 0.0015600000000000002, 0.0015600000000000002, 0.0015600000000000002, 0.0015600000000000002, 0.0015600000000000002, 0.0015600000000000002, 0.0015600000000000002, 0.0015600000000000002, 0.0015600000000000002, 0.0015600000000000002, 0.0015600000000000002, 0.0015600000000000002, 0.0015600000000000002, 0.0015600000000000002, 0.0015600000000000002, 0.0015600000000000002, 0.0015600000000000002, 0.0015600000000000002, 0.0015600000000000002, 0.0015600000000000002, 0.0015600000000000002, 0.0015600000000000002, 0.00168, 0.00168, 0.00168, 0.00168, 0.00168, 0.00168, 0.00168, 0.00168, 0.00168, 0.00168, 0.00168, 0.00168, 0.00168, 0.00168, 0.00168, 0.00168, 0.00168, 0.00168, 0.00168, 0.00168, 0.00168, 0.00168, 0.00168, 0.00168, 0.00168, 0.00168, 0.00168, 0.00168, 0.00168, 0.00168, 0.00168, 0.00168, 0.00168, 0.00168, 0.00168, 0.00168, 0.00168, 0.00168, 0.00168, 0.00168, 0.00168, 0.00168, 0.00168, 0.00168, 0.00168, 0.00168, 0.00168, 0.00168, 0.00168, 0.00168, 0.00168, 0.00168, 0.00168, 0.00168, 0.00168, 0.00168, 0.0018, 0.0018, 0.0018, 0.0018, 0.0018, 0.0018, 0.0018, 0.0018, 0.0018, 0.0018, 0.0018, 0.0018, 0.0018, 0.0018, 0.0018, 0.0018, 0.0018, 0.0018, 0.0018, 0.0018, 0.0018, 0.0018, 0.00192, 0.00192, 0.00192, 0.00192, 0.00192, 0.00192, 0.00192, 0.00204, 0.00204, 0.00204, 0.00204, 0.00204, 0.00204, 0.00204, 0.00204, 0.00204, 0.00204, 0.00204, 0.00204, 0.00204, 0.00204, 0.00204, 0.00204, 0.00204, 0.00204, 0.00204, 0.00204, 0.00204, 0.00204, 0.00204, 0.00204, 0.00204, 0.00204, 0.00204, 0.00204, 0.00204, 0.00204, 0.00204, 0.00204, 0.00204, 0.00204, 0.00204, 0.00204, 0.00204, 0.0021600000000000005, 0.0021600000000000005, 0.0021600000000000005, 0.0021600000000000005, 0.0021600000000000005, 0.0021600000000000005, 0.0021600000000000005, 0.0021600000000000005, 0.0021600000000000005, 0.0021600000000000005, 0.0021600000000000005, 0.0021600000000000005, 0.0021600000000000005, 0.0021600000000000005, 0.0021600000000000005, 0.0021600000000000005, 0.0021600000000000005, 0.0021600000000000005, 0.0021600000000000005, 0.0021600000000000005, 0.0021600000000000005, 0.0021600000000000005, 0.0021600000000000005, 0.0021600000000000005, 0.0021600000000000005, 0.0021600000000000005, 0.0021600000000000005, 0.0021600000000000005, 0.0021600000000000005, 0.0021600000000000005, 0.0021600000000000005, 0.0021600000000000005, 0.0022800000000000003, 0.0022800000000000003, 0.0022800000000000003, 0.0022800000000000003, 0.0022800000000000003, 0.0022800000000000003, 0.0024000000000000002, 0.0024000000000000002, 0.0024000000000000002, 0.0024000000000000002, 0.0024000000000000002, 0.0024000000000000002, 0.0024000000000000002, 0.0024000000000000002, 0.0024000000000000002, 0.0024000000000000002, 0.0024000000000000002, 0.0024000000000000002, 0.0024000000000000002, 0.0024000000000000002, 0.0024000000000000002, 0.0024000000000000002, 0.0024000000000000002, 0.0024000000000000002, 0.0024000000000000002, 0.0024000000000000002, 0.0024000000000000002, 0.0024000000000000002, 0.0024000000000000002, 0.00252, 0.00252, 0.00252, 0.00252, 0.00252, 0.00252, 0.00252, 0.00252, 0.00252, 0.00252, 0.00252, 0.00252, 0.00252, 0.00252, 0.00252, 0.00252, 0.00252, 0.00252, 0.00252, 0.00252, 0.00252, 0.00252, 0.00252, 0.00252, 0.00252, 0.00252, 0.00252, 0.00252, 0.00252, 0.00252, 0.00252, 0.00252, 0.00252, 0.00252, 0.00252, 0.00264, 0.00264, 0.00264, 0.00264, 0.00264, 0.00264, 0.00264, 0.00264, 0.00264, 0.00264, 0.00264, 0.00264, 0.00264, 0.00264, 0.00264, 0.00264, 0.00264, 0.00264, 0.00264, 0.00264, 0.00264, 0.00264, 0.00264, 0.00264, 0.00264, 0.00264, 0.00264, 0.00264, 0.00264, 0.00264, 0.00264, 0.00264, 0.00264, 0.00264, 0.00264, 0.00264, 0.00264, 0.00264, 0.00264, 0.00264, 0.00264, 0.00264, 0.00264, 0.00264, 0.00264, 0.00264, 0.00264, 0.00264, 0.00264, 0.00264, 0.00264, 0.00264, 0.00264, 0.00264, 0.00264, 0.00264, 0.00264, 0.00264, 0.00264, 0.00264, 0.00264, 0.00264, 0.00264, 0.00264, 0.00264, 0.00264, 0.00288, 0.00288, 0.00288, 0.00288, 0.00288, 0.00288, 0.00288, 0.00288, 0.00288, 0.00288, 0.00288, 0.00288, 0.00288, 0.00288, 0.00288, 0.00288, 0.00288, 0.00288, 0.00288, 0.00288, 0.00288, 0.00288, 0.00288, 0.00288, 0.00288, 0.00288, 0.00288, 0.00288, 0.00288, 0.00288, 0.00288, 0.00288, 0.00288, 0.0030000000000000005, 0.0030000000000000005, 0.0030000000000000005, 0.0031200000000000004, 0.0031200000000000004, 0.0031200000000000004, 0.0031200000000000004, 0.0031200000000000004, 0.0031200000000000004, 0.0031200000000000004, 0.0031200000000000004, 0.0031200000000000004, 0.0031200000000000004, 0.0031200000000000004, 0.0031200000000000004, 0.0031200000000000004, 0.0031200000000000004, 0.0031200000000000004, 0.0031200000000000004, 0.0031200000000000004, 0.0031200000000000004, 0.0031200000000000004, 0.0031200000000000004, 0.0031200000000000004, 0.0031200000000000004, 0.0031200000000000004, 0.0031200000000000004, 0.0031200000000000004, 0.0031200000000000004, 0.0031200000000000004, 0.0031200000000000004, 0.0031200000000000004, 0.0031200000000000004, 0.0031200000000000004, 0.0031200000000000004, 0.0031200000000000004, 0.0031200000000000004, 0.0031200000000000004, 0.0031200000000000004, 0.0031200000000000004, 0.0031200000000000004, 0.0031200000000000004, 0.0031200000000000004, 0.0031200000000000004, 0.0031200000000000004, 0.0031200000000000004, 0.0031200000000000004, 0.0031200000000000004, 0.0031200000000000004, 0.0031200000000000004, 0.0031200000000000004, 0.0031200000000000004, 0.0031200000000000004, 0.0031200000000000004, 0.0031200000000000004, 0.0031200000000000004, 0.0031200000000000004, 0.0031200000000000004, 0.0031200000000000004, 0.0031200000000000004, 0.0031200000000000004, 0.0031200000000000004, 0.0031200000000000004, 0.0031200000000000004, 0.0031200000000000004, 0.0031200000000000004, 0.0031200000000000004, 0.0031200000000000004, 0.0031200000000000004, 0.0031200000000000004, 0.0031200000000000004, 0.0031200000000000004, 0.0031200000000000004, 0.0031200000000000004, 0.0031200000000000004, 0.0031200000000000004, 0.0031200000000000004, 0.0031200000000000004, 0.0031200000000000004, 0.0031200000000000004, 0.0031200000000000004, 0.0031200000000000004, 0.0031200000000000004, 0.0031200000000000004, 0.0031200000000000004, 0.0031200000000000004, 0.0031200000000000004, 0.0031200000000000004, 0.0031200000000000004, 0.0031200000000000004, 0.0032400000000000003, 0.0032400000000000003, 0.0032400000000000003, 0.0032400000000000003, 0.0032400000000000003, 0.0032400000000000003, 0.00336, 0.00336, 0.0034800000000000005, 0.0034800000000000005, 0.0034800000000000005, 0.0034800000000000005, 0.0034800000000000005, 0.0034800000000000005, 0.0034800000000000005, 0.0034800000000000005, 0.0034800000000000005, 0.0034800000000000005, 0.0034800000000000005, 0.0034800000000000005, 0.0034800000000000005, 0.0034800000000000005, 0.0034800000000000005, 0.0034800000000000005, 0.0034800000000000005, 0.0034800000000000005, 0.0034800000000000005, 0.0034800000000000005, 0.0034800000000000005, 0.0034800000000000005, 0.0036000000000000003, 0.0036000000000000003, 0.0036000000000000003, 0.0036000000000000003, 0.0036000000000000003, 0.0036000000000000003, 0.0036000000000000003, 0.0036000000000000003, 0.0036000000000000003, 0.0036000000000000003, 0.0036000000000000003, 0.0036000000000000003, 0.0036000000000000003, 0.0037200000000000006, 0.0037200000000000006, 0.0037200000000000006, 0.0037200000000000006, 0.0037200000000000006, 0.0037200000000000006, 0.0037200000000000006, 0.0037200000000000006, 0.0037200000000000006, 0.0037200000000000006, 0.0037200000000000006, 0.0037200000000000006, 0.0037200000000000006, 0.0037200000000000006, 0.0037200000000000006, 0.0037200000000000006, 0.00384, 0.00384, 0.00384, 0.00396, 0.00396, 0.00396, 0.00396, 0.00396, 0.00408, 0.00408, 0.00408, 0.00408, 0.00408, 0.00408, 0.00408, 0.00408, 0.00408, 0.00408, 0.00408, 0.00408, 0.00408, 0.00408, 0.00408, 0.00408, 0.00408, 0.00408, 0.004200000000000001, 0.004200000000000001, 0.004200000000000001, 0.004200000000000001, 0.004200000000000001, 0.004200000000000001, 0.004200000000000001, 0.004200000000000001, 0.004200000000000001, 0.00432, 0.00432, 0.00432, 0.00432, 0.00444, 0.00444, 0.00444, 0.00444, 0.00444, 0.00444, 0.00444, 0.00444, 0.00444, 0.00456, 0.00456, 0.00456, 0.00456, 0.00456, 0.00468, 0.00468, 0.00468, 0.00468, 0.00468, 0.00468, 0.00468, 0.00468, 0.00468, 0.00468, 0.00468, 0.00468, 0.00468, 0.00468, 0.00468, 0.00468, 0.00468, 0.00468, 0.00468, 0.00468, 0.00468, 0.00468, 0.00468, 0.00468, 0.0048000000000000004, 0.0048000000000000004, 0.0048000000000000004, 0.0048000000000000004, 0.0048000000000000004, 0.0048000000000000004, 0.004920000000000001, 0.004920000000000001, 0.004920000000000001, 0.004920000000000001, 0.004920000000000001, 0.00504, 0.00504, 0.00504, 0.00504, 0.00504, 0.00504, 0.00504, 0.00504, 0.00504, 0.00504, 0.00504, 0.00504, 0.00504, 0.00504, 0.00504, 0.00504, 0.00504, 0.00504, 0.00504, 0.00504, 0.00504, 0.00504, 0.00504, 0.00504, 0.00504, 0.00504, 0.00504, 0.00504, 0.00504, 0.00504, 0.00504, 0.00504, 0.00504, 0.00504, 0.00504, 0.00504, 0.00504, 0.00504, 0.00504, 0.00504, 0.00504, 0.00504, 0.00504, 0.00504, 0.00504, 0.00504, 0.00504, 0.00504, 0.00504, 0.00504, 0.00504, 0.00504, 0.00504, 0.00504, 0.00504, 0.00504, 0.00504, 0.00504, 0.00504, 0.00504, 0.00504, 0.00504, 0.00504, 0.00504, 0.00504, 0.00504, 0.0051600000000000005, 0.00528, 0.00528, 0.00528, 0.00528, 0.00528, 0.00528, 0.00528, 0.00528, 0.00528, 0.00528, 0.00528, 0.00528, 0.00528, 0.00528, 0.00528, 0.00528, 0.00528, 0.00528, 0.00528, 0.00528, 0.00528, 0.00528, 0.0054, 0.0054, 0.0054, 0.0054, 0.0054, 0.0054, 0.005520000000000001, 0.005520000000000001, 0.005520000000000001, 0.005520000000000001, 0.005520000000000001, 0.005520000000000001, 0.005520000000000001, 0.005520000000000001, 0.005520000000000001, 0.005520000000000001, 0.005520000000000001, 0.005520000000000001, 0.005520000000000001, 0.005520000000000001, 0.005520000000000001, 0.005520000000000001, 0.005520000000000001, 0.005520000000000001, 0.005520000000000001, 0.005520000000000001, 0.005520000000000001, 0.005520000000000001, 0.005520000000000001, 0.005520000000000001, 0.005520000000000001, 0.005520000000000001, 0.005520000000000001, 0.005520000000000001, 0.005520000000000001, 0.005520000000000001, 0.005520000000000001, 0.005520000000000001, 0.005520000000000001, 0.005640000000000001, 0.005640000000000001, 0.005640000000000001, 0.005640000000000001, 0.005640000000000001, 0.005640000000000001, 0.005640000000000001, 0.005640000000000001, 0.005640000000000001, 0.005640000000000001, 0.005640000000000001, 0.005640000000000001, 0.005640000000000001, 0.005640000000000001, 0.005640000000000001, 0.005640000000000001, 0.005640000000000001, 0.00576, 0.00576, 0.00576, 0.00576, 0.00576, 0.00576, 0.00576, 0.00576, 0.00576, 0.00576, 0.00576, 0.00576, 0.00576, 0.005880000000000001, 0.005880000000000001, 0.005880000000000001, 0.005880000000000001, 0.005880000000000001, 0.005880000000000001, 0.005880000000000001, 0.005880000000000001, 0.005880000000000001, 0.005880000000000001, 0.005880000000000001, 0.006000000000000001, 0.006000000000000001, 0.006000000000000001, 0.006000000000000001, 0.006000000000000001, 0.006000000000000001, 0.006000000000000001, 0.006000000000000001, 0.006000000000000001, 0.006000000000000001, 0.006000000000000001, 0.006000000000000001, 0.006000000000000001, 0.006000000000000001, 0.006000000000000001, 0.006000000000000001, 0.006000000000000001, 0.006000000000000001, 0.006000000000000001, 0.006000000000000001, 0.006000000000000001, 0.006000000000000001, 0.006000000000000001, 0.006000000000000001, 0.006000000000000001, 0.006000000000000001, 0.006000000000000001, 0.006000000000000001, 0.006000000000000001, 0.006000000000000001, 0.006000000000000001, 0.006000000000000001, 0.006000000000000001, 0.006000000000000001, 0.006000000000000001, 0.006000000000000001, 0.006000000000000001, 0.006000000000000001, 0.006000000000000001, 0.006000000000000001, 0.006000000000000001, 0.006000000000000001, 0.006000000000000001, 0.006000000000000001, 0.006000000000000001, 0.006000000000000001, 0.006000000000000001, 0.006000000000000001, 0.006000000000000001, 0.006000000000000001, 0.00612, 0.00612, 0.00612, 0.00612, 0.00612, 0.00612, 0.00612, 0.00612, 0.00612, 0.00612, 0.00612, 0.00612, 0.00612, 0.00612, 0.00612, 0.00612, 0.00612, 0.00612, 0.00612, 0.00612, 0.00612, 0.00612, 0.00612, 0.00612, 0.00612, 0.00612, 0.00612, 0.00612, 0.00612, 0.00612, 0.00612, 0.00612, 0.00612, 0.00612, 0.00612, 0.00624, 0.00624, 0.00624, 0.00624, 0.00624, 0.00624, 0.00624, 0.00624, 0.00624, 0.00624, 0.00624, 0.00624, 0.00624, 0.00624, 0.00624, 0.00624, 0.00624, 0.00624, 0.00624, 0.00624, 0.00624, 0.00624, 0.00624, 0.00624, 0.00624, 0.00624, 0.00624, 0.00624, 0.00624, 0.00624, 0.00624, 0.00624, 0.00624, 0.00624, 0.00636, 0.00636, 0.00636, 0.00636, 0.00636, 0.00636, 0.00636, 0.00636, 0.00636, 0.00636, 0.00636, 0.0064800000000000005, 0.0064800000000000005, 0.0064800000000000005, 0.0064800000000000005, 0.0064800000000000005, 0.0066, 0.0066, 0.0066, 0.0066, 0.0066, 0.0066, 0.0066, 0.0066, 0.0066, 0.0066, 0.0066, 0.0066, 0.0066, 0.0066, 0.0066, 0.0066, 0.0066, 0.0066, 0.0066, 0.0066, 0.0066, 0.0066, 0.0066, 0.0066, 0.0066, 0.0066, 0.0066, 0.0066, 0.0066, 0.0066, 0.0066, 0.0066, 0.0066, 0.0066, 0.0066, 0.0066, 0.0066, 0.0066, 0.0066, 0.0066, 0.0066, 0.0066, 0.0066, 0.0066, 0.00672, 0.00672, 0.00672, 0.00672, 0.00672, 0.00672, 0.00672, 0.00672, 0.00672, 0.00672, 0.00672, 0.00672, 0.006840000000000001, 0.006840000000000001, 0.006840000000000001, 0.006840000000000001, 0.006840000000000001, 0.006840000000000001, 0.006840000000000001, 0.006840000000000001, 0.006840000000000001, 0.006840000000000001, 0.006840000000000001, 0.006840000000000001, 0.006840000000000001, 0.006840000000000001, 0.006840000000000001, 0.006840000000000001, 0.006840000000000001, 0.006840000000000001, 0.006840000000000001, 0.006840000000000001, 0.006840000000000001, 0.006840000000000001, 0.006840000000000001, 0.006840000000000001, 0.006840000000000001, 0.006840000000000001, 0.006959999999999999, 0.006959999999999999, 0.006959999999999999, 0.006959999999999999, 0.006959999999999999, 0.006959999999999999, 0.006959999999999999, 0.006959999999999999, 0.006959999999999999, 0.006959999999999999, 0.006959999999999999, 0.006959999999999999, 0.0070799999999999995, 0.0070799999999999995, 0.0070799999999999995, 0.0070799999999999995, 0.0070799999999999995, 0.0070799999999999995, 0.0070799999999999995, 0.0070799999999999995, 0.0072, 0.0072, 0.0072, 0.0072, 0.0072, 0.00732, 0.00732, 0.00732, 0.00732, 0.00732, 0.0074399999999999996, 0.0074399999999999996, 0.00756, 0.00756, 0.00756, 0.00756, 0.00756, 0.00756, 0.00756, 0.00756, 0.00756, 0.00756, 0.00756, 0.00756, 0.00756, 0.00756, 0.00756, 0.00756, 0.00756, 0.00756, 0.00756, 0.00756, 0.00756, 0.00756, 0.00756, 0.00756, 0.00756, 0.00756, 0.00756, 0.00756, 0.00756, 0.00756, 0.00756, 0.00756, 0.00756, 0.00756, 0.00756, 0.00756, 0.00756, 0.00756, 0.00756, 0.00756, 0.00756, 0.00756, 0.00768, 0.00768, 0.00768, 0.00768, 0.00768, 0.00768, 0.00768, 0.00768, 0.00768, 0.00768, 0.00768, 0.00768, 0.00768, 0.00768, 0.00768, 0.00768, 0.00768, 0.00768, 0.00768, 0.00768, 0.007799999999999999, 0.007799999999999999, 0.007799999999999999, 0.007799999999999999, 0.007799999999999999, 0.007799999999999999, 0.007799999999999999, 0.007799999999999999, 0.007799999999999999, 0.007799999999999999, 0.007799999999999999, 0.007799999999999999, 0.007799999999999999, 0.007799999999999999, 0.007799999999999999, 0.007799999999999999, 0.007799999999999999, 0.007799999999999999, 0.007799999999999999, 0.007799999999999999, 0.007799999999999999, 0.007799999999999999, 0.007799999999999999, 0.007799999999999999, 0.007799999999999999, 0.007799999999999999, 0.007799999999999999, 0.007799999999999999, 0.00792, 0.00792, 0.00792, 0.00792, 0.00792, 0.00792, 0.00792, 0.00792, 0.00792, 0.00792, 0.00792, 0.00792, 0.00792, 0.00792, 0.00792, 0.008039999999999999, 0.008039999999999999, 0.008039999999999999, 0.008039999999999999, 0.008039999999999999, 0.008039999999999999, 0.008039999999999999, 0.008039999999999999, 0.008039999999999999, 0.008039999999999999, 0.008159999999999999, 0.008159999999999999, 0.008159999999999999, 0.008159999999999999, 0.008159999999999999, 0.008159999999999999, 0.008159999999999999, 0.008159999999999999, 0.008159999999999999, 0.008159999999999999, 0.008159999999999999, 0.008159999999999999, 0.008159999999999999, 0.00828, 0.00828, 0.00828, 0.00828, 0.00828, 0.00828, 0.00828, 0.00828, 0.00828, 0.00828, 0.00828, 0.00828, 0.00828, 0.00828, 0.0084, 0.0084, 0.0084, 0.0084, 0.0084, 0.0084, 0.0084, 0.008519999999999998, 0.008519999999999998, 0.008519999999999998, 0.008519999999999998, 0.008519999999999998, 0.008519999999999998, 0.008519999999999998, 0.008519999999999998, 0.008519999999999998, 0.008519999999999998, 0.008519999999999998, 0.008519999999999998, 0.008519999999999998, 0.008519999999999998, 0.008519999999999998, 0.008519999999999998, 0.008519999999999998, 0.008519999999999998, 0.008519999999999998, 0.008519999999999998, 0.008519999999999998, 0.008519999999999998, 0.008519999999999998, 0.008519999999999998, 0.008519999999999998, 0.008519999999999998, 0.008519999999999998, 0.008519999999999998, 0.008519999999999998, 0.008519999999999998, 0.008519999999999998, 0.008519999999999998, 0.008519999999999998, 0.008519999999999998, 0.008519999999999998, 0.008519999999999998, 0.008639999999999998, 0.008639999999999998, 0.008759999999999999, 0.008759999999999999, 0.008759999999999999, 0.008759999999999999, 0.008879999999999999, 0.008879999999999999, 0.008879999999999999, 0.008879999999999999, 0.008879999999999999, 0.008879999999999999, 0.008879999999999999, 0.008879999999999999, 0.008879999999999999, 0.008879999999999999, 0.008879999999999999, 0.008879999999999999, 0.008879999999999999, 0.008879999999999999, 0.009, 0.009, 0.009, 0.009, 0.009, 0.009, 0.009, 0.009, 0.009, 0.009, 0.00912, 0.00912, 0.00912, 0.00912, 0.00912, 0.00912, 0.00912, 0.00924, 0.00924, 0.00924, 0.00924, 0.00924, 0.00924, 0.00924, 0.00924, 0.00924, 0.00924, 0.00924, 0.00936, 0.00936, 0.00936, 0.00936, 0.00936, 0.00936, 0.00936, 0.009479999999999999, 0.009479999999999999, 0.009479999999999999, 0.009479999999999999, 0.009479999999999999, 0.009479999999999999, 0.009479999999999999, 0.009479999999999999, 0.009479999999999999, 0.009479999999999999, 0.009479999999999999, 0.009479999999999999, 0.009479999999999999, 0.009479999999999999, 0.009479999999999999, 0.009479999999999999, 0.009479999999999999, 0.009479999999999999, 0.009479999999999999, 0.009479999999999999, 0.009479999999999999, 0.0096, 0.00972, 0.00972, 0.00972, 0.00972, 0.00972, 0.00984, 0.00984, 0.00984, 0.00984, 0.00984, 0.00984, 0.00984, 0.00984, 0.00984, 0.00984, 0.00996, 0.00996, 0.01008, 0.01008, 0.01008, 0.01008, 0.01008, 0.01008, 0.01008, 0.01008, 0.01008, 0.01008, 0.01008, 0.01008, 0.01008, 0.01008, 0.01008, 0.01008, 0.0102, 0.0102, 0.0102, 0.0102, 0.0102, 0.0102, 0.0102, 0.0102, 0.0102, 0.0102, 0.0102, 0.0102, 0.0102, 0.0102, 0.0102, 0.0102, 0.0102, 0.0102, 0.0102, 0.0102, 0.0102, 0.0102, 0.0102, 0.0102, 0.0102, 0.0102, 0.0102, 0.0102, 0.0102, 0.0102, 0.0102, 0.0102, 0.0102, 0.0102, 0.0102, 0.0102, 0.0102, 0.0102, 0.0102, 0.0102, 0.0102, 0.010320000000000001, 0.010320000000000001, 0.010320000000000001, 0.010320000000000001, 0.010320000000000001, 0.010320000000000001, 0.010320000000000001, 0.010320000000000001, 0.010320000000000001, 0.010320000000000001, 0.010320000000000001, 0.010320000000000001, 0.010320000000000001, 0.010320000000000001, 0.010320000000000001, 0.010320000000000001, 0.010320000000000001, 0.010320000000000001, 0.010320000000000001, 0.010320000000000001, 0.010320000000000001, 0.01044, 0.01044, 0.01044, 0.01044, 0.01044, 0.01044, 0.01044, 0.01044, 0.01044, 0.01044, 0.01044, 0.01044, 0.01044, 0.01044, 0.01044, 0.01044, 0.01044, 0.01044, 0.01044, 0.01044, 0.01044, 0.01044, 0.01044, 0.01044, 0.01056, 0.01056, 0.01056, 0.01068, 0.01068, 0.01068, 0.01068, 0.0108, 0.0108, 0.0108, 0.0108, 0.0108, 0.0108, 0.0108, 0.0108, 0.0108, 0.0108, 0.0108, 0.0108, 0.0108, 0.0108, 0.0108, 0.0108, 0.0108, 0.0108, 0.0108, 0.0108, 0.0108, 0.0108, 0.0108, 0.0108, 0.0108, 0.0108, 0.0108, 0.0108, 0.010920000000000001, 0.010920000000000001, 0.010920000000000001, 0.010920000000000001, 0.011040000000000001, 0.011040000000000001, 0.011040000000000001, 0.011040000000000001, 0.011040000000000001, 0.011040000000000001, 0.011040000000000001, 0.011040000000000001, 0.011040000000000001, 0.011040000000000001, 0.011160000000000002, 0.011160000000000002, 0.011160000000000002, 0.011160000000000002, 0.011160000000000002, 0.011160000000000002, 0.011160000000000002, 0.011280000000000002, 0.011280000000000002, 0.011280000000000002, 0.011280000000000002, 0.011280000000000002, 0.011280000000000002, 0.011280000000000002, 0.011280000000000002, 0.011280000000000002, 0.011280000000000002, 0.011280000000000002, 0.011280000000000002, 0.011280000000000002, 0.011280000000000002, 0.011280000000000002, 0.011280000000000002, 0.011280000000000002, 0.011280000000000002, 0.011280000000000002, 0.011280000000000002, 0.011280000000000002, 0.011280000000000002, 0.011280000000000002, 0.011280000000000002, 0.011280000000000002, 0.011280000000000002, 0.011280000000000002, 0.011280000000000002, 0.011280000000000002, 0.011280000000000002, 0.011280000000000002, 0.011280000000000002, 0.0114, 0.0114, 0.0114, 0.0114, 0.0114, 0.0114, 0.0114, 0.0114, 0.0114, 0.0114, 0.0114, 0.0114, 0.0114, 0.0114, 0.0114, 0.0114, 0.0114, 0.0114, 0.0114, 0.0114, 0.0114, 0.0114, 0.0114, 0.01152, 0.01152, 0.01152, 0.01152, 0.01152, 0.011640000000000001, 0.011640000000000001, 0.011640000000000001, 0.011640000000000001, 0.011640000000000001, 0.011640000000000001, 0.011640000000000001, 0.011640000000000001, 0.011640000000000001, 0.011640000000000001, 0.011760000000000001, 0.011760000000000001, 0.011760000000000001, 0.011760000000000001, 0.011880000000000002, 0.011880000000000002, 0.011880000000000002, 0.011880000000000002, 0.011880000000000002, 0.011880000000000002, 0.011880000000000002, 0.011880000000000002, 0.011880000000000002, 0.011880000000000002, 0.011880000000000002, 0.011880000000000002, 0.011880000000000002, 0.012000000000000002, 0.012000000000000002, 0.012000000000000002, 0.012000000000000002, 0.012000000000000002, 0.012000000000000002, 0.012000000000000002, 0.012120000000000002, 0.012120000000000002, 0.012120000000000002, 0.012120000000000002, 0.012120000000000002, 0.012120000000000002, 0.012120000000000002, 0.012120000000000002, 0.012120000000000002, 0.012120000000000002, 0.012120000000000002, 0.012120000000000002, 0.012120000000000002, 0.012120000000000002, 0.012120000000000002, 0.012120000000000002, 0.012120000000000002, 0.012120000000000002, 0.012120000000000002, 0.012120000000000002, 0.012120000000000002, 0.012120000000000002, 0.012120000000000002, 0.012120000000000002, 0.012120000000000002, 0.012120000000000002, 0.012120000000000002, 0.012120000000000002, 0.012120000000000002, 0.012120000000000002, 0.012120000000000002, 0.012120000000000002, 0.012120000000000002, 0.012120000000000002, 0.012120000000000002, 0.012120000000000002, 0.012120000000000002, 0.012120000000000002, 0.012120000000000002, 0.012120000000000002, 0.012120000000000002, 0.012120000000000002, 0.012120000000000002, 0.012120000000000002, 0.012120000000000002, 0.012120000000000002, 0.012120000000000002, 0.012120000000000002, 0.012120000000000002, 0.012120000000000002, 0.012120000000000002, 0.012120000000000002, 0.012120000000000002, 0.012120000000000002, 0.012120000000000002, 0.012120000000000002, 0.012120000000000002, 0.012120000000000002, 0.012120000000000002, 0.012120000000000002, 0.012120000000000002, 0.012240000000000003, 0.012240000000000003, 0.012240000000000003, 0.012240000000000003, 0.012360000000000003, 0.012360000000000003, 0.012480000000000002, 0.012600000000000002, 0.012600000000000002, 0.012600000000000002, 0.012600000000000002, 0.01272, 0.01272, 0.01272, 0.01272, 0.01284, 0.01284, 0.01284, 0.01284, 0.01284, 0.01284, 0.01284, 0.01284, 0.01284, 0.01284, 0.01284, 0.01284, 0.01284, 0.01284, 0.01284, 0.01284, 0.01284, 0.01284, 0.01284, 0.01284, 0.01284, 0.01284, 0.01284, 0.01284, 0.01284, 0.01284, 0.01284, 0.01284, 0.01284, 0.01284, 0.01284, 0.01284, 0.01284, 0.01284, 0.01284, 0.01284, 0.01284, 0.01284, 0.01284, 0.01284, 0.01284, 0.01284, 0.01284, 0.01284, 0.01284, 0.01284, 0.01284, 0.01284, 0.01284, 0.01284, 0.01284, 0.01284, 0.01284, 0.01284, 0.01284, 0.01284, 0.012960000000000001, 0.012960000000000001, 0.012960000000000001, 0.012960000000000001, 0.012960000000000001, 0.012960000000000001, 0.012960000000000001, 0.012960000000000001, 0.012960000000000001, 0.012960000000000001, 0.012960000000000001, 0.012960000000000001, 0.012960000000000001, 0.012960000000000001, 0.012960000000000001, 0.012960000000000001, 0.012960000000000001, 0.012960000000000001, 0.012960000000000001, 0.012960000000000001, 0.012960000000000001, 0.012960000000000001, 0.012960000000000001, 0.012960000000000001, 0.012960000000000001, 0.012960000000000001, 0.012960000000000001, 0.012960000000000001, 0.012960000000000001, 0.012960000000000001, 0.012960000000000001, 0.012960000000000001, 0.012960000000000001, 0.012960000000000001, 0.012960000000000001, 0.012960000000000001, 0.012960000000000001, 0.012960000000000001, 0.012960000000000001, 0.012960000000000001, 0.012960000000000001, 0.012960000000000001, 0.012960000000000001, 0.012960000000000001, 0.012960000000000001, 0.012960000000000001, 0.012960000000000001, 0.013080000000000001, 0.013080000000000001, 0.013080000000000001, 0.013080000000000001, 0.013080000000000001, 0.013080000000000001, 0.013080000000000001, 0.013080000000000001, 0.013080000000000001, 0.013080000000000001, 0.013080000000000001, 0.013080000000000001, 0.013080000000000001, 0.013080000000000001, 0.013080000000000001, 0.013080000000000001, 0.013080000000000001, 0.013080000000000001, 0.013080000000000001, 0.013080000000000001, 0.013080000000000001, 0.013080000000000001, 0.013080000000000001, 0.013080000000000001, 0.013080000000000001, 0.013080000000000001, 0.013080000000000001, 0.0132, 0.0132, 0.01332, 0.01332, 0.01332, 0.01332, 0.01332, 0.01332, 0.01332, 0.01332, 0.01332, 0.01332, 0.01332, 0.01332, 0.01332, 0.01332, 0.01332, 0.01332, 0.01332, 0.01344, 0.01344, 0.01344, 0.01344, 0.01344, 0.01344, 0.01344, 0.01344, 0.01344, 0.013560000000000001, 0.013560000000000001, 0.013560000000000001, 0.013560000000000001, 0.013560000000000001, 0.013560000000000001, 0.013560000000000001, 0.013560000000000001, 0.013560000000000001, 0.013560000000000001, 0.013560000000000001, 0.013560000000000001, 0.013560000000000001, 0.013560000000000001, 0.013560000000000001, 0.013560000000000001, 0.013560000000000001, 0.013560000000000001, 0.013560000000000001, 0.013560000000000001, 0.013560000000000001, 0.013560000000000001, 0.013680000000000001, 0.013680000000000001, 0.013680000000000001, 0.013680000000000001, 0.013680000000000001, 0.013680000000000001, 0.013680000000000001, 0.013680000000000001, 0.013680000000000001, 0.013680000000000001, 0.013800000000000002, 0.013800000000000002, 0.013800000000000002, 0.013800000000000002, 0.013800000000000002, 0.013800000000000002, 0.013920000000000002, 0.013920000000000002, 0.013920000000000002, 0.013920000000000002, 0.013920000000000002, 0.013920000000000002, 0.013920000000000002, 0.013920000000000002, 0.013920000000000002, 0.013920000000000002, 0.013920000000000002, 0.013920000000000002, 0.013920000000000002, 0.014040000000000002, 0.014040000000000002, 0.014040000000000002, 0.014040000000000002, 0.014040000000000002, 0.014040000000000002, 0.014040000000000002, 0.014040000000000002, 0.014040000000000002, 0.014040000000000002, 0.014040000000000002, 0.014040000000000002, 0.014040000000000002, 0.014040000000000002, 0.014040000000000002, 0.014040000000000002, 0.014040000000000002, 0.014040000000000002, 0.014040000000000002, 0.014040000000000002, 0.014040000000000002, 0.014040000000000002, 0.014040000000000002, 0.014040000000000002, 0.014040000000000002, 0.014040000000000002, 0.014040000000000002, 0.014040000000000002, 0.014040000000000002, 0.014040000000000002, 0.014040000000000002, 0.014040000000000002, 0.014040000000000002, 0.014040000000000002, 0.014040000000000002, 0.014040000000000002, 0.014040000000000002, 0.01416, 0.01416, 0.01416, 0.01416, 0.01416, 0.01416, 0.01416, 0.01416, 0.01416, 0.01416, 0.01416, 0.01416, 0.01416, 0.01416, 0.01416, 0.01416, 0.01416, 0.01416, 0.01416, 0.01416, 0.01416, 0.01416, 0.01416, 0.01428, 0.01428, 0.01428, 0.01428, 0.01428, 0.01428, 0.01428, 0.01428, 0.01428, 0.01428, 0.01428, 0.01428, 0.01428, 0.01428, 0.01428, 0.01428, 0.01428, 0.01428, 0.01428, 0.0144, 0.01452, 0.01452, 0.01452, 0.01452, 0.01452, 0.01452, 0.01452, 0.01452, 0.01452, 0.01452, 0.01452, 0.01452, 0.01452, 0.01452, 0.01452, 0.01464, 0.01464, 0.01476, 0.01476, 0.01476, 0.01476, 0.01476, 0.01476, 0.01476, 0.01476, 0.01476, 0.01476, 0.01476, 0.01476, 0.01476, 0.014879999999999999, 0.014879999999999999, 0.014879999999999999, 0.014879999999999999, 0.014879999999999999, 0.014879999999999999, 0.014879999999999999, 0.014879999999999999, 0.014879999999999999, 0.014879999999999999, 0.014879999999999999, 0.014879999999999999, 0.014879999999999999, 0.015, 0.015, 0.015, 0.015, 0.015, 0.015, 0.015, 0.015, 0.015, 0.015, 0.015, 0.01512, 0.01512, 0.01512, 0.01512, 0.01512, 0.01512, 0.01512, 0.01512, 0.01512, 0.01524, 0.01524, 0.01524, 0.01524, 0.01524, 0.01524, 0.01524, 0.01524, 0.01524, 0.01524, 0.01524, 0.01524, 0.01524, 0.01524, 0.01524, 0.01524, 0.01524, 0.01524, 0.01524, 0.01524, 0.01524, 0.01524, 0.01524, 0.01524, 0.01524, 0.01524, 0.01524, 0.01524, 0.01524, 0.01524, 0.01524, 0.01524, 0.01524, 0.01524, 0.01524, 0.01524, 0.01524, 0.01524, 0.01536, 0.01536, 0.01548, 0.01548, 0.01548, 0.01548, 0.01548, 0.01548, 0.01548, 0.01548, 0.01548, 0.01548, 0.01548, 0.01548, 0.01548, 0.01548, 0.01548, 0.01548, 0.01548, 0.01548, 0.01548, 0.01548, 0.01548, 0.01548, 0.01548, 0.01548, 0.01548, 0.01548, 0.01548, 0.015600000000000001, 0.015600000000000001, 0.015600000000000001, 0.015600000000000001, 0.015600000000000001, 0.015600000000000001, 0.015600000000000001, 0.015600000000000001, 0.015600000000000001, 0.015600000000000001, 0.015600000000000001, 0.015600000000000001, 0.015600000000000001, 0.015600000000000001, 0.015600000000000001, 0.015600000000000001, 0.015600000000000001, 0.015600000000000001, 0.015600000000000001, 0.015600000000000001, 0.015600000000000001, 0.015600000000000001, 0.015600000000000001, 0.015600000000000001, 0.015600000000000001, 0.015600000000000001, 0.015600000000000001, 0.015600000000000001, 0.015600000000000001, 0.015600000000000001, 0.015600000000000001, 0.015600000000000001, 0.015600000000000001, 0.01584, 0.01584, 0.01584, 0.01584, 0.01584, 0.01584, 0.01584, 0.01584, 0.01584, 0.01584, 0.01584, 0.01584, 0.01584, 0.01584, 0.01584, 0.01584, 0.01584, 0.01584, 0.01584, 0.01584, 0.01584, 0.01584, 0.01584, 0.01584, 0.01584, 0.01608, 0.01608, 0.01608, 0.01608, 0.016200000000000003, 0.016200000000000003, 0.016200000000000003, 0.016200000000000003, 0.016200000000000003, 0.016200000000000003, 0.016200000000000003, 0.016200000000000003, 0.016200000000000003, 0.016200000000000003, 0.016200000000000003, 0.016200000000000003, 0.016200000000000003, 0.016200000000000003, 0.016200000000000003, 0.016200000000000003, 0.016200000000000003, 0.016200000000000003, 0.01632, 0.01632, 0.01632, 0.01632, 0.01632, 0.01632, 0.01632]","[0.0, 8.0e-5, 8.0e-5, 8.0e-5, 0.00016, 0.00024, 0.00016, 0.00024, 0.00024, 0.00032, 0.00032, 0.00032, 0.00032, 0.00032, 0.00032, 0.00032, 0.00032, 0.00032, 0.00032, 0.0004, 0.0004, 0.0004, 0.0004, 0.00032, 0.00024, 0.00024, 0.0004, 0.00032, 0.00032, 0.00032, 0.0004, 0.0004, 0.0004, 0.0004, 0.0004, 0.0004, 0.0004, 0.0004, 0.0004, 0.0004, 0.0004, 0.00048, 0.00048, 0.0004, 0.0005600000000000001, 0.00048, 0.0004, 0.0004, 0.0004, 0.00032, 0.00032, 0.00032, 0.00032, 0.0004, 0.0004, 0.00048, 0.00048, 0.00048, 0.0004, 0.0004, 0.0004, 0.0005600000000000001, 0.0005600000000000001, 0.00048, 0.00048, 0.00048, 0.00064, 0.00064, 0.00064, 0.00072, 0.00072, 0.00064, 0.0005600000000000001, 0.0005600000000000001, 0.00048, 0.0005600000000000001, 0.0005600000000000001, 0.00064, 0.00072, 0.00072, 0.00072, 0.00072, 0.00072, 0.00072, 0.00072, 0.00072, 0.00064, 0.00064, 0.00064, 0.0005600000000000001, 0.00048, 0.00048, 0.00048, 0.00048, 0.00048, 0.00048, 0.00048, 0.0004, 0.00024, 0.00032, 0.00048, 0.0004, 0.0004, 0.0004, 0.00048, 0.0004, 0.0004, 0.0004, 0.0004, 0.00032, 0.00032, 0.00024, 0.00016, 0.00016, 0.00024, 0.00032, 0.00024, 0.00016, 0.00024, 0.00032, 0.00032, 0.00024, 0.00024, 0.00016, 0.00016, 8.0e-5, 0.00016, 0.00016, 0.00016, 0.00016, 0.00016, 0.00016, 0.00016, 0.00016, 0.00016, 0.00024, 0.00024, 0.00024, 0.00032, 0.00032, 0.00032, 0.00032, 0.00032, 0.00032, 0.00032, 0.00048, 0.00048, 0.00048, 0.00048, 0.0004, 0.00048, 0.00048, 0.00048, 0.00048, 0.00048, 0.00048, 0.00048, 0.0004, 0.00032, 0.0004, 0.0004, 0.00048, 0.00048, 0.00048, 0.00032, 0.00032, 0.00032, 0.00024, 0.00024, 0.00024, 0.00024, 0.00024, 0.00024, 0.00024, 0.00024, 0.00024, 0.00032, 0.00024, 0.00024, 0.00024, 0.00024, 0.00032, 0.00032, 0.00024, 0.00024, 0.00024, 0.00032, 0.00032, 0.00024, 0.00024, 0.00032, 0.00032, 0.00032, 0.0004, 0.0004, 0.0004, 0.00032, 0.0004, 0.0004, 0.00032, 0.00032, 0.00032, 0.00024, 0.00024, 0.00024, 0.00024, 0.00024, 0.00032, 0.00032, 0.00032, 0.00032, 0.00032, 0.00032, 0.00032, 0.00032, 0.00032, 0.0004, 0.0004, 0.00048, 0.0005600000000000001, 0.0005600000000000001, 0.0005600000000000001, 0.00048, 0.00048, 0.00048, 0.00048, 0.00048, 0.00048, 0.00048, 0.00048, 0.00048, 0.00048, 0.00048, 0.00048, 0.0005600000000000001, 0.0005600000000000001, 0.0005600000000000001, 0.00064, 0.00064, 0.0008799999999999999, 0.0008799999999999999, 0.00072, 0.00072, 0.0008, 0.0008, 0.0008, 0.00072, 0.00072, 0.0008, 0.0008, 0.0008, 0.00072, 0.00072, 0.0005600000000000001, 0.0005600000000000001, 0.0005600000000000001, 0.0005600000000000001, 0.0005600000000000001, 0.0005600000000000001, 0.0005600000000000001, 0.00048, 0.00032, 0.00032, 0.00032, 0.00032, 0.00032, 0.00032, 0.00032, 0.00032, 0.0004, 0.0004, 0.0004, 0.0004, 0.0004, 0.0004, 0.0004, 0.0004, 0.0004, 0.00048, 0.00048, 0.0005600000000000001, 0.0005600000000000001, 0.0005600000000000001, 0.0005600000000000001, 0.0005600000000000001, 0.0005600000000000001, 0.0005600000000000001, 0.00048, 0.0004, 0.0004, 0.00048, 0.00048, 0.0005600000000000001, 0.00048, 0.00048, 0.00032, 0.00032, 0.00032, 0.0004, 0.00024, 0.00024, 0.00032, 0.0004, 0.00032, 0.00032, 0.00032, 0.00032, 0.00032, 0.0004, 0.0004, 0.0004, 0.00048, 0.0005600000000000001, 0.00048, 0.0004, 0.00024, 0.00032, 0.00048, 0.00048, 0.00048, 0.00048, 0.00048, 0.0004, 0.0004, 0.00032, 0.00032, 0.00032, 0.0004, 0.0004, 0.00024, 0.00024, 0.00024, 0.00024, 0.00024, 0.00024, 0.00024, 0.00024, 0.00024, 0.00024, 0.00024, 0.00032, 0.00032, 0.00032, 0.00032, 0.00032, 0.00032, 0.0004, 0.00048, 0.00048, 0.00048, 0.00048, 0.00048, 0.00048, 0.00048, 0.00048, 0.0004, 0.0004, 0.00048, 0.0005600000000000001, 0.0005600000000000001, 0.0005600000000000001, 0.0005600000000000001, 0.00048, 0.00048, 0.00048, 0.0005600000000000001, 0.0005600000000000001, 0.0005600000000000001, 0.0005600000000000001, 0.00064, 0.00064, 0.0005600000000000001, 0.0005600000000000001, 0.0005600000000000001, 0.0005600000000000001, 0.00048, 0.00048, 0.00048, 0.00048, 0.00048, 0.0005600000000000001, 0.00048, 0.00048, 0.00048, 0.00048, 0.00048, 0.0004, 0.0004, 0.0004, 0.00048, 0.0005600000000000001, 0.0005600000000000001, 0.00064, 0.0005600000000000001, 0.0005600000000000001, 0.0005600000000000001, 0.0005600000000000001, 0.0005600000000000001, 0.0005600000000000001, 0.00048, 0.0004, 0.0004, 0.0004, 0.0004, 0.0004, 0.00048, 0.00048, 0.0004, 0.0004, 0.00048, 0.0004, 0.0004, 0.00032, 0.00024, 0.00024, 0.00024, 0.00024, 0.00024, 0.00024, 0.00024, 0.00024, 0.00024, 0.00024, 0.00024, 0.00024, 0.00032, 0.00032, 0.00032, 0.00032, 0.0004, 0.0004, 0.0004, 0.00048, 0.0005600000000000001, 0.0005600000000000001, 0.0005600000000000001, 0.0005600000000000001, 0.00048, 0.00048, 0.00048, 0.00048, 0.00048, 0.00048, 0.00048, 0.00048, 0.00048, 0.00048, 0.0004, 0.0004, 0.0004, 0.0004, 0.00032, 0.0004, 0.00048, 0.00048, 0.0005600000000000001, 0.0005600000000000001, 0.0008, 0.0008, 0.0008, 0.00072, 0.0008, 0.0008, 0.0008, 0.0008, 0.0008799999999999999, 0.0008799999999999999, 0.0008, 0.0008, 0.00072, 0.0005600000000000001, 0.0005600000000000001, 0.0005600000000000001, 0.00048, 0.0004, 0.00032, 0.00032, 0.0004, 0.0004, 0.0004, 0.00048, 0.0004, 0.0004, 0.0004, 0.0004, 0.0004, 0.0004, 0.0004, 0.0004, 0.0004, 0.0004, 0.0004, 0.0004, 0.00048, 0.00048, 0.00048, 0.00048, 0.0004, 0.00032, 0.00032, 0.00032, 0.00032, 0.00032, 0.00032, 0.00032, 0.00032, 0.00032, 0.00032, 0.00032, 0.0004, 0.0004, 0.00032, 0.00032, 0.00024, 0.00024, 0.00024, 0.00016, 0.00016, 8.0e-5, 8.0e-5, 8.0e-5, 0.00016, 0.00016, 0.00016, 0.00016, 0.00024, 0.00024, 0.00032, 0.00032, 0.00032, 0.00032, 0.00032, 0.00024, 0.00016, 0.00016, 0.00016, 0.00016, 0.00016, 8.0e-5, 0.00016, 0.00016, 0.00016, 0.00016, 0.00024, 0.00032, 0.00024, 0.00032, 0.00032, 0.00032, 0.00032, 0.00032, 0.00032, 0.00032, 0.00032, 0.00024, 0.00016, 0.00016, 0.00016, 0.00024, 0.00024, 0.00024, 0.00032, 0.00032, 0.0004, 0.0004, 0.00048, 0.0005600000000000001, 0.0005600000000000001, 0.0005600000000000001, 0.0005600000000000001, 0.0005600000000000001, 0.0005600000000000001, 0.0005600000000000001, 0.0005600000000000001, 0.0005600000000000001, 0.00048, 0.00048, 0.00048, 0.0005600000000000001, 0.0005600000000000001, 0.0005600000000000001, 0.00064, 0.00064, 0.00064, 0.0008, 0.0008, 0.0008, 0.0008, 0.00072, 0.00072, 0.00072, 0.00072, 0.00072, 0.00072, 0.0008, 0.0008, 0.0008, 0.00064, 0.00064, 0.0004, 0.00032, 0.0004, 0.0004, 0.0004, 0.0004, 0.0004, 0.00048, 0.0004, 0.0004, 0.0004, 0.00048, 0.00048, 0.00048, 0.00048, 0.00048, 0.0005600000000000001, 0.0005600000000000001, 0.0005600000000000001, 0.00064, 0.0005600000000000001, 0.0005600000000000001, 0.0005600000000000001, 0.00064, 0.00064, 0.00072, 0.0008, 0.0008, 0.00072, 0.00072, 0.00072, 0.00072, 0.00072, 0.00064, 0.0005600000000000001, 0.00048, 0.0004, 0.00048, 0.00048, 0.00032, 0.0004, 0.0004, 0.0004, 0.0004, 0.00048, 0.00048, 0.00048, 0.0004, 0.00032, 0.00032, 0.00024, 0.00024, 0.00024, 0.00024, 0.00032, 0.0004, 0.0004, 0.00032, 0.00032, 0.00032, 0.00032, 0.00032, 0.00032, 0.0004, 0.0004, 0.0004, 0.0004, 0.0004, 0.0004, 0.00032, 0.0004, 0.0004, 0.00048, 0.00048, 0.00048, 0.0005600000000000001, 0.0005600000000000001, 0.0005600000000000001, 0.0005600000000000001, 0.0005600000000000001, 0.0005600000000000001, 0.0005600000000000001, 0.00064, 0.00064, 0.00064, 0.00064, 0.00064, 0.00064, 0.00064, 0.00072, 0.00072, 0.00072, 0.00064, 0.00064, 0.0005600000000000001, 0.0005600000000000001, 0.0005600000000000001, 0.0005600000000000001, 0.00072, 0.00072, 0.00072, 0.00064, 0.00064, 0.00064, 0.00072, 0.00072, 0.0008, 0.0008, 0.0008, 0.00096, 0.0008799999999999999, 0.0008799999999999999, 0.0008799999999999999, 0.0008799999999999999, 0.0008799999999999999, 0.0008799999999999999, 0.00096, 0.00096, 0.00096, 0.00096, 0.0010400000000000001, 0.0010400000000000001, 0.0010400000000000001, 0.0008799999999999999, 0.0008799999999999999, 0.0008799999999999999, 0.0008799999999999999, 0.00072, 0.0008, 0.00072, 0.00072, 0.00064, 0.00064, 0.00064, 0.00064, 0.00064, 0.00072, 0.00064, 0.00064, 0.00072, 0.0008, 0.0008799999999999999, 0.0008799999999999999, 0.00096, 0.00096, 0.0008799999999999999, 0.0008, 0.00072, 0.00072, 0.00072, 0.00072, 0.00072, 0.00072, 0.00064, 0.00064, 0.00064, 0.0005600000000000001, 0.00064, 0.00064, 0.00064, 0.00064, 0.00064, 0.00064, 0.00064, 0.00064, 0.00064, 0.00048, 0.00048, 0.0005600000000000001, 0.0005600000000000001, 0.00064, 0.00072, 0.0008, 0.0008, 0.0008799999999999999, 0.0008799999999999999, 0.0008799999999999999, 0.0008799999999999999, 0.0008799999999999999, 0.00096, 0.00096, 0.00096, 0.00096, 0.0008799999999999999, 0.0008799999999999999, 0.0008, 0.0008, 0.0008, 0.0008, 0.00072, 0.0005600000000000001, 0.0005600000000000001, 0.0005600000000000001, 0.00064, 0.00064, 0.00064, 0.00064, 0.00072, 0.00072, 0.00072, 0.00072, 0.00072, 0.00064, 0.0008, 0.0008799999999999999, 0.0008, 0.00072, 0.00072, 0.00064, 0.00064, 0.00064, 0.00064, 0.00064, 0.00064, 0.00064, 0.00072, 0.0008, 0.00064, 0.00064, 0.00064, 0.00064, 0.00048, 0.00048, 0.00048, 0.00048, 0.00048, 0.00048, 0.00064, 0.0005600000000000001, 0.00064, 0.0005600000000000001, 0.00064, 0.0005600000000000001, 0.00064, 0.0005600000000000001, 0.00048, 0.00048, 0.0005600000000000001, 0.00064, 0.00064, 0.00064, 0.00064, 0.00064, 0.00064, 0.00072, 0.00072, 0.00072, 0.00072, 0.00064, 0.00064, 0.00064, 0.0008, 0.00072, 0.00064, 0.0005600000000000001, 0.0005600000000000001, 0.0005600000000000001, 0.0005600000000000001, 0.00064, 0.0005600000000000001, 0.0005600000000000001, 0.0005600000000000001, 0.0005600000000000001, 0.00064, 0.0008, 0.00072, 0.00072, 0.00072, 0.00072, 0.00072, 0.0005600000000000001, 0.0005600000000000001, 0.00064, 0.0004, 0.0004, 0.0004, 0.0004, 0.00032, 0.00032, 0.00032, 0.0004, 0.00032, 0.00032, 0.00032, 0.00032, 0.00032, 0.00024, 0.00024, 0.0004, 0.0004, 0.00048, 0.00048, 0.00048, 0.00048, 0.00048, 0.00048, 0.00048, 0.00048, 0.00048, 0.0004, 0.0004, 0.0004, 0.0004, 0.0004, 0.00048, 0.00048, 0.0004, 0.0004, 0.0004, 0.0004, 0.0004, 0.00048, 0.00048, 0.00048, 0.00048, 0.00048, 0.00048, 0.00048, 0.00048, 0.00048, 0.0004, 0.0004, 0.0004, 0.00024, 0.00016, 0.00016, 0.00016, 0.00016, 0.00016, 0.00016, 0.00016, 0.00032, 0.00032, 0.00032, 0.00032, 0.00032, 0.00024, 8.0e-5, 8.0e-5, 8.0e-5, 8.0e-5, 0.00016, 0.00016, 0.00016, 0.00016, 0.00032, 0.0004, 0.00032, 0.00032, 0.00024, 0.00024, 0.00024, 0.00024, 0.00024, 0.00024, 0.00024, 0.00032, 0.00032, 0.0004, 0.00032, 0.0004, 0.0004, 0.0004, 0.0004, 0.0004, 0.00032, 0.00032, 0.00032, 0.00032, 0.00024, 0.00024, 0.00024, 0.00024, 0.00016, 0.00016, 8.0e-5, 8.0e-5, 8.0e-5, 8.0e-5, 8.0e-5, 8.0e-5, 0.00016, 0.00016, 0.00024, 0.00016, 0.00016, 0.00016, 0.00016, 0.00016, 0.00016, 0.00016, 0.00016, 0.00016, 0.00016, 0.00016, 0.00024, 0.00024, 0.00024, 0.00024, 8.0e-5, 0.0, 0.0, 0.0, 8.0e-5, 0.00016, 0.00024, 0.00024, 0.00024, 0.00024, 0.00024, 0.00024, 0.00024, 0.00024, 0.00024, 0.00032, 0.00024, 0.00016, 0.00024, 0.00024, 0.00032, 0.00048, 0.0005600000000000001, 0.0005600000000000001, 0.0005600000000000001, 0.00064, 0.00072, 0.00064, 0.00064, 0.0005600000000000001, 0.0005600000000000001, 0.00048, 0.00048, 0.0004, 0.0004, 0.00048, 0.0005600000000000001, 0.0005600000000000001, 0.0005600000000000001, 0.0005600000000000001, 0.00048, 0.0004, 0.00048, 0.0005600000000000001, 0.00048, 0.0005600000000000001, 0.0005600000000000001, 0.0005600000000000001, 0.00048, 0.00048, 0.0004, 0.00032, 0.00032, 0.0004, 0.0004, 0.00048, 0.00048, 0.0004, 0.00032, 0.00032, 0.00032, 0.00032, 0.00024, 0.00016, 0.00016, 0.00016, 0.00024, 0.00024, 0.00024, 0.00032, 0.00032, 0.00032, 0.00032, 0.00024, 0.00024, 0.00024, 0.00032, 0.0004, 0.00032, 0.00032, 0.0004, 0.0004, 0.00032, 0.00024, 0.00032, 0.00032, 0.00032, 0.0004, 0.0004, 0.00048, 0.0004, 0.0004, 0.0004, 0.00032, 0.00032, 0.00032, 0.00032, 0.00032, 0.00032, 0.00032, 0.00024, 0.00032, 0.00032, 0.0004, 0.0004, 0.0004, 0.0004, 0.0005600000000000001, 0.00064, 0.00064, 0.00064, 0.00064, 0.00064, 0.00064, 0.00064, 0.00064, 0.0005600000000000001, 0.00048, 0.00048, 0.00048, 0.0004, 0.0004, 0.0004, 0.0004, 0.0004, 0.00032, 0.00024, 0.00024, 0.00024, 0.00024, 0.00024, 0.00024, 0.00024, 0.00024, 0.00024, 0.00016, 0.00016, 0.00016, 0.00016, 0.00016, 0.00016, 0.00024, 0.00032, 0.00032, 0.00032, 0.00032, 0.00032, 0.00024, 0.00024, 0.00032, 0.00032, 0.00032, 0.00024, 0.00024, 0.00024, 0.00024, 0.00024, 0.00032, 0.00032, 0.00024, 0.00024, 0.00024, 0.00024, 0.00032, 0.00032, 0.00024, 0.00016, 0.00016, 0.00016, 0.00024, 0.00032, 0.00032, 0.00032, 0.00032, 0.0004, 0.0004, 0.0004, 0.00048, 0.00048, 0.00048, 0.00048, 0.00048, 0.0005600000000000001, 0.0005600000000000001, 0.00064, 0.00064, 0.00064, 0.00064, 0.0005600000000000001, 0.0005600000000000001, 0.0005600000000000001, 0.00048, 0.00048, 0.00048, 0.0004, 0.0004, 0.0004, 0.0004, 0.0004, 0.0004, 0.0004, 0.00048, 0.00048, 0.00048, 0.00048, 0.00048, 0.00048, 0.00048, 0.00048, 0.00048, 0.00048, 0.00048, 0.0005600000000000001, 0.0005600000000000001, 0.00072, 0.0008799999999999999, 0.0008799999999999999, 0.0008799999999999999, 0.0008799999999999999, 0.0008, 0.00072, 0.0008, 0.0008, 0.0008, 0.0008, 0.0008799999999999999, 0.0008799999999999999, 0.0008799999999999999, 0.0008799999999999999, 0.0008, 0.00072, 0.00064, 0.00072, 0.00072, 0.0008, 0.00072, 0.00072, 0.0008, 0.00096, 0.0010400000000000001, 0.0010400000000000001, 0.00096, 0.0008799999999999999, 0.0008, 0.0008, 0.0008, 0.0008, 0.00072, 0.00072, 0.00064, 0.00064, 0.00072, 0.00072, 0.00072, 0.0008, 0.0008, 0.0008799999999999999, 0.0008, 0.0008, 0.0008, 0.0008799999999999999, 0.0008799999999999999, 0.0008, 0.0008, 0.0008, 0.00072, 0.00072, 0.00072, 0.00072, 0.00048, 0.00048, 0.00048, 0.00064, 0.00072, 0.0008, 0.00096, 0.0010400000000000001, 0.00096, 0.00096, 0.0008, 0.0008, 0.0008, 0.0005600000000000001, 0.0005600000000000001, 0.00064, 0.00064, 0.00064, 0.0005600000000000001, 0.0005600000000000001, 0.0005600000000000001, 0.0005600000000000001, 0.00064, 0.00064, 0.00064, 0.00064, 0.00064, 0.00064, 0.0005600000000000001, 0.00048, 0.0005600000000000001, 0.0005600000000000001, 0.00048, 0.0005600000000000001, 0.0005600000000000001, 0.0005600000000000001, 0.0005600000000000001, 0.0005600000000000001, 0.0005600000000000001, 0.0005600000000000001, 0.0005600000000000001, 0.0005600000000000001, 0.0005600000000000001, 0.0005600000000000001, 0.00048, 0.00064, 0.00064, 0.00064, 0.00064, 0.00064, 0.00064, 0.0008000000000000001, 0.0008000000000000001, 0.0008000000000000001, 0.00072, 0.00072, 0.0008, 0.0008, 0.0008, 0.00072, 0.00072, 0.00072, 0.0005600000000000001, 0.0005600000000000001, 0.00048, 0.0004, 0.00048, 0.00064, 0.00072, 0.0008, 0.0008, 0.0008799999999999999, 0.0008799999999999999, 0.0008799999999999999, 0.0008799999999999999, 0.0008799999999999999, 0.0008799999999999999, 0.00096, 0.0010400000000000001, 0.0010400000000000001, 0.0010400000000000001, 0.0010400000000000001, 0.0010400000000000001, 0.0010400000000000001, 0.0010400000000000001, 0.00096, 0.00096, 0.00096, 0.0010400000000000001, 0.0010400000000000001, 0.0011200000000000001, 0.0011200000000000001, 0.0010400000000000001, 0.0010400000000000001, 0.00096, 0.00096, 0.0008799999999999999, 0.00096, 0.0010400000000000001, 0.0011200000000000001, 0.0010400000000000001, 0.0010400000000000001, 0.00096, 0.00096, 0.00096, 0.00096, 0.0008799999999999999, 0.0008799999999999999, 0.0008799999999999999, 0.0008799999999999999, 0.00072, 0.00072, 0.00072, 0.00072, 0.00072, 0.00072, 0.00072, 0.0008, 0.0008, 0.0008799999999999999, 0.0008, 0.0008, 0.00072, 0.00064, 0.00064, 0.0005600000000000001, 0.0005600000000000001, 0.0005600000000000001, 0.0005600000000000001, 0.0005600000000000001, 0.0005600000000000001, 0.0005600000000000001, 0.0005600000000000001, 0.00064, 0.00072, 0.00064, 0.00072, 0.00072, 0.00072, 0.0005600000000000001, 0.0005600000000000001, 0.00048, 0.0004, 0.00032, 0.00032, 0.00032, 0.00032, 0.00032, 0.00032, 0.00032, 0.0004, 0.0004, 0.00048, 0.00048, 0.00048, 0.00048, 0.00048, 0.00048, 0.00048, 0.00048, 0.0004, 0.0004, 0.00032, 0.0004, 0.0004, 0.0004, 0.00048, 0.00048, 0.00048, 0.00032, 0.00032, 0.00032, 0.00032, 0.00032, 0.0004, 0.0004, 0.00048, 0.00048, 0.0004, 0.0004, 0.0004, 0.0004, 0.0004, 0.0004, 0.0004, 0.0004, 0.0004, 0.0004, 0.0004, 0.0004, 0.0004, 0.0004, 0.00048, 0.00048, 0.00048, 0.00048, 0.00048, 0.00048, 0.00048, 0.00048, 0.00048, 0.00048, 0.00048, 0.00048, 0.0005600000000000001, 0.0005600000000000001, 0.00048, 0.0004, 0.00032, 0.00032, 0.00032, 0.00024, 0.00024, 0.00024, 0.00024, 0.00032, 0.00032, 0.00032, 0.00032, 0.00032, 0.00024, 0.00032, 0.0004, 0.00048, 0.0005600000000000001, 0.00048, 0.00048, 0.00048, 0.00064, 0.0005600000000000001, 0.0005600000000000001, 0.0005600000000000001, 0.0005600000000000001, 0.0005600000000000001, 0.0005600000000000001, 0.0005600000000000001, 0.0005600000000000001, 0.00064, 0.00064, 0.00064, 0.00064, 0.0005600000000000001, 0.00048, 0.0004, 0.0004, 0.0004, 0.0004, 0.00032, 0.00032, 0.0004, 0.00048, 0.0005600000000000001, 0.00048, 0.0004, 0.0004, 0.0005600000000000001, 0.0005600000000000001, 0.0005600000000000001, 0.0005600000000000001, 0.0005600000000000001, 0.0005600000000000001, 0.0005600000000000001, 0.0005600000000000001, 0.0005600000000000001, 0.00048, 0.00048, 0.00048, 0.00048, 0.00048, 0.00048, 0.00048, 0.00048, 0.00048, 0.0005600000000000001, 0.0005600000000000001, 0.0005600000000000001, 0.0005600000000000001, 0.0005600000000000001, 0.0005600000000000001, 0.0004, 0.0004, 0.00032, 0.00032, 0.00032, 0.00032, 0.00032, 0.00032, 0.00024, 0.00024, 0.00032, 0.00032, 0.00032, 0.0004, 0.0004, 0.0004, 0.0004, 0.00048, 0.0004, 0.0004, 0.00032, 0.00032, 0.0004, 0.0004, 0.00032, 0.0004, 0.0004, 0.0004, 0.0004, 0.0004, 0.0004, 0.00048, 0.0005600000000000001, 0.0008, 0.0008, 0.0008799999999999999, 0.0008, 0.00072, 0.0008, 0.00072, 0.00072, 0.00072, 0.00064, 0.0005600000000000001, 0.00048, 0.0005600000000000001, 0.0005600000000000001, 0.0005600000000000001, 0.0005600000000000001, 0.00064, 0.00064, 0.00064, 0.00064, 0.00072, 0.00064, 0.00064, 0.00064, 0.00064, 0.0005600000000000001, 0.0005600000000000001, 0.0005600000000000001, 0.0005600000000000001, 0.0005600000000000001, 0.0005600000000000001, 0.0005600000000000001, 0.0005600000000000001, 0.0005600000000000001, 0.0005600000000000001, 0.0005600000000000001, 0.0005600000000000001, 0.0005600000000000001, 0.0005600000000000001, 0.0005600000000000001, 0.0005600000000000001, 0.0005600000000000001, 0.0005600000000000001, 0.0005600000000000001, 0.0004, 0.0004, 0.00024, 0.00016, 8.0e-5, 8.0e-5, 8.0e-5, 8.0e-5, 8.0e-5, 0.00016, 0.00016, 0.00016, 0.00016, 0.00016, 8.0e-5, 8.0e-5, 0.00016, 0.00016, 0.00024, 0.00032, 0.00032, 0.00024, 0.00024, 0.00032, 0.0004, 0.0004, 0.0004, 0.0004, 0.00032, 0.00024, 0.00016, 0.00016, 0.00016, 0.00016, 0.00024, 0.00032, 0.0004, 0.0004, 0.0004, 0.0004, 0.00048, 0.00048, 0.00032, 0.00032, 0.0004, 0.00032, 0.00032, 0.00032, 0.00032, 0.00032, 0.00032, 0.00032, 0.00032, 0.00024, 0.00024, 0.00024, 0.00024, 0.00024, 0.00032, 0.00032, 0.00024, 0.00048, 0.0004, 0.0004, 0.0004, 0.00048, 0.00048, 0.00032, 0.0004, 0.0004, 0.00048, 0.00048, 0.00048, 0.00048, 0.00048, 0.00048, 0.0005600000000000001, 0.00048, 0.00048, 0.00048, 0.0004, 0.00048, 0.0004, 0.0004, 0.0004, 0.0004, 0.0004, 0.0004, 0.0004, 0.0004, 0.0004, 0.0004, 0.0004, 0.0004, 0.00032, 0.00032, 0.00016, 0.00016, 0.00016, 0.00016, 0.00016, 0.00016, 0.00016, 0.00016, 0.00016, 0.00016, 0.00024, 0.00024, 0.00024, 0.00024, 0.00032, 0.00032, 0.00032, 0.00032, 0.00032, 0.00032, 0.00032, 0.00032, 0.0004, 0.00032, 0.00024, 0.00024, 0.00024, 0.00024, 0.00024, 0.00024, 0.00024, 0.00024, 0.00024, 0.00032, 0.00024, 0.00032, 0.00032, 0.00024, 0.00032, 0.0004, 0.0004, 0.0004, 0.0004, 0.0004, 0.00048, 0.0004, 0.0004, 0.0004, 0.0004, 0.00048, 0.00048, 0.0005600000000000001, 0.00048, 0.00048, 0.00048, 0.00048, 0.00048, 0.0005600000000000001, 0.0005600000000000001, 0.0005600000000000001, 0.00048, 0.00048, 0.00048, 0.00048, 0.00048, 0.0005600000000000001, 0.0005600000000000001, 0.00064, 0.00064, 0.00064, 0.0005600000000000001, 0.0005600000000000001, 0.0005600000000000001, 0.0005600000000000001, 0.0005600000000000001, 0.00048, 0.00048, 0.00048, 0.0005600000000000001, 0.00048, 0.00048, 0.00048, 0.00048, 0.00048, 0.0005600000000000001, 0.0005600000000000001, 0.0005600000000000001, 0.0005600000000000001, 0.0005600000000000001, 0.0005600000000000001, 0.00064, 0.00072, 0.00064, 0.00064, 0.00064, 0.00048, 0.00048, 0.00048, 0.00048, 0.00048, 0.00048, 0.00048, 0.00048, 0.0004, 0.0004, 0.0004, 0.0004, 0.00032, 0.00024, 0.00024, 0.00024, 0.00032, 0.00032, 0.00024, 0.00032, 0.00032, 0.00024, 0.00032, 0.0004, 0.0004, 0.00032, 0.00032, 0.0004, 0.00048, 0.00048, 0.00048, 0.00048, 0.00048, 0.00048, 0.00048, 0.00048, 0.00048, 0.00032, 0.00032, 0.0004, 0.0004, 0.00048, 0.00048, 0.0004, 0.00048, 0.00048, 0.0004, 0.0004, 0.0005600000000000001, 0.0005600000000000001, 0.0005600000000000001, 0.0005600000000000001, 0.0005600000000000001, 0.00048, 0.0005600000000000001, 0.0005600000000000001, 0.0005600000000000001, 0.0005600000000000001, 0.0005600000000000001, 0.00064, 0.00064, 0.00064, 0.00072, 0.0008, 0.0008, 0.00072, 0.00072, 0.00072, 0.00072, 0.00064, 0.00064, 0.00064, 0.0005600000000000001, 0.0005600000000000001, 0.0005600000000000001, 0.0005600000000000001, 0.00048, 0.0004, 0.00048, 0.0005600000000000001, 0.00048, 0.0004, 0.00048, 0.00048, 0.00048, 0.00048, 0.00048, 0.00048, 0.00048, 0.0004, 0.0004, 0.0004, 0.0004, 0.0004, 0.00048, 0.00048, 0.00048, 0.0004, 0.00032, 0.00032, 0.00032, 0.00032, 0.00024, 0.00024, 0.00024, 0.00024, 0.00024, 0.00024, 0.00016, 0.00016, 0.00016, 0.00016, 0.00016, 0.00016, 0.00024, 0.00024, 0.00024, 0.00024, 0.00024, 0.00024, 0.00032, 0.00032, 0.00032, 0.00032, 0.00032, 0.00032, 0.00032, 0.00032, 0.0004, 0.0004, 0.00048, 0.00048, 0.00048, 0.0004, 0.0004, 0.0004, 0.00032, 0.00032, 0.00032, 0.00032, 0.00024, 0.00024, 0.00032, 0.00032, 0.00032, 0.00032, 0.0004, 0.0004, 0.0004, 0.00032, 0.00032, 0.00032, 0.00024, 0.00024, 0.00024, 0.00024, 0.00032, 0.00032, 0.00032, 0.00032, 0.00032, 0.0004, 0.0004, 0.0004, 0.00048, 0.0005600000000000001, 0.0005600000000000001, 0.00048, 0.00048, 0.00048, 0.0004, 0.0004, 0.0004, 0.0004, 0.0004, 0.0004, 0.0004, 0.0004, 0.0004, 0.0004, 0.00032, 0.0004, 0.0004, 0.00032, 0.00032, 0.00032, 0.0004, 0.00048, 0.00048, 0.0005600000000000001, 0.0005600000000000001, 0.0005600000000000001, 0.0005600000000000001, 0.00064, 0.00064, 0.00064, 0.00064, 0.00064, 0.00064, 0.00072, 0.00072, 0.00064, 0.00064, 0.0005600000000000001, 0.0005600000000000001, 0.0005600000000000001, 0.0005600000000000001, 0.00064, 0.00064, 0.00064, 0.00048, 0.00048, 0.0004, 0.0004, 0.00032, 0.00032, 0.00032, 0.00032, 0.00032, 0.00032, 0.00016, 0.00016, 0.00016, 0.00024, 0.00024, 0.00024, 0.00024, 0.00032, 0.00032, 0.00032, 0.00032, 0.0004, 0.0004, 0.00048, 0.0004, 0.00048, 0.00048, 0.00048, 0.0004, 0.0004, 0.0004, 0.0004, 0.0004, 0.00032, 0.00024, 0.00024, 0.00024, 0.00024, 0.00016, 0.00016, 0.00024, 0.00032, 0.00032, 0.00032, 0.0004, 0.0004, 0.0004, 0.00032, 0.00032, 0.00032, 0.00024, 0.00024, 0.00032, 0.00032, 0.00032, 0.00032, 0.00024, 0.00024, 0.00024, 0.00024, 0.00016, 0.00024, 0.00024, 0.00024, 0.00024, 0.00024, 0.00016, 0.00016, 0.00016, 0.00016, 8.0e-5, 8.0e-5, 0.00016, 0.00016, 0.00024, 0.00024, 0.00024, 0.00016, 0.00016, 8.0e-5, 8.0e-5, 8.0e-5, 8.0e-5, 8.0e-5, 8.0e-5, 8.0e-5, 0.0, 0.0, 0.0, 0.00016, 0.00016, 0.00016, 0.00016, 0.00016, 0.00016, 0.00016, 0.00016, 0.00016, 0.00016, 0.00016, 0.00024, 0.00024, 0.00024, 0.00024, 0.00032, 0.00024, 0.00032, 0.00032, 0.0004, 0.0004, 0.0004, 0.0004, 0.0004, 0.0004, 0.0004, 0.0004, 0.00048, 0.00048, 0.00048, 0.00048, 0.00048, 0.00048, 0.00024, 0.00024, 0.00032, 0.00032, 0.00032, 0.00032, 0.00032, 0.00032, 0.00032, 0.00032, 0.00032, 0.00032, 0.00032, 0.00032, 0.00032, 0.0004, 0.00048, 0.0004, 0.0005600000000000001, 0.0005600000000000001, 0.0005600000000000001, 0.0005600000000000001, 0.00064, 0.00064, 0.00064, 0.00064, 0.00064, 0.00064, 0.00064, 0.00064, 0.00064, 0.00064, 0.00064, 0.00064, 0.0005600000000000001, 0.0005600000000000001, 0.0005600000000000001, 0.00048, 0.0004, 0.0004, 0.00032, 0.00032, 0.00032, 0.00024, 0.00024, 0.00024, 0.0004, 0.00048, 0.00048, 0.0005600000000000001, 0.0005600000000000001, 0.0005600000000000001, 0.00048, 0.00048, 0.00048, 0.0004, 0.00032, 0.00032, 0.00032, 0.0004, 0.00048, 0.00048, 0.00064, 0.00064, 0.00064, 0.00064, 0.00072, 0.0005600000000000001, 0.0005600000000000001, 0.0005600000000000001, 0.00048, 0.0004, 0.0004, 0.0004, 0.0004, 0.0004, 0.0004, 0.0004, 0.0004, 0.0004, 0.00032, 0.0004, 0.00032, 0.0004, 0.00048, 0.00048, 0.00048, 0.00048, 0.0005600000000000001, 0.0005600000000000001, 0.0005600000000000001, 0.00048, 0.00048, 0.00048, 0.0004, 0.0004, 0.0004, 0.0004, 0.0004, 0.0004, 0.0004, 0.00048, 0.0005600000000000001, 0.0005600000000000001, 0.0005600000000000001, 0.00064, 0.00072, 0.00072, 0.00064, 0.00064, 0.00064, 0.00064, 0.0005600000000000001, 0.0005600000000000001, 0.0005600000000000001, 0.0005600000000000001, 0.00048, 0.00048, 0.0005600000000000001, 0.0005600000000000001, 0.00064, 0.00064, 0.00064, 0.0005600000000000001, 0.00048, 0.0005600000000000001, 0.00064, 0.00072, 0.00064, 0.00064, 0.0005600000000000001, 0.00064, 0.0005600000000000001, 0.00048, 0.00048, 0.0005600000000000001, 0.0005600000000000001, 0.0005600000000000001, 0.00048, 0.0005600000000000001, 0.0005600000000000001, 0.0005600000000000001, 0.00064, 0.00064, 0.00064, 0.0005600000000000001, 0.0005600000000000001, 0.0005600000000000001, 0.0005600000000000001, 0.0005600000000000001, 0.0005600000000000001, 0.0005600000000000001, 0.00048, 0.00048, 0.00048, 0.00048, 0.00048, 0.00048, 0.00048, 0.00048, 0.00048, 0.0005600000000000001, 0.0005600000000000001, 0.0005600000000000001, 0.0005600000000000001, 0.0005600000000000001, 0.00064, 0.0005600000000000001, 0.00048, 0.0005600000000000001, 0.00048, 0.0004, 0.0004, 0.0004, 0.00032, 0.00032, 0.00032, 0.00032, 0.00032, 0.00032, 0.00032, 0.00032, 0.00032, 0.0004, 0.00048, 0.00048, 0.00048, 0.00048, 0.00048, 0.00048, 0.00048, 0.00048, 0.00048, 0.0005600000000000001, 0.0005600000000000001, 0.00064, 0.00072, 0.00064, 0.00072, 0.0008, 0.00064, 0.0005600000000000001, 0.0005600000000000001, 0.0005600000000000001, 0.0005600000000000001, 0.0005600000000000001, 0.0005600000000000001, 0.00048, 0.00048, 0.00048, 0.0004, 0.0004, 0.0004, 0.0005600000000000001, 0.0005600000000000001, 0.00048, 0.00048, 0.00048, 0.0004, 0.0004, 0.00048, 0.00048, 0.0005600000000000001, 0.00064, 0.0005600000000000001, 0.0004, 0.0004, 0.0004, 0.0004, 0.00032, 0.0004, 0.0004, 0.0004, 0.0004, 0.00032, 0.00032, 0.00032, 0.0004, 0.00032, 0.00032, 0.00032, 0.0004, 0.0004, 0.0004, 0.0004, 0.0004, 0.0004, 0.0004, 0.0004, 0.0004, 0.0004, 0.0004, 0.0004, 0.0004]","[0.0, 0.0, 0.0, 0.0, 0.0, 0.0, 0.0, 0.0, 0.0, 0.0, 0.0, 0.0, 0.0, 0.0, 0.0, 0.0, 0.0, 0.0, 0.0, 0.0, 0.0, 0.0, 0.0, 0.0, 0.0, 0.0, 0.0, 0.0, 0.0, 0.0, 0.0, 0.0, 0.0, 0.0, 0.0, 0.0, 0.0, 0.0, 0.0, 0.0, 0.0, 0.0, 0.0, 0.000848528137423857, 0.000848528137423857, 0.000848528137423857, 0.000848528137423857, 0.000848528137423857, 0.000848528137423857, 0.000848528137423857, 0.000848528137423857, 0.000848528137423857, 0.000848528137423857, 0.000848528137423857, 0.000848528137423857, 0.000848528137423857, 0.000848528137423857, 0.000848528137423857, 0.000848528137423857, 0.000848528137423857, 0.000848528137423857, 0.000848528137423857, 0.000848528137423857, 0.0011876919823329444, 0.0011876919823329444, 0.0011876919823329444, 0.0011876919823329444, 0.0011876919823329444, 0.0014393876248925714, 0.0014393876248925714, 0.0014393876248925714, 0.0014393876248925714, 0.0014393876248925714, 0.0014393876248925714, 0.0014393876248925714, 0.0014393876248925714, 0.0014393876248925714, 0.0014393876248925714, 0.0014393876248925714, 0.0014393876248925714, 0.0014393876248925714, 0.0014393876248925714, 0.0014393876248925714, 0.0014393876248925714, 0.0014393876248925714, 0.0016442850937072179, 0.0018182745801939796, 0.0018182745801939796, 0.0018182745801939796, 0.0018182745801939796, 0.0018182745801939796, 0.0018182745801939796, 0.0018182745801939796, 0.0018182745801939796, 0.0018182745801939796, 0.0018182745801939796, 0.0018182745801939796, 0.0018182745801939796, 0.0018182745801939796, 0.0018182745801939796, 0.0018182745801939796, 0.0018182745801939796, 0.0018182745801939796, 0.0018182745801939796, 0.0018182745801939796, 0.0018182745801939796, 0.0018182745801939796, 0.0018182745801939796, 0.0018182745801939796, 0.0018182745801939796, 0.0018182745801939796, 0.0018182745801939796, 0.0018182745801939796, 0.0018182745801939796, 0.0018182745801939796, 0.0018182745801939796, 0.0018182745801939796, 0.0018182745801939796, 0.0018182745801939796, 0.0018182745801939796, 0.0018182745801939796, 0.0019695643359558955, 0.0019695643359558955, 0.0019695643359558955, 0.0019695643359558955, 0.0019695643359558955, 0.0019695643359558955, 0.0019695643359558955, 0.0019695643359558955, 0.0019695643359558955, 0.0019695643359558955, 0.0019695643359558955, 0.0019695643359558955, 0.0019695643359558955, 0.0019695643359558955, 0.0019695643359558955, 0.0019695643359558955, 0.0019695643359558955, 0.0019695643359558955, 0.0019695643359558955, 0.0019695643359558955, 0.0019695643359558955, 0.0019695643359558955, 0.0019695643359558955, 0.0019695643359558955, 0.0019695643359558955, 0.0019695643359558955, 0.0019695643359558955, 0.0019695643359558955, 0.0019695643359558955, 0.0019695643359558955, 0.0019695643359558955, 0.0019695643359558955, 0.0019695643359558955, 0.0019695643359558955, 0.0019695643359558955, 0.0019695643359558955, 0.0019695643359558955, 0.0019695643359558955, 0.0019695643359558955, 0.0019695643359558955, 0.0019695643359558955, 0.0019695643359558955, 0.0019695643359558955, 0.0019695643359558955, 0.0019695643359558955, 0.0019695643359558955, 0.0019695643359558955, 0.0019695643359558955, 0.0019695643359558955, 0.0019695643359558955, 0.0019695643359558955, 0.0019695643359558955, 0.0019695643359558955, 0.0019695643359558955, 0.0019695643359558955, 0.0019695643359558955, 0.0019695643359558955, 0.0019695643359558955, 0.0019695643359558955, 0.0019695643359558955, 0.0019695643359558955, 0.0019695643359558955, 0.0019695643359558955, 0.0019695643359558955, 0.0019695643359558955, 0.0019695643359558955, 0.0019695643359558955, 0.0019695643359558955, 0.0019695643359558955, 0.0019695643359558955, 0.0019695643359558955, 0.0019695643359558955, 0.0019695643359558955, 0.0019695643359558955, 0.0019695643359558955, 0.002103058996523194, 0.00253111252461144, 0.00253111252461144, 0.0026251530567623234, 0.0026251530567623234, 0.0026251530567623234, 0.002710523708715754, 0.002710523708715754, 0.002710523708715754, 0.002710523708715754, 0.002710523708715754, 0.002710523708715754, 0.002710523708715754, 0.002710523708715754, 0.002710523708715754, 0.002710523708715754, 0.002710523708715754, 0.002710523708715754, 0.002710523708715754, 0.002710523708715754, 0.002710523708715754, 0.002710523708715754, 0.002710523708715754, 0.002710523708715754, 0.002710523708715754, 0.002710523708715754, 0.002710523708715754, 0.002710523708715754, 0.002710523708715754, 0.002710523708715754, 0.002710523708715754, 0.002710523708715754, 0.002710523708715754, 0.002710523708715754, 0.002710523708715754, 0.002710523708715754, 0.002710523708715754, 0.002710523708715754, 0.002710523708715754, 0.002710523708715754, 0.002710523708715754, 0.002710523708715754, 0.002710523708715754, 0.002710523708715754, 0.002710523708715754, 0.002710523708715754, 0.002710523708715754, 0.002710523708715754, 0.002710523708715754, 0.002710523708715754, 0.002710523708715754, 0.002710523708715754, 0.002710523708715754, 0.002710523708715754, 0.002710523708715754, 0.002710523708715754, 0.002710523708715754, 0.002710523708715754, 0.002710523708715754, 0.002710523708715754, 0.002710523708715754, 0.002710523708715754, 0.002710523708715754, 0.002710523708715754, 0.002710523708715754, 0.002710523708715754, 0.002710523708715754, 0.002710523708715754, 0.002710523708715754, 0.002710523708715754, 0.002710523708715754, 0.002710523708715754, 0.002710523708715754, 0.002710523708715754, 0.002710523708715754, 0.002710523708715754, 0.002710523708715754, 0.002710523708715754, 0.002710523708715754, 0.002710523708715754, 0.002710523708715754, 0.002710523708715754, 0.002710523708715754, 0.002710523708715754, 0.002710523708715754, 0.002710523708715754, 0.002710523708715754, 0.002710523708715754, 0.002788021022964102, 0.002788021022964102, 0.002788021022964102, 0.0028582854858056686, 0.0029218389512673105, 0.0029218389512673105, 0.0029218389512673105, 0.0029218389512673105, 0.0029218389512673105, 0.0029218389512673105, 0.0029218389512673105, 0.0029218389512673105, 0.0029218389512673105, 0.0029218389512673105, 0.0029218389512673105, 0.0029218389512673105, 0.0029218389512673105, 0.0029218389512673105, 0.0029218389512673105, 0.0029218389512673105, 0.0029218389512673105, 0.0029218389512673105, 0.0029218389512673105, 0.0029218389512673105, 0.0029218389512673105, 0.0029218389512673105, 0.0029218389512673105, 0.0029218389512673105, 0.0029218389512673105, 0.0029218389512673105, 0.0029218389512673105, 0.0029791109480541886, 0.0029791109480541886, 0.0029791109480541886, 0.0029791109480541886, 0.0029791109480541886, 0.0029791109480541886, 0.0029791109480541886, 0.0029791109480541886, 0.0029791109480541886, 0.0029791109480541886, 0.0029791109480541886, 0.0029791109480541886, 0.0029791109480541886, 0.0029791109480541886, 0.0029791109480541886, 0.0029791109480541886, 0.0029791109480541886, 0.0029791109480541886, 0.0029791109480541886, 0.0029791109480541886, 0.0029791109480541886, 0.0029791109480541886, 0.0029791109480541886, 0.0029791109480541886, 0.0029791109480541886, 0.0029791109480541886, 0.0029791109480541886, 0.0029791109480541886, 0.0029791109480541886, 0.0029791109480541886, 0.0029791109480541886, 0.0029791109480541886, 0.0029791109480541886, 0.0029791109480541886, 0.0029791109480541886, 0.0029791109480541886, 0.0029791109480541886, 0.0029791109480541886, 0.0029791109480541886, 0.0029791109480541886, 0.0029791109480541886, 0.0029791109480541886, 0.0029791109480541886, 0.0029791109480541886, 0.0029791109480541886, 0.0029791109480541886, 0.0029791109480541886, 0.0029791109480541886, 0.0029791109480541886, 0.0029791109480541886, 0.0029791109480541886, 0.0029791109480541886, 0.0029791109480541886, 0.0029791109480541886, 0.0029791109480541886, 0.0029791109480541886, 0.0030304576336566327, 0.0030304576336566327, 0.0030304576336566327, 0.0030304576336566327, 0.0030304576336566327, 0.0030304576336566327, 0.0030304576336566327, 0.0030304576336566327, 0.0030304576336566327, 0.0030304576336566327, 0.0030304576336566327, 0.0030304576336566327, 0.0030304576336566327, 0.0030304576336566327, 0.0030304576336566327, 0.0030304576336566327, 0.0030304576336566327, 0.0030304576336566327, 0.0030304576336566327, 0.0030304576336566327, 0.0030304576336566327, 0.0030304576336566327, 0.0030761757334159478, 0.0030761757334159478, 0.0030761757334159478, 0.0030761757334159478, 0.0030761757334159478, 0.0030761757334159478, 0.0030761757334159478, 0.0031165129650339157, 0.0031165129650339157, 0.0031165129650339157, 0.0031165129650339157, 0.0031165129650339157, 0.0031165129650339157, 0.0031165129650339157, 0.0031165129650339157, 0.0031165129650339157, 0.0031165129650339157, 0.0031165129650339157, 0.0031165129650339157, 0.0031165129650339157, 0.0031165129650339157, 0.0031165129650339157, 0.0031165129650339157, 0.0031165129650339157, 0.0031165129650339157, 0.0031165129650339157, 0.0031165129650339157, 0.0031165129650339157, 0.0031165129650339157, 0.0031165129650339157, 0.0031165129650339157, 0.0031165129650339157, 0.0031165129650339157, 0.0031165129650339157, 0.0031165129650339157, 0.0031165129650339157, 0.0031165129650339157, 0.0031165129650339157, 0.0031165129650339157, 0.0031165129650339157, 0.0031165129650339157, 0.0031165129650339157, 0.0031165129650339157, 0.0031165129650339157, 0.0031516759390028976, 0.0031516759390028976, 0.0031516759390028976, 0.0031516759390028976, 0.0031516759390028976, 0.0031516759390028976, 0.0031516759390028976, 0.0031516759390028976, 0.0031516759390028976, 0.0031516759390028976, 0.0031516759390028976, 0.0031516759390028976, 0.0031516759390028976, 0.0031516759390028976, 0.0031516759390028976, 0.0031516759390028976, 0.0031516759390028976, 0.0031516759390028976, 0.0031516759390028976, 0.0031516759390028976, 0.0031516759390028976, 0.0031516759390028976, 0.0031516759390028976, 0.0031516759390028976, 0.0031516759390028976, 0.0031516759390028976, 0.0031516759390028976, 0.0031516759390028976, 0.0031516759390028976, 0.0031516759390028976, 0.0031516759390028976, 0.0031516759390028976, 0.0031818362045606717, 0.0031818362045606717, 0.0031818362045606717, 0.0031818362045606717, 0.0031818362045606717, 0.0031818362045606717, 0.0032071349029490926, 0.0032071349029490926, 0.0032071349029490926, 0.0032071349029490926, 0.0032071349029490926, 0.0032071349029490926, 0.0032071349029490926, 0.0032071349029490926, 0.0032071349029490926, 0.0032071349029490926, 0.0032071349029490926, 0.0032071349029490926, 0.0032071349029490926, 0.0032071349029490926, 0.0032071349029490926, 0.0032071349029490926, 0.0032071349029490926, 0.0032071349029490926, 0.0032071349029490926, 0.0032071349029490926, 0.0032071349029490926, 0.0032071349029490926, 0.0032071349029490926, 0.0032276863515021824, 0.0032276863515021824, 0.0032276863515021824, 0.0032276863515021824, 0.0032276863515021824, 0.0032276863515021824, 0.0032276863515021824, 0.0032276863515021824, 0.0032276863515021824, 0.0032276863515021824, 0.0032276863515021824, 0.0032276863515021824, 0.0032276863515021824, 0.0032276863515021824, 0.0032276863515021824, 0.0032276863515021824, 0.0032276863515021824, 0.0032276863515021824, 0.0032276863515021824, 0.0032276863515021824, 0.0032276863515021824, 0.0032276863515021824, 0.0032276863515021824, 0.0032276863515021824, 0.0032276863515021824, 0.0032276863515021824, 0.0032276863515021824, 0.0032276863515021824, 0.0032276863515021824, 0.0032276863515021824, 0.0032276863515021824, 0.0032276863515021824, 0.0032276863515021824, 0.0032276863515021824, 0.0032276863515021824, 0.003243580787729914, 0.003243580787729914, 0.003243580787729914, 0.003243580787729914, 0.003243580787729914, 0.003243580787729914, 0.003243580787729914, 0.003243580787729914, 0.003243580787729914, 0.003243580787729914, 0.003243580787729914, 0.003243580787729914, 0.003243580787729914, 0.003243580787729914, 0.003243580787729914, 0.003243580787729914, 0.003243580787729914, 0.003243580787729914, 0.003243580787729914, 0.003243580787729914, 0.003243580787729914, 0.003243580787729914, 0.003243580787729914, 0.003243580787729914, 0.003243580787729914, 0.003243580787729914, 0.003243580787729914, 0.003243580787729914, 0.003243580787729914, 0.003243580787729914, 0.003243580787729914, 0.003243580787729914, 0.003243580787729914, 0.003243580787729914, 0.003243580787729914, 0.003243580787729914, 0.003243580787729914, 0.003243580787729914, 0.003243580787729914, 0.003243580787729914, 0.003243580787729914, 0.003243580787729914, 0.003243580787729914, 0.003243580787729914, 0.003243580787729914, 0.003243580787729914, 0.003243580787729914, 0.003243580787729914, 0.003243580787729914, 0.003243580787729914, 0.003243580787729914, 0.003243580787729914, 0.003243580787729914, 0.003243580787729914, 0.003243580787729914, 0.003243580787729914, 0.003243580787729914, 0.003243580787729914, 0.003243580787729914, 0.003243580787729914, 0.003243580787729914, 0.003243580787729914, 0.003243580787729914, 0.003243580787729914, 0.003243580787729914, 0.003243580787729914, 0.0034796199651744753, 0.0034796199651744753, 0.0034796199651744753, 0.0034796199651744753, 0.0034796199651744753, 0.0034796199651744753, 0.0034796199651744753, 0.0034796199651744753, 0.0034796199651744753, 0.0034796199651744753, 0.0034796199651744753, 0.0034796199651744753, 0.0034796199651744753, 0.0034796199651744753, 0.0034796199651744753, 0.0034796199651744753, 0.0034796199651744753, 0.0034796199651744753, 0.0034796199651744753, 0.0034796199651744753, 0.0034796199651744753, 0.0034796199651744753, 0.0034796199651744753, 0.0034796199651744753, 0.0034796199651744753, 0.0034796199651744753, 0.0034796199651744753, 0.0034796199651744753, 0.0034796199651744753, 0.0034796199651744753, 0.0034796199651744753, 0.0034796199651744753, 0.0034796199651744753, 0.003686710828732554, 0.003686710828732554, 0.003686710828732554, 0.003878985771080489, 0.003878985771080489, 0.003878985771080489, 0.003878985771080489, 0.003878985771080489, 0.003878985771080489, 0.003878985771080489, 0.003878985771080489, 0.003878985771080489, 0.003878985771080489, 0.003878985771080489, 0.003878985771080489, 0.003878985771080489, 0.003878985771080489, 0.003878985771080489, 0.003878985771080489, 0.003878985771080489, 0.003878985771080489, 0.003878985771080489, 0.003878985771080489, 0.003878985771080489, 0.003878985771080489, 0.003878985771080489, 0.003878985771080489, 0.003878985771080489, 0.003878985771080489, 0.003878985771080489, 0.003878985771080489, 0.003878985771080489, 0.003878985771080489, 0.003878985771080489, 0.003878985771080489, 0.003878985771080489, 0.003878985771080489, 0.003878985771080489, 0.003878985771080489, 0.003878985771080489, 0.003878985771080489, 0.003878985771080489, 0.003878985771080489, 0.003878985771080489, 0.003878985771080489, 0.003878985771080489, 0.003878985771080489, 0.003878985771080489, 0.003878985771080489, 0.003878985771080489, 0.003878985771080489, 0.003878985771080489, 0.003878985771080489, 0.003878985771080489, 0.003878985771080489, 0.003878985771080489, 0.003878985771080489, 0.003878985771080489, 0.003878985771080489, 0.003878985771080489, 0.003878985771080489, 0.003878985771080489, 0.003878985771080489, 0.003878985771080489, 0.003878985771080489, 0.003878985771080489, 0.003878985771080489, 0.003878985771080489, 0.003878985771080489, 0.003878985771080489, 0.003878985771080489, 0.003878985771080489, 0.003878985771080489, 0.003878985771080489, 0.003878985771080489, 0.003878985771080489, 0.003878985771080489, 0.003878985771080489, 0.003878985771080489, 0.003878985771080489, 0.003878985771080489, 0.003878985771080489, 0.003878985771080489, 0.003878985771080489, 0.003878985771080489, 0.003878985771080489, 0.003878985771080489, 0.003878985771080489, 0.003878985771080489, 0.003878985771080489, 0.004058551063457731, 0.004058551063457731, 0.004058551063457731, 0.004058551063457731, 0.004058551063457731, 0.004058551063457731, 0.004227026744893012, 0.004227026744893012, 0.004214842578220884, 0.004214842578220884, 0.004214842578220884, 0.004214842578220884, 0.004214842578220884, 0.004214842578220884, 0.004214842578220884, 0.004214842578220884, 0.004214842578220884, 0.004214842578220884, 0.004214842578220884, 0.004214842578220884, 0.004214842578220884, 0.004214842578220884, 0.004214842578220884, 0.004214842578220884, 0.004214842578220884, 0.004214842578220884, 0.004214842578220884, 0.004214842578220884, 0.004214842578220884, 0.004214842578220884, 0.004199125273342591, 0.004199125273342591, 0.004199125273342591, 0.004199125273342591, 0.004199125273342591, 0.004199125273342591, 0.004199125273342591, 0.004199125273342591, 0.004199125273342591, 0.004199125273342591, 0.004199125273342591, 0.004199125273342591, 0.004199125273342591, 0.004352057922783807, 0.004352057922783807, 0.004352057922783807, 0.004352057922783807, 0.004352057922783807, 0.004352057922783807, 0.004352057922783807, 0.004352057922783807, 0.004352057922783807, 0.004352057922783807, 0.004352057922783807, 0.004352057922783807, 0.004352057922783807, 0.004352057922783807, 0.004352057922783807, 0.004352057922783807, 0.004496529273807086, 0.004496529273807086, 0.004496529273807086, 0.004471953415112771, 0.004471953415112771, 0.004471953415112771, 0.004471953415112771, 0.004471953415112771, 0.004443936478908247, 0.004443936478908247, 0.004443936478908247, 0.004443936478908247, 0.004443936478908247, 0.004443936478908247, 0.004443936478908247, 0.004443936478908247, 0.004443936478908247, 0.004443936478908247, 0.004443936478908247, 0.004443936478908247, 0.004443936478908247, 0.004443936478908247, 0.004443936478908247, 0.004443936478908247, 0.004443936478908247, 0.004443936478908247, 0.0045758906794419905, 0.0045758906794419905, 0.0045758906794419905, 0.0045758906794419905, 0.0045758906794419905, 0.0045758906794419905, 0.0045758906794419905, 0.0045758906794419905, 0.0045758906794419905, 0.004701020297417859, 0.004701020297417859, 0.004701020297417859, 0.004701020297417859, 0.004664936511150095, 0.004664936511150095, 0.004664936511150095, 0.004664936511150095, 0.004664936511150095, 0.004664936511150095, 0.004664936511150095, 0.004664936511150095, 0.004664936511150095, 0.004625395735965271, 0.004625395735965271, 0.004625395735965271, 0.004625395735965271, 0.004625395735965271, 0.0045823084815852545, 0.0045823084815852545, 0.0045823084815852545, 0.0045823084815852545, 0.0045823084815852545, 0.0045823084815852545, 0.0045823084815852545, 0.0045823084815852545, 0.0045823084815852545, 0.0045823084815852545, 0.0045823084815852545, 0.0045823084815852545, 0.0045823084815852545, 0.0045823084815852545, 0.0045823084815852545, 0.0045823084815852545, 0.0045823084815852545, 0.0045823084815852545, 0.0045823084815852545, 0.0045823084815852545, 0.0045823084815852545, 0.0045823084815852545, 0.0045823084815852545, 0.0045823084815852545, 0.004694764778615709, 0.004694764778615709, 0.004694764778615709, 0.004694764778615709, 0.004694764778615709, 0.004694764778615709, 0.004801530368283744, 0.004801530368283744, 0.004801530368283744, 0.004801530368283744, 0.004801530368283744, 0.0047507679293317786, 0.0047507679293317786, 0.0047507679293317786, 0.0047507679293317786, 0.0047507679293317786, 0.0047507679293317786, 0.0047507679293317786, 0.0047507679293317786, 0.0047507679293317786, 0.0047507679293317786, 0.0047507679293317786, 0.0047507679293317786, 0.0047507679293317786, 0.0047507679293317786, 0.0047507679293317786, 0.0047507679293317786, 0.0047507679293317786, 0.0047507679293317786, 0.0047507679293317786, 0.0047507679293317786, 0.0047507679293317786, 0.0047507679293317786, 0.0047507679293317786, 0.0047507679293317786, 0.0047507679293317786, 0.0047507679293317786, 0.0047507679293317786, 0.0047507679293317786, 0.0047507679293317786, 0.0047507679293317786, 0.0047507679293317786, 0.0047507679293317786, 0.0047507679293317786, 0.0047507679293317786, 0.0047507679293317786, 0.0047507679293317786, 0.0047507679293317786, 0.0047507679293317786, 0.0047507679293317786, 0.0047507679293317786, 0.0047507679293317786, 0.0047507679293317786, 0.0047507679293317786, 0.0047507679293317786, 0.0047507679293317786, 0.0047507679293317786, 0.0047507679293317786, 0.0047507679293317786, 0.0047507679293317786, 0.0047507679293317786, 0.0047507679293317786, 0.0047507679293317786, 0.0047507679293317786, 0.0047507679293317786, 0.0047507679293317786, 0.0047507679293317786, 0.0047507679293317786, 0.0047507679293317786, 0.0047507679293317786, 0.0047507679293317786, 0.0047507679293317786, 0.0047507679293317786, 0.0047507679293317786, 0.0047507679293317786, 0.0047507679293317786, 0.0047507679293317786, 0.00469632943947522, 0.004793873641408993, 0.004793873641408993, 0.004793873641408993, 0.004793873641408993, 0.004793873641408993, 0.004793873641408993, 0.004793873641408993, 0.004793873641408993, 0.004793873641408993, 0.004793873641408993, 0.004793873641408993, 0.004793873641408993, 0.004793873641408993, 0.004793873641408993, 0.004793873641408993, 0.004793873641408993, 0.004793873641408993, 0.004793873641408993, 0.004793873641408993, 0.004793873641408993, 0.004793873641408993, 0.004793873641408993, 0.0047337261502231115, 0.0047337261502231115, 0.0047337261502231115, 0.0047337261502231115, 0.0047337261502231115, 0.0047337261502231115, 0.0048244276386755275, 0.0048244276386755275, 0.0048244276386755275, 0.0048244276386755275, 0.0048244276386755275, 0.0048244276386755275, 0.0048244276386755275, 0.0048244276386755275, 0.0048244276386755275, 0.0048244276386755275, 0.0048244276386755275, 0.0048244276386755275, 0.0048244276386755275, 0.0048244276386755275, 0.0048244276386755275, 0.0048244276386755275, 0.0048244276386755275, 0.0048244276386755275, 0.0048244276386755275, 0.0048244276386755275, 0.0048244276386755275, 0.0048244276386755275, 0.0048244276386755275, 0.0048244276386755275, 0.0048244276386755275, 0.0048244276386755275, 0.0048244276386755275, 0.0048244276386755275, 0.0048244276386755275, 0.0048244276386755275, 0.0048244276386755275, 0.0048244276386755275, 0.0048244276386755275, 0.004910463629966572, 0.004910463629966572, 0.004910463629966572, 0.004910463629966572, 0.004910463629966572, 0.004910463629966572, 0.004910463629966572, 0.004910463629966572, 0.004910463629966572, 0.004910463629966572, 0.004910463629966572, 0.004910463629966572, 0.004910463629966572, 0.004910463629966572, 0.004910463629966572, 0.004910463629966572, 0.004910463629966572, 0.005137139679007439, 0.005137139679007439, 0.005137139679007439, 0.005137139679007439, 0.005137139679007439, 0.005137139679007439, 0.005137139679007439, 0.005137139679007439, 0.005137139679007439, 0.005137139679007439, 0.005137139679007439, 0.005137139679007439, 0.005137139679007439, 0.005069476485470141, 0.005069476485470141, 0.005069476485470141, 0.005069476485470141, 0.005069476485470141, 0.005069476485470141, 0.005069476485470141, 0.005069476485470141, 0.005069476485470141, 0.005069476485470141, 0.005069476485470141, 0.004997958767010257, 0.004997958767010257, 0.004997958767010257, 0.004997958767010257, 0.004997958767010257, 0.004997958767010257, 0.004997958767010257, 0.004997958767010257, 0.004997958767010257, 0.004997958767010257, 0.004997958767010257, 0.004997958767010257, 0.004997958767010257, 0.004997958767010257, 0.004997958767010257, 0.004997958767010257, 0.004997958767010257, 0.004997958767010257, 0.004997958767010257, 0.004997958767010257, 0.004997958767010257, 0.004997958767010257, 0.004997958767010257, 0.004997958767010257, 0.004997958767010257, 0.004997958767010257, 0.004997958767010257, 0.004997958767010257, 0.004997958767010257, 0.004997958767010257, 0.004997958767010257, 0.004997958767010257, 0.004997958767010257, 0.004997958767010257, 0.004997958767010257, 0.004997958767010257, 0.004997958767010257, 0.004997958767010257, 0.004997958767010257, 0.004997958767010257, 0.004997958767010257, 0.004997958767010257, 0.004997958767010257, 0.004997958767010257, 0.004997958767010257, 0.004997958767010257, 0.004997958767010257, 0.004997958767010257, 0.004997958767010257, 0.004997958767010257, 0.005212387129889407, 0.005212387129889407, 0.005212387129889407, 0.005212387129889407, 0.005212387129889407, 0.005212387129889407, 0.005212387129889407, 0.005212387129889407, 0.005212387129889407, 0.005212387129889407, 0.005212387129889407, 0.005212387129889407, 0.005212387129889407, 0.005212387129889407, 0.005212387129889407, 0.005212387129889407, 0.005212387129889407, 0.005212387129889407, 0.005212387129889407, 0.005212387129889407, 0.005212387129889407, 0.005212387129889407, 0.005212387129889407, 0.005212387129889407, 0.005212387129889407, 0.005212387129889407, 0.005212387129889407, 0.005212387129889407, 0.005212387129889407, 0.005212387129889407, 0.005212387129889407, 0.005212387129889407, 0.005212387129889407, 0.005212387129889407, 0.005212387129889407, 0.0054156236567764506, 0.0054156236567764506, 0.0054156236567764506, 0.0054156236567764506, 0.0054156236567764506, 0.0054156236567764506, 0.0054156236567764506, 0.0054156236567764506, 0.0054156236567764506, 0.0054156236567764506, 0.0054156236567764506, 0.0054156236567764506, 0.0054156236567764506, 0.0054156236567764506, 0.0054156236567764506, 0.0054156236567764506, 0.0054156236567764506, 0.0054156236567764506, 0.0054156236567764506, 0.0054156236567764506, 0.0054156236567764506, 0.0054156236567764506, 0.0054156236567764506, 0.0054156236567764506, 0.0054156236567764506, 0.0054156236567764506, 0.0054156236567764506, 0.0054156236567764506, 0.0054156236567764506, 0.0054156236567764506, 0.0054156236567764506, 0.0054156236567764506, 0.0054156236567764506, 0.0054156236567764506, 0.005476331261130269, 0.005476331261130269, 0.005476331261130269, 0.005476331261130269, 0.005476331261130269, 0.005476331261130269, 0.005476331261130269, 0.005476331261130269, 0.005476331261130269, 0.005476331261130269, 0.005476331261130269, 0.005533718534252219, 0.005533718534252219, 0.005533718534252219, 0.005533718534252219, 0.005533718534252219, 0.005587887775887985, 0.005587887775887985, 0.005587887775887985, 0.005587887775887985, 0.005587887775887985, 0.005587887775887985, 0.005587887775887985, 0.005587887775887985, 0.005587887775887985, 0.005587887775887985, 0.005587887775887985, 0.005587887775887985, 0.005587887775887985, 0.005587887775887985, 0.005587887775887985, 0.005587887775887985, 0.005587887775887985, 0.005587887775887985, 0.005587887775887985, 0.005587887775887985, 0.005587887775887985, 0.005587887775887985, 0.005587887775887985, 0.005587887775887985, 0.005587887775887985, 0.005587887775887985, 0.005587887775887985, 0.005587887775887985, 0.005587887775887985, 0.005587887775887985, 0.005587887775887985, 0.005587887775887985, 0.005587887775887985, 0.005587887775887985, 0.005587887775887985, 0.005587887775887985, 0.005587887775887985, 0.005587887775887985, 0.005587887775887985, 0.005587887775887985, 0.005587887775887985, 0.005587887775887985, 0.005587887775887985, 0.005587887775887985, 0.005507101167157375, 0.005507101167157375, 0.005507101167157375, 0.005507101167157375, 0.005507101167157375, 0.005507101167157375, 0.005507101167157375, 0.005507101167157375, 0.005507101167157375, 0.005507101167157375, 0.005507101167157375, 0.005507101167157375, 0.005556243041362921, 0.005556243041362921, 0.005556243041362921, 0.005556243041362921, 0.005556243041362921, 0.005556243041362921, 0.005556243041362921, 0.005556243041362921, 0.005556243041362921, 0.005556243041362921, 0.005556243041362921, 0.005556243041362921, 0.005556243041362921, 0.005556243041362921, 0.005556243041362921, 0.005556243041362921, 0.005556243041362921, 0.005556243041362921, 0.005556243041362921, 0.005556243041362921, 0.005556243041362921, 0.005556243041362921, 0.005556243041362921, 0.005556243041362921, 0.005556243041362921, 0.005556243041362921, 0.0057319726276458816, 0.0057319726276458816, 0.0057319726276458816, 0.0057319726276458816, 0.0057319726276458816, 0.0057319726276458816, 0.0057319726276458816, 0.0057319726276458816, 0.0057319726276458816, 0.0057319726276458816, 0.0057319726276458816, 0.0057319726276458816, 0.005899982704921036, 0.005899982704921036, 0.005899982704921036, 0.005899982704921036, 0.005899982704921036, 0.005899982704921036, 0.005899982704921036, 0.005899982704921036, 0.006180945043652553, 0.006180945043652553, 0.006180945043652553, 0.006180945043652553, 0.006180945043652553, 0.006095967218295273, 0.006095967218295273, 0.006095967218295273, 0.006095967218295273, 0.006095967218295273, 0.006007342446149222, 0.006007342446149222, 0.006037839862407882, 0.006037839862407882, 0.006037839862407882, 0.006037839862407882, 0.006037839862407882, 0.006037839862407882, 0.006037839862407882, 0.006037839862407882, 0.006037839862407882, 0.006037839862407882, 0.006037839862407882, 0.006037839862407882, 0.006037839862407882, 0.006037839862407882, 0.006037839862407882, 0.006037839862407882, 0.006037839862407882, 0.006037839862407882, 0.006037839862407882, 0.006037839862407882, 0.006037839862407882, 0.006037839862407882, 0.006037839862407882, 0.006037839862407882, 0.006037839862407882, 0.006037839862407882, 0.006037839862407882, 0.006037839862407882, 0.006037839862407882, 0.006037839862407882, 0.006037839862407882, 0.006037839862407882, 0.006037839862407882, 0.006037839862407882, 0.006037839862407882, 0.006037839862407882, 0.006037839862407882, 0.006037839862407882, 0.006037839862407882, 0.006037839862407882, 0.006037839862407882, 0.006037839862407882, 0.006185697789486417, 0.006185697789486417, 0.006185697789486417, 0.006185697789486417, 0.006185697789486417, 0.006185697789486417, 0.006185697789486417, 0.006185697789486417, 0.006185697789486417, 0.006185697789486417, 0.006185697789486417, 0.006185697789486417, 0.006185697789486417, 0.006185697789486417, 0.006185697789486417, 0.006185697789486417, 0.006185697789486417, 0.006185697789486417, 0.006185697789486417, 0.006185697789486417, 0.006091144458665098, 0.006091144458665098, 0.006091144458665098, 0.006091144458665098, 0.006091144458665098, 0.006091144458665098, 0.006091144458665098, 0.006091144458665098, 0.006091144458665098, 0.006091144458665098, 0.006091144458665098, 0.006091144458665098, 0.006091144458665098, 0.006091144458665098, 0.006091144458665098, 0.006091144458665098, 0.006091144458665098, 0.006091144458665098, 0.006091144458665098, 0.006091144458665098, 0.006091144458665098, 0.006091144458665098, 0.006091144458665098, 0.006091144458665098, 0.006091144458665098, 0.006091144458665098, 0.006091144458665098, 0.006091144458665098, 0.006114018685757831, 0.006114018685757831, 0.006114018685757831, 0.006114018685757831, 0.006114018685757831, 0.006114018685757831, 0.006114018685757831, 0.006114018685757831, 0.006114018685757831, 0.006114018685757831, 0.006114018685757831, 0.006114018685757831, 0.006114018685757831, 0.006114018685757831, 0.006114018685757831, 0.006134412800599847, 0.006134412800599847, 0.006134412800599847, 0.006134412800599847, 0.006134412800599847, 0.006134412800599847, 0.006134412800599847, 0.006134412800599847, 0.006134412800599847, 0.006134412800599847, 0.0062706312542303595, 0.0062706312542303595, 0.0062706312542303595, 0.0062706312542303595, 0.0062706312542303595, 0.0062706312542303595, 0.0062706312542303595, 0.0062706312542303595, 0.0062706312542303595, 0.0062706312542303595, 0.0062706312542303595, 0.0062706312542303595, 0.0062706312542303595, 0.006401657948515831, 0.006401657948515831, 0.006401657948515831, 0.006401657948515831, 0.006401657948515831, 0.006401657948515831, 0.006401657948515831, 0.006401657948515831, 0.006401657948515831, 0.006401657948515831, 0.006401657948515831, 0.006401657948515831, 0.006401657948515831, 0.006401657948515831, 0.006527805519311921, 0.006527805519311921, 0.006527805519311921, 0.006527805519311921, 0.006527805519311921, 0.006527805519311921, 0.006527805519311921, 0.006537927025894244, 0.006537927025894244, 0.006537927025894244, 0.006537927025894244, 0.006537927025894244, 0.006537927025894244, 0.006537927025894244, 0.006537927025894244, 0.006537927025894244, 0.006537927025894244, 0.006537927025894244, 0.006537927025894244, 0.006537927025894244, 0.006537927025894244, 0.006537927025894244, 0.006537927025894244, 0.006537927025894244, 0.006537927025894244, 0.006537927025894244, 0.006537927025894244, 0.006537927025894244, 0.006537927025894244, 0.006537927025894244, 0.006537927025894244, 0.006537927025894244, 0.006537927025894244, 0.006537927025894244, 0.006537927025894244, 0.006537927025894244, 0.006537927025894244, 0.006537927025894244, 0.006537927025894244, 0.006537927025894244, 0.006537927025894244, 0.006537927025894244, 0.006537927025894244, 0.006545788488698325, 0.006545788488698325, 0.006551398043664468, 0.006551398043664468, 0.006551398043664468, 0.006551398043664468, 0.006775224975555259, 0.006775224975555259, 0.006775224975555259, 0.006775224975555259, 0.006775224975555259, 0.006775224975555259, 0.006775224975555259, 0.006775224975555259, 0.006775224975555259, 0.006775224975555259, 0.006775224975555259, 0.006775224975555259, 0.006775224975555259, 0.006775224975555259, 0.00698978847012861, 0.00698978847012861, 0.00698978847012861, 0.00698978847012861, 0.00698978847012861, 0.00698978847012861, 0.00698978847012861, 0.00698978847012861, 0.00698978847012861, 0.00698978847012861, 0.006988737295076403, 0.006988737295076403, 0.006988737295076403, 0.006988737295076403, 0.006988737295076403, 0.006988737295076403, 0.006988737295076403, 0.007192853596253913, 0.007192853596253913, 0.007192853596253913, 0.007192853596253913, 0.007192853596253913, 0.007192853596253913, 0.007192853596253913, 0.007192853596253913, 0.007192853596253913, 0.007192853596253913, 0.007192853596253913, 0.007289242843018046, 0.007289242843018046, 0.007289242843018046, 0.007289242843018046, 0.007289242843018046, 0.007289242843018046, 0.007289242843018046, 0.007180586071243114, 0.007180586071243114, 0.007180586071243114, 0.007180586071243114, 0.007180586071243114, 0.007180586071243114, 0.007180586071243114, 0.007180586071243114, 0.007180586071243114, 0.007180586071243114, 0.007180586071243114, 0.007180586071243114, 0.007180586071243114, 0.007180586071243114, 0.007180586071243114, 0.007180586071243114, 0.007180586071243114, 0.007180586071243114, 0.007180586071243114, 0.007180586071243114, 0.007180586071243114, 0.007373421657465108, 0.00746157503753841, 0.00746157503753841, 0.00746157503753841, 0.00746157503753841, 0.00746157503753841, 0.007349468952077491, 0.007349468952077491, 0.007349468952077491, 0.007349468952077491, 0.007349468952077491, 0.007349468952077491, 0.007349468952077491, 0.007349468952077491, 0.007349468952077491, 0.007349468952077491, 0.0073344587880964825, 0.0073344587880964825, 0.007317410046998758, 0.007317410046998758, 0.007317410046998758, 0.007317410046998758, 0.007317410046998758, 0.007317410046998758, 0.007317410046998758, 0.007317410046998758, 0.007317410046998758, 0.007317410046998758, 0.007317410046998758, 0.007317410046998758, 0.007317410046998758, 0.007317410046998758, 0.007317410046998758, 0.007317410046998758, 0.0073982899292708865, 0.0073982899292708865, 0.0073982899292708865, 0.0073982899292708865, 0.0073982899292708865, 0.0073982899292708865, 0.0073982899292708865, 0.0073982899292708865, 0.0073982899292708865, 0.0073982899292708865, 0.0073982899292708865, 0.0073982899292708865, 0.0073982899292708865, 0.0073982899292708865, 0.0073982899292708865, 0.0073982899292708865, 0.0073982899292708865, 0.0073982899292708865, 0.0073982899292708865, 0.0073982899292708865, 0.0073982899292708865, 0.0073982899292708865, 0.0073982899292708865, 0.0073982899292708865, 0.0073982899292708865, 0.0073982899292708865, 0.0073982899292708865, 0.0073982899292708865, 0.0073982899292708865, 0.0073982899292708865, 0.0073982899292708865, 0.0073982899292708865, 0.0073982899292708865, 0.0073982899292708865, 0.0073982899292708865, 0.0073982899292708865, 0.0073982899292708865, 0.0073982899292708865, 0.0073982899292708865, 0.0073982899292708865, 0.0073982899292708865, 0.007476329995665095, 0.007476329995665095, 0.007476329995665095, 0.007476329995665095, 0.007476329995665095, 0.007476329995665095, 0.007476329995665095, 0.007476329995665095, 0.007476329995665095, 0.007476329995665095, 0.007476329995665095, 0.007476329995665095, 0.007476329995665095, 0.007476329995665095, 0.007476329995665095, 0.007476329995665095, 0.007476329995665095, 0.007476329995665095, 0.007476329995665095, 0.007476329995665095, 0.007476329995665095, 0.00735446553226719, 0.00735446553226719, 0.00735446553226719, 0.00735446553226719, 0.00735446553226719, 0.00735446553226719, 0.00735446553226719, 0.00735446553226719, 0.00735446553226719, 0.00735446553226719, 0.00735446553226719, 0.00735446553226719, 0.00735446553226719, 0.00735446553226719, 0.00735446553226719, 0.00735446553226719, 0.00735446553226719, 0.00735446553226719, 0.00735446553226719, 0.00735446553226719, 0.00735446553226719, 0.00735446553226719, 0.00735446553226719, 0.00735446553226719, 0.007329448569062382, 0.007329448569062382, 0.007329448569062382, 0.0075008570938831474, 0.0075008570938831474, 0.0075008570938831474, 0.0075008570938831474, 0.007472398188926869, 0.007472398188926869, 0.007472398188926869, 0.007472398188926869, 0.007472398188926869, 0.007472398188926869, 0.007472398188926869, 0.007472398188926869, 0.007472398188926869, 0.007472398188926869, 0.007472398188926869, 0.007472398188926869, 0.007472398188926869, 0.007472398188926869, 0.007472398188926869, 0.007472398188926869, 0.007472398188926869, 0.007472398188926869, 0.007472398188926869, 0.007472398188926869, 0.007472398188926869, 0.007472398188926869, 0.007472398188926869, 0.007472398188926869, 0.007472398188926869, 0.007472398188926869, 0.007472398188926869, 0.007472398188926869, 0.0073424680274887045, 0.0073424680274887045, 0.0073424680274887045, 0.0073424680274887045, 0.007309373350398118, 0.007309373350398118, 0.007309373350398118, 0.007309373350398118, 0.007309373350398118, 0.007309373350398118, 0.007309373350398118, 0.007309373350398118, 0.007309373350398118, 0.007309373350398118, 0.007374417998481408, 0.007374417998481408, 0.007374417998481408, 0.007374417998481408, 0.007374417998481408, 0.007374417998481408, 0.007374417998481408, 0.0074369183874801814, 0.0074369183874801814, 0.0074369183874801814, 0.0074369183874801814, 0.0074369183874801814, 0.0074369183874801814, 0.0074369183874801814, 0.0074369183874801814, 0.0074369183874801814, 0.0074369183874801814, 0.0074369183874801814, 0.0074369183874801814, 0.0074369183874801814, 0.0074369183874801814, 0.0074369183874801814, 0.0074369183874801814, 0.0074369183874801814, 0.0074369183874801814, 0.0074369183874801814, 0.0074369183874801814, 0.0074369183874801814, 0.0074369183874801814, 0.0074369183874801814, 0.0074369183874801814, 0.0074369183874801814, 0.0074369183874801814, 0.0074369183874801814, 0.0074369183874801814, 0.0074369183874801814, 0.0074369183874801814, 0.0074369183874801814, 0.0074369183874801814, 0.0074969381505153865, 0.0074969381505153865, 0.0074969381505153865, 0.0074969381505153865, 0.0074969381505153865, 0.0074969381505153865, 0.0074969381505153865, 0.0074969381505153865, 0.0074969381505153865, 0.0074969381505153865, 0.0074969381505153865, 0.0074969381505153865, 0.0074969381505153865, 0.0074969381505153865, 0.0074969381505153865, 0.0074969381505153865, 0.0074969381505153865, 0.0074969381505153865, 0.0074969381505153865, 0.0074969381505153865, 0.0074969381505153865, 0.0074969381505153865, 0.0074969381505153865, 0.007456650230033672, 0.007456650230033672, 0.007456650230033672, 0.007456650230033672, 0.007456650230033672, 0.007609768158661039, 0.007609768158661039, 0.007609768158661039, 0.007609768158661039, 0.007609768158661039, 0.007609768158661039, 0.007609768158661039, 0.007609768158661039, 0.007609768158661039, 0.007609768158661039, 0.007662684561814974, 0.007662684561814974, 0.007662684561814974, 0.007662684561814974, 0.007713333274537127, 0.007713333274537127, 0.007713333274537127, 0.007713333274537127, 0.007713333274537127, 0.007713333274537127, 0.007713333274537127, 0.007713333274537127, 0.007713333274537127, 0.007713333274537127, 0.007713333274537127, 0.007713333274537127, 0.007713333274537127, 0.007948815853282032, 0.007948815853282032, 0.007948815853282032, 0.007948815853282032, 0.007948815853282032, 0.007948815853282032, 0.007948815853282032, 0.007993977324798198, 0.007993977324798198, 0.007993977324798198, 0.007993977324798198, 0.007993977324798198, 0.007993977324798198, 0.007993977324798198, 0.007993977324798198, 0.007993977324798198, 0.007993977324798198, 0.007993977324798198, 0.007993977324798198, 0.007993977324798198, 0.007993977324798198, 0.007993977324798198, 0.007993977324798198, 0.007993977324798198, 0.007993977324798198, 0.007993977324798198, 0.007993977324798198, 0.007993977324798198, 0.007993977324798198, 0.007993977324798198, 0.007993977324798198, 0.007993977324798198, 0.007993977324798198, 0.007993977324798198, 0.007993977324798198, 0.007993977324798198, 0.007993977324798198, 0.007993977324798198, 0.007993977324798198, 0.007993977324798198, 0.007993977324798198, 0.007993977324798198, 0.007993977324798198, 0.007993977324798198, 0.007993977324798198, 0.007993977324798198, 0.007993977324798198, 0.007993977324798198, 0.007993977324798198, 0.007993977324798198, 0.007993977324798198, 0.007993977324798198, 0.007993977324798198, 0.007993977324798198, 0.007993977324798198, 0.007993977324798198, 0.007993977324798198, 0.007993977324798198, 0.007993977324798198, 0.007993977324798198, 0.007993977324798198, 0.007993977324798198, 0.007993977324798198, 0.007993977324798198, 0.007993977324798198, 0.007993977324798198, 0.007993977324798198, 0.007993977324798198, 0.008217850158313292, 0.008217850158313292, 0.008217850158313292, 0.008217850158313292, 0.008078088276571483, 0.008078088276571483, 0.007934013576278492, 0.007971889387602116, 0.007971889387602116, 0.007971889387602116, 0.007971889387602116, 0.00791547180385042, 0.00791547180385042, 0.00791547180385042, 0.00791547180385042, 0.00794974008046419, 0.00794974008046419, 0.00794974008046419, 0.00794974008046419, 0.00794974008046419, 0.00794974008046419, 0.00794974008046419, 0.00794974008046419, 0.00794974008046419, 0.00794974008046419, 0.00794974008046419, 0.00794974008046419, 0.00794974008046419, 0.00794974008046419, 0.00794974008046419, 0.00794974008046419, 0.00794974008046419, 0.00794974008046419, 0.00794974008046419, 0.00794974008046419, 0.00794974008046419, 0.00794974008046419, 0.00794974008046419, 0.00794974008046419, 0.00794974008046419, 0.00794974008046419, 0.00794974008046419, 0.00794974008046419, 0.00794974008046419, 0.00794974008046419, 0.00794974008046419, 0.00794974008046419, 0.00794974008046419, 0.00794974008046419, 0.00794974008046419, 0.00794974008046419, 0.00794974008046419, 0.00794974008046419, 0.00794974008046419, 0.00794974008046419, 0.00794974008046419, 0.00794974008046419, 0.00794974008046419, 0.00794974008046419, 0.00794974008046419, 0.00794974008046419, 0.00794974008046419, 0.00794974008046419, 0.00794974008046419, 0.00794974008046419, 0.00794974008046419, 0.00794974008046419, 0.00794974008046419, 0.00794974008046419, 0.00794974008046419, 0.00794974008046419, 0.008164032616999307, 0.008164032616999307, 0.008164032616999307, 0.008164032616999307, 0.008164032616999307, 0.008164032616999307, 0.008164032616999307, 0.008164032616999307, 0.008164032616999307, 0.008164032616999307, 0.008164032616999307, 0.008164032616999307, 0.008164032616999307, 0.008164032616999307, 0.008164032616999307, 0.008164032616999307, 0.008164032616999307, 0.008164032616999307, 0.008164032616999307, 0.008164032616999307, 0.008164032616999307, 0.008164032616999307, 0.008164032616999307, 0.008164032616999307, 0.008164032616999307, 0.008164032616999307, 0.008164032616999307, 0.008164032616999307, 0.008164032616999307, 0.008164032616999307, 0.008164032616999307, 0.008164032616999307, 0.008164032616999307, 0.008164032616999307, 0.008164032616999307, 0.008164032616999307, 0.008164032616999307, 0.008164032616999307, 0.008164032616999307, 0.008164032616999307, 0.008164032616999307, 0.008164032616999307, 0.008164032616999307, 0.008164032616999307, 0.008164032616999307, 0.008164032616999307, 0.008164032616999307, 0.008371087267542748, 0.008371087267542748, 0.008371087267542748, 0.008371087267542748, 0.008371087267542748, 0.008371087267542748, 0.008371087267542748, 0.008371087267542748, 0.008371087267542748, 0.008371087267542748, 0.008371087267542748, 0.008371087267542748, 0.008371087267542748, 0.008371087267542748, 0.008371087267542748, 0.008371087267542748, 0.008371087267542748, 0.008371087267542748, 0.008371087267542748, 0.008371087267542748, 0.008371087267542748, 0.008371087267542748, 0.008371087267542748, 0.008371087267542748, 0.008371087267542748, 0.008371087267542748, 0.008371087267542748, 0.00848528137423857, 0.00848528137423857, 0.008596249775575488, 0.008596249775575488, 0.008596249775575488, 0.008596249775575488, 0.008596249775575488, 0.008596249775575488, 0.008596249775575488, 0.008596249775575488, 0.008596249775575488, 0.008596249775575488, 0.008596249775575488, 0.008596249775575488, 0.008596249775575488, 0.008596249775575488, 0.008596249775575488, 0.008596249775575488, 0.008596249775575488, 0.00844709828211766, 0.00844709828211766, 0.00844709828211766, 0.00844709828211766, 0.00844709828211766, 0.00844709828211766, 0.00844709828211766, 0.00844709828211766, 0.00844709828211766, 0.008468814340067363, 0.008468814340067363, 0.008468814340067363, 0.008468814340067363, 0.008468814340067363, 0.008468814340067363, 0.008468814340067363, 0.008468814340067363, 0.008468814340067363, 0.008468814340067363, 0.008468814340067363, 0.008468814340067363, 0.008468814340067363, 0.008468814340067363, 0.008468814340067363, 0.008468814340067363, 0.008468814340067363, 0.008468814340067363, 0.008468814340067363, 0.008468814340067363, 0.008468814340067363, 0.008468814340067363, 0.008401749089035094, 0.008401749089035094, 0.008401749089035094, 0.008401749089035094, 0.008401749089035094, 0.008401749089035094, 0.008401749089035094, 0.008401749089035094, 0.008401749089035094, 0.008401749089035094, 0.008420092587595072, 0.008420092587595072, 0.008420092587595072, 0.008420092587595072, 0.008420092587595072, 0.008420092587595072, 0.008436654719564078, 0.008436654719564078, 0.008436654719564078, 0.008436654719564078, 0.008436654719564078, 0.008436654719564078, 0.008436654719564078, 0.008436654719564078, 0.008436654719564078, 0.008436654719564078, 0.008436654719564078, 0.008436654719564078, 0.008436654719564078, 0.008364063068892303, 0.008364063068892303, 0.008364063068892303, 0.008364063068892303, 0.008364063068892303, 0.008364063068892303, 0.008364063068892303, 0.008364063068892303, 0.008364063068892303, 0.008364063068892303, 0.008364063068892303, 0.008364063068892303, 0.008364063068892303, 0.008364063068892303, 0.008364063068892303, 0.008364063068892303, 0.008364063068892303, 0.008364063068892303, 0.008364063068892303, 0.008364063068892303, 0.008364063068892303, 0.008364063068892303, 0.008364063068892303, 0.008364063068892303, 0.008364063068892303, 0.008364063068892303, 0.008364063068892303, 0.008364063068892303, 0.008364063068892303, 0.008364063068892303, 0.008364063068892303, 0.008364063068892303, 0.008364063068892303, 0.008364063068892303, 0.008364063068892303, 0.008364063068892303, 0.008364063068892303, 0.008550832397718807, 0.008550832397718807, 0.008550832397718807, 0.008550832397718807, 0.008550832397718807, 0.008550832397718807, 0.008550832397718807, 0.008550832397718807, 0.008550832397718807, 0.008550832397718807, 0.008550832397718807, 0.008550832397718807, 0.008550832397718807, 0.008550832397718807, 0.008550832397718807, 0.008550832397718807, 0.008550832397718807, 0.008550832397718807, 0.008550832397718807, 0.008550832397718807, 0.008550832397718807, 0.008550832397718807, 0.008550832397718807, 0.008561994808573573, 0.008561994808573573, 0.008561994808573573, 0.008561994808573573, 0.008561994808573573, 0.008561994808573573, 0.008561994808573573, 0.008561994808573573, 0.008561994808573573, 0.008561994808573573, 0.008561994808573573, 0.008561994808573573, 0.008561994808573573, 0.008561994808573573, 0.008561994808573573, 0.008561994808573573, 0.008561994808573573, 0.008561994808573573, 0.008561994808573573, 0.008656718518596066, 0.008915109852013568, 0.008915109852013568, 0.008915109852013568, 0.008915109852013568, 0.008915109852013568, 0.008915109852013568, 0.008915109852013568, 0.008915109852013568, 0.008915109852013568, 0.008915109852013568, 0.008915109852013568, 0.008915109852013568, 0.008915109852013568, 0.008915109852013568, 0.008915109852013568, 0.009002856689486319, 0.009002856689486319, 0.009088139837958354, 0.009088139837958354, 0.009088139837958354, 0.009088139837958354, 0.009088139837958354, 0.009088139837958354, 0.009088139837958354, 0.009088139837958354, 0.009088139837958354, 0.009088139837958354, 0.009088139837958354, 0.009088139837958354, 0.009088139837958354, 0.009171028028636747, 0.009171028028636747, 0.009171028028636747, 0.009171028028636747, 0.009171028028636747, 0.009171028028636747, 0.009171028028636747, 0.009171028028636747, 0.009171028028636747, 0.009171028028636747, 0.009171028028636747, 0.009171028028636747, 0.009171028028636747, 0.009091372900969896, 0.009091372900969896, 0.009091372900969896, 0.009091372900969896, 0.009091372900969896, 0.009091372900969896, 0.009091372900969896, 0.009091372900969896, 0.009091372900969896, 0.009091372900969896, 0.009091372900969896, 0.009250791471930541, 0.009250791471930541, 0.009250791471930541, 0.009250791471930541, 0.009250791471930541, 0.009250791471930541, 0.009250791471930541, 0.009250791471930541, 0.009250791471930541, 0.009248408577938681, 0.009248408577938681, 0.009248408577938681, 0.009248408577938681, 0.009248408577938681, 0.009248408577938681, 0.009248408577938681, 0.009248408577938681, 0.009248408577938681, 0.009248408577938681, 0.009248408577938681, 0.009248408577938681, 0.009248408577938681, 0.009248408577938681, 0.009248408577938681, 0.009248408577938681, 0.009248408577938681, 0.009248408577938681, 0.009248408577938681, 0.009248408577938681, 0.009248408577938681, 0.009248408577938681, 0.009248408577938681, 0.009248408577938681, 0.009248408577938681, 0.009248408577938681, 0.009248408577938681, 0.009248408577938681, 0.009248408577938681, 0.009248408577938681, 0.009248408577938681, 0.009248408577938681, 0.009248408577938681, 0.009248408577938681, 0.009248408577938681, 0.009248408577938681, 0.009248408577938681, 0.009248408577938681, 0.00908409689108007, 0.00908409689108007, 0.009078433740666584, 0.009078433740666584, 0.009078433740666584, 0.009078433740666584, 0.009078433740666584, 0.009078433740666584, 0.009078433740666584, 0.009078433740666584, 0.009078433740666584, 0.009078433740666584, 0.009078433740666584, 0.009078433740666584, 0.009078433740666584, 0.009078433740666584, 0.009078433740666584, 0.009078433740666584, 0.009078433740666584, 0.009078433740666584, 0.009078433740666584, 0.009078433740666584, 0.009078433740666584, 0.009078433740666584, 0.009078433740666584, 0.009078433740666584, 0.009078433740666584, 0.009078433740666584, 0.009078433740666584, 0.009071147352221452, 0.009071147352221452, 0.009071147352221452, 0.009071147352221452, 0.009071147352221452, 0.009071147352221452, 0.009071147352221452, 0.009071147352221452, 0.009071147352221452, 0.009071147352221452, 0.009071147352221452, 0.009071147352221452, 0.009071147352221452, 0.009071147352221452, 0.009071147352221452, 0.009071147352221452, 0.009071147352221452, 0.009071147352221452, 0.009071147352221452, 0.009071147352221452, 0.009071147352221452, 0.009071147352221452, 0.009071147352221452, 0.009071147352221452, 0.009071147352221452, 0.009071147352221452, 0.009071147352221452, 0.009071147352221452, 0.009071147352221452, 0.009071147352221452, 0.009071147352221452, 0.009071147352221452, 0.009071147352221452, 0.009051688307961658, 0.009051688307961658, 0.009051688307961658, 0.009051688307961658, 0.009051688307961658, 0.009051688307961658, 0.009051688307961658, 0.009051688307961658, 0.009051688307961658, 0.009051688307961658, 0.009051688307961658, 0.009051688307961658, 0.009051688307961658, 0.009051688307961658, 0.009051688307961658, 0.009051688307961658, 0.009051688307961658, 0.009051688307961658, 0.009051688307961658, 0.009051688307961658, 0.009051688307961658, 0.009051688307961658, 0.009051688307961658, 0.009051688307961658, 0.009051688307961658, 0.009025677655603324, 0.009025677655603324, 0.009025677655603324, 0.009025677655603324, 0.009251585633538386, 0.009251585633538386, 0.009251585633538386, 0.009251585633538386, 0.009251585633538386, 0.009251585633538386, 0.009251585633538386, 0.009251585633538386, 0.009251585633538386, 0.009251585633538386, 0.009251585633538386, 0.009251585633538386, 0.009251585633538386, 0.009251585633538386, 0.009251585633538386, 0.009251585633538386, 0.009251585633538386, 0.009251585633538386, 0.009314110427798485, 0.009314110427798485, 0.009314110427798485, 0.009314110427798485, 0.009314110427798485, 0.009314110427798485, 0.009314110427798485]","[0.0, 0.000565685424949238, 0.000565685424949238, 0.000565685424949238, 0.0007917946548886297, 0.0009595917499283809, 0.0007917946548886297, 0.0009595917499283808, 0.0009595917499283808, 0.0010961900624714787, 0.0010961900624714787, 0.0010961900624714787, 0.0010961900624714787, 0.0010961900624714787, 0.0010961900624714787, 0.0010961900624714787, 0.0010961900624714787, 0.0010961900624714787, 0.0010961900624714787, 0.0012121830534626528, 0.0012121830534626528, 0.0012121830534626528, 0.0012121830534626528, 0.0010961900624714789, 0.0009595917499283808, 0.0009595917499283808, 0.001212183053462653, 0.0010961900624714787, 0.0010961900624714787, 0.0010961900624714787, 0.0012121830534626528, 0.0012121830534626528, 0.0012121830534626528, 0.0012121830534626528, 0.0012121830534626528, 0.0012121830534626528, 0.0012121830534626528, 0.0012121830534626528, 0.0012121830534626528, 0.0012121830534626528, 0.0012121830534626528, 0.0015417985786550905, 0.0015417985786550905, 0.001456862718169367, 0.0018088219190107902, 0.0015417985786550902, 0.0014568627181693672, 0.0014568627181693672, 0.0014568627181693672, 0.001361871461464341, 0.001361871461464341, 0.001361871461464341, 0.001361871461464341, 0.001456862718169367, 0.001456862718169367, 0.0015417985786550905, 0.0015417985786550905, 0.0015417985786550905, 0.0012121830534626528, 0.0012121830534626528, 0.0012121830534626528, 0.0016182631152578625, 0.0016182631152578625, 0.0015417985786550905, 0.0015417985786550905, 0.0015417985786550905, 0.0016874083497409602, 0.0016874083497409602, 0.0016874083497409602, 0.001750102037841549, 0.001750102037841549, 0.00168740834974096, 0.0016182631152578625, 0.0016182631152578625, 0.0015417985786550905, 0.0018088219190107904, 0.0018088219190107904, 0.0018709377764279883, 0.001927671747820914, 0.001927671747820914, 0.001927671747820914, 0.001927671747820914, 0.001927671747820914, 0.001927671747820914, 0.001927671747820914, 0.001927671747820914, 0.00168740834974096, 0.00168740834974096, 0.00168740834974096, 0.0016182631152578625, 0.0015417985786550905, 0.0015417985786550905, 0.0015417985786550905, 0.0015417985786550905, 0.0015417985786550905, 0.0015417985786550905, 0.0015417985786550905, 0.0012121830534626528, 0.0009595917499283808, 0.0010961900624714787, 0.0013130428906372638, 0.0012121830534626528, 0.0012121830534626528, 0.0012121830534626528, 0.0013130428906372638, 0.0012121830534626528, 0.0012121830534626528, 0.0012121830534626528, 0.0012121830534626528, 0.0010961900624714787, 0.0010961900624714787, 0.0009595917499283808, 0.0007917946548886297, 0.0007917946548886297, 0.0009595917499283808, 0.0010961900624714787, 0.0009595917499283808, 0.0007917946548886297, 0.0009595917499283808, 0.0010961900624714787, 0.0010961900624714787, 0.0009595917499283808, 0.0009595917499283808, 0.0007917946548886297, 0.0007917946548886297, 0.000565685424949238, 0.0007917946548886297, 0.0007917946548886297, 0.0007917946548886297, 0.0007917946548886297, 0.0007917946548886297, 0.0007917946548886297, 0.0007917946548886297, 0.0007917946548886297, 0.0007917946548886297, 0.0009595917499283808, 0.0009595917499283808, 0.0009595917499283808, 0.0010961900624714787, 0.0010961900624714787, 0.0010961900624714787, 0.0010961900624714787, 0.0010961900624714787, 0.0010961900624714787, 0.0010961900624714787, 0.0015417985786550905, 0.0015417985786550905, 0.0015417985786550905, 0.0015417985786550905, 0.0012121830534626528, 0.0013130428906372638, 0.0013130428906372638, 0.0013130428906372638, 0.0013130428906372638, 0.0013130428906372638, 0.0013130428906372638, 0.0013130428906372638, 0.0012121830534626528, 0.0010961900624714789, 0.0012121830534626528, 0.0012121830534626528, 0.0013130428906372638, 0.0013130428906372638, 0.0013130428906372638, 0.0010961900624714787, 0.0010961900624714787, 0.0010961900624714787, 0.0009595917499283808, 0.0009595917499283808, 0.0009595917499283808, 0.0009595917499283808, 0.0009595917499283808, 0.0009595917499283808, 0.0009595917499283808, 0.0009595917499283808, 0.0009595917499283808, 0.0010961900624714787, 0.0009595917499283809, 0.0009595917499283809, 0.0009595917499283809, 0.0009595917499283809, 0.0010961900624714787, 0.0010961900624714787, 0.0009595917499283808, 0.0009595917499283808, 0.0009595917499283808, 0.0010961900624714787, 0.0010961900624714787, 0.0009595917499283808, 0.0009595917499283808, 0.0010961900624714787, 0.0010961900624714787, 0.0010961900624714787, 0.0012121830534626528, 0.0012121830534626528, 0.0012121830534626528, 0.0010961900624714787, 0.0012121830534626528, 0.0012121830534626528, 0.0010961900624714787, 0.0010961900624714787, 0.0010961900624714787, 0.0009595917499283808, 0.0009595917499283808, 0.0009595917499283808, 0.0009595917499283808, 0.0009595917499283808, 0.0010961900624714787, 0.0010961900624714787, 0.0010961900624714787, 0.0010961900624714787, 0.0010961900624714787, 0.0010961900624714787, 0.0010961900624714787, 0.0010961900624714787, 0.0010961900624714787, 0.0012121830534626528, 0.0012121830534626528, 0.0013130428906372638, 0.0014020393310154625, 0.0014020393310154625, 0.0014020393310154625, 0.0013130428906372638, 0.0013130428906372638, 0.0013130428906372638, 0.0013130428906372638, 0.0013130428906372638, 0.0013130428906372638, 0.0013130428906372638, 0.0013130428906372638, 0.0013130428906372638, 0.0013130428906372638, 0.0013130428906372638, 0.0013130428906372638, 0.0014020393310154625, 0.0014020393310154625, 0.0014020393310154625, 0.0014813121596360826, 0.0014813121596360826, 0.001858680681976068, 0.001858680681976068, 0.0015523517379664143, 0.0015523517379664143, 0.0016162440712835374, 0.0016162440712835374, 0.0016162440712835374, 0.0015523517379664143, 0.0015523517379664143, 0.0016162440712835374, 0.0016162440712835374, 0.0016162440712835374, 0.0015523517379664143, 0.0015523517379664143, 0.0014020393310154625, 0.0014020393310154625, 0.0014020393310154625, 0.0014020393310154625, 0.0014020393310154625, 0.0014020393310154625, 0.0014020393310154625, 0.0013130428906372638, 0.0010961900624714789, 0.0010961900624714789, 0.0010961900624714789, 0.0010961900624714789, 0.0010961900624714789, 0.0010961900624714789, 0.0010961900624714789, 0.0010961900624714789, 0.0012121830534626528, 0.0012121830534626528, 0.0012121830534626528, 0.0012121830534626528, 0.0012121830534626528, 0.0012121830534626528, 0.0012121830534626528, 0.0012121830534626528, 0.0012121830534626528, 0.0013130428906372638, 0.0013130428906372638, 0.0014020393310154625, 0.0014020393310154625, 0.0014020393310154625, 0.0014020393310154625, 0.0014020393310154625, 0.0014020393310154625, 0.0014020393310154625, 0.0013130428906372638, 0.0012121830534626528, 0.0012121830534626528, 0.0013130428906372638, 0.0013130428906372638, 0.0014020393310154625, 0.0013130428906372638, 0.0013130428906372638, 0.0010961900624714787, 0.0010961900624714787, 0.0010961900624714787, 0.0012121830534626528, 0.0009595917499283808, 0.0009595917499283808, 0.0010961900624714787, 0.0012121830534626528, 0.0010961900624714787, 0.0010961900624714787, 0.0010961900624714787, 0.0010961900624714787, 0.0010961900624714787, 0.0012121830534626528, 0.0012121830534626528, 0.0012121830534626528, 0.0013130428906372638, 0.0016182631152578625, 0.0013130428906372638, 0.0012121830534626528, 0.0009595917499283808, 0.0013618714614643413, 0.0015417985786550905, 0.0015417985786550905, 0.0015417985786550905, 0.0015417985786550905, 0.0015417985786550905, 0.001456862718169367, 0.001456862718169367, 0.0010961900624714787, 0.0010961900624714787, 0.0010961900624714787, 0.0012121830534626528, 0.0012121830534626528, 0.0009595917499283808, 0.0009595917499283808, 0.0009595917499283808, 0.0009595917499283808, 0.0009595917499283808, 0.0009595917499283808, 0.0009595917499283808, 0.0009595917499283808, 0.0009595917499283808, 0.0009595917499283808, 0.0009595917499283808, 0.0010961900624714787, 0.0010961900624714787, 0.0010961900624714787, 0.0010961900624714787, 0.0010961900624714787, 0.0010961900624714787, 0.0012121830534626528, 0.0013130428906372638, 0.0013130428906372638, 0.0013130428906372638, 0.0013130428906372638, 0.0013130428906372638, 0.0013130428906372638, 0.0013130428906372638, 0.0013130428906372638, 0.0012121830534626528, 0.0012121830534626528, 0.0013130428906372638, 0.0014020393310154625, 0.0014020393310154625, 0.0014020393310154625, 0.0014020393310154625, 0.0013130428906372638, 0.0013130428906372638, 0.0013130428906372638, 0.0014020393310154625, 0.0014020393310154625, 0.0014020393310154625, 0.0014020393310154625, 0.0014813121596360826, 0.0014813121596360826, 0.0014020393310154625, 0.0014020393310154625, 0.0014020393310154625, 0.0014020393310154625, 0.0013130428906372638, 0.0013130428906372638, 0.0013130428906372638, 0.0013130428906372638, 0.0013130428906372638, 0.0014020393310154625, 0.0013130428906372638, 0.0013130428906372638, 0.0013130428906372638, 0.0013130428906372638, 0.0013130428906372638, 0.0012121830534626528, 0.0012121830534626528, 0.0012121830534626528, 0.0013130428906372638, 0.0014020393310154625, 0.0014020393310154625, 0.00168740834974096, 0.0016182631152578625, 0.0016182631152578625, 0.0016182631152578625, 0.0016182631152578625, 0.0016182631152578625, 0.0016182631152578625, 0.0015417985786550905, 0.001456862718169367, 0.001456862718169367, 0.001456862718169367, 0.001456862718169367, 0.001456862718169367, 0.0015417985786550905, 0.0015417985786550905, 0.001456862718169367, 0.001456862718169367, 0.0015417985786550905, 0.001456862718169367, 0.0012121830534626528, 0.0010961900624714787, 0.0009595917499283808, 0.0009595917499283808, 0.0009595917499283808, 0.0009595917499283808, 0.0009595917499283808, 0.0009595917499283808, 0.0009595917499283808, 0.0009595917499283808, 0.0009595917499283808, 0.0009595917499283808, 0.0009595917499283808, 0.0009595917499283808, 0.0010961900624714787, 0.0010961900624714787, 0.0010961900624714787, 0.0010961900624714787, 0.0012121830534626528, 0.0012121830534626528, 0.0012121830534626528, 0.0013130428906372638, 0.0014020393310154625, 0.0014020393310154625, 0.0014020393310154625, 0.0014020393310154625, 0.0013130428906372638, 0.0013130428906372638, 0.0013130428906372638, 0.0013130428906372638, 0.0013130428906372638, 0.0013130428906372638, 0.0013130428906372638, 0.0013130428906372638, 0.0013130428906372638, 0.0013130428906372638, 0.0012121830534626528, 0.0012121830534626528, 0.0012121830534626528, 0.0012121830534626528, 0.0010961900624714787, 0.0012121830534626528, 0.0013130428906372638, 0.0013130428906372638, 0.0014020393310154625, 0.0014020393310154625, 0.0016162440712835374, 0.0016162440712835374, 0.0016162440712835374, 0.0015523517379664143, 0.0016162440712835374, 0.0016162440712835374, 0.0016162440712835374, 0.0016162440712835374, 0.0016738078303859213, 0.0016738078303859213, 0.0016162440712835374, 0.0016162440712835374, 0.0015523517379664143, 0.0014020393310154625, 0.0014020393310154625, 0.0014020393310154625, 0.0013130428906372638, 0.0012121830534626528, 0.0010961900624714787, 0.0010961900624714787, 0.0012121830534626528, 0.0012121830534626528, 0.0012121830534626528, 0.0013130428906372638, 0.001212183053462653, 0.001212183053462653, 0.001212183053462653, 0.001212183053462653, 0.001212183053462653, 0.0012121830534626528, 0.0012121830534626528, 0.0012121830534626528, 0.0012121830534626528, 0.0012121830534626528, 0.0012121830534626528, 0.0012121830534626528, 0.0015417985786550905, 0.0015417985786550905, 0.0015417985786550905, 0.0015417985786550905, 0.0012121830534626528, 0.0010961900624714787, 0.0010961900624714787, 0.0010961900624714787, 0.0010961900624714787, 0.0010961900624714787, 0.0010961900624714787, 0.0010961900624714787, 0.0010961900624714787, 0.0010961900624714787, 0.0010961900624714787, 0.0010961900624714787, 0.0012121830534626528, 0.0012121830534626528, 0.0010961900624714787, 0.0010961900624714787, 0.0009595917499283808, 0.0009595917499283808, 0.0009595917499283808, 0.0007917946548886297, 0.0007917946548886297, 0.000565685424949238, 0.000565685424949238, 0.000565685424949238, 0.0007917946548886297, 0.0007917946548886297, 0.0007917946548886297, 0.0007917946548886297, 0.0009595917499283808, 0.0009595917499283808, 0.0010961900624714787, 0.0010961900624714787, 0.0010961900624714787, 0.0010961900624714787, 0.0010961900624714787, 0.0009595917499283808, 0.0007917946548886297, 0.0007917946548886297, 0.0007917946548886297, 0.0007917946548886297, 0.0007917946548886297, 0.0005656854249492381, 0.0007917946548886295, 0.0007917946548886295, 0.0007917946548886295, 0.0007917946548886295, 0.0009595917499283808, 0.0010961900624714789, 0.0009595917499283808, 0.0010961900624714789, 0.0010961900624714789, 0.0010961900624714789, 0.0010961900624714789, 0.0010961900624714789, 0.0010961900624714789, 0.0010961900624714789, 0.0010961900624714789, 0.0009595917499283808, 0.0007917946548886295, 0.0007917946548886295, 0.0007917946548886295, 0.0009595917499283808, 0.0009595917499283808, 0.0009595917499283808, 0.0010961900624714789, 0.0010961900624714789, 0.0012121830534626528, 0.0012121830534626528, 0.0015417985786550905, 0.0016182631152578625, 0.0016182631152578625, 0.0016182631152578625, 0.0016182631152578625, 0.0016182631152578625, 0.0016182631152578625, 0.0016182631152578625, 0.0016182631152578625, 0.0016182631152578625, 0.0015417985786550905, 0.0015417985786550905, 0.0015417985786550905, 0.0016182631152578625, 0.0016182631152578625, 0.0016182631152578625, 0.00168740834974096, 0.00168740834974096, 0.00168740834974096, 0.0018070158058105024, 0.0018070158058105024, 0.0018070158058105024, 0.0018070158058105024, 0.001750102037841549, 0.001750102037841549, 0.001750102037841549, 0.001750102037841549, 0.0015523517379664143, 0.0015523517379664143, 0.0016162440712835374, 0.0016162440712835374, 0.0016162440712835374, 0.0014813121596360826, 0.0014813121596360826, 0.0012121830534626528, 0.0010961900624714787, 0.001456862718169367, 0.001456862718169367, 0.001456862718169367, 0.001456862718169367, 0.001456862718169367, 0.0015417985786550905, 0.001456862718169367, 0.001456862718169367, 0.001456862718169367, 0.0015417985786550905, 0.0015417985786550905, 0.0015417985786550905, 0.0015417985786550905, 0.0015417985786550905, 0.0016182631152578625, 0.0016182631152578625, 0.0016182631152578625, 0.00168740834974096, 0.0014020393310154625, 0.0014020393310154625, 0.0014020393310154625, 0.0014813121596360824, 0.0014813121596360824, 0.0015523517379664143, 0.0018070158058105024, 0.0018070158058105024, 0.0017501020378415492, 0.0017501020378415492, 0.0017501020378415492, 0.0017501020378415492, 0.0017501020378415492, 0.0016874083497409602, 0.0016182631152578625, 0.0013130428906372638, 0.0012121830534626528, 0.0013130428906372638, 0.0013130428906372638, 0.0010961900624714787, 0.0012121830534626528, 0.0012121830534626528, 0.0012121830534626528, 0.0012121830534626528, 0.0013130428906372638, 0.0013130428906372638, 0.0013130428906372638, 0.0012121830534626528, 0.0010961900624714789, 0.0010961900624714789, 0.0009595917499283808, 0.0009595917499283808, 0.0009595917499283808, 0.0009595917499283808, 0.001361871461464341, 0.001456862718169367, 0.001456862718169367, 0.0010961900624714787, 0.0010961900624714787, 0.0010961900624714787, 0.0010961900624714787, 0.0010961900624714787, 0.0010961900624714787, 0.0012121830534626528, 0.0012121830534626528, 0.0012121830534626528, 0.0012121830534626528, 0.0012121830534626528, 0.0012121830534626528, 0.0010961900624714787, 0.0012121830534626528, 0.0012121830534626528, 0.0015417985786550905, 0.0015417985786550905, 0.0015417985786550905, 0.0016182631152578625, 0.0016182631152578625, 0.0016182631152578625, 0.0016182631152578625, 0.0016182631152578625, 0.0016182631152578625, 0.0016182631152578625, 0.0018709377764279886, 0.0018709377764279886, 0.0018709377764279886, 0.0018709377764279886, 0.0018709377764279886, 0.0018709377764279886, 0.0018709377764279886, 0.0019276717478209143, 0.0019276717478209143, 0.0019276717478209143, 0.0018709377764279886, 0.0016874083497409602, 0.0014020393310154625, 0.0014020393310154625, 0.0014020393310154625, 0.0014020393310154625, 0.0017501020378415492, 0.0017501020378415492, 0.0020902104180767866, 0.0016874083497409602, 0.0016874083497409602, 0.0016874083497409602, 0.001750102037841549, 0.001750102037841549, 0.0018070158058105024, 0.0018070158058105024, 0.0018070158058105024, 0.0019055236572037791, 0.001673807830385921, 0.001673807830385921, 0.001673807830385921, 0.001673807830385921, 0.001673807830385921, 0.001673807830385921, 0.0017256764423476, 0.0017256764423476, 0.0017256764423476, 0.0017256764423476, 0.0017723499907738082, 0.0017723499907738082, 0.0017723499907738082, 0.0016738078303859213, 0.0016738078303859213, 0.0016738078303859213, 0.0016738078303859213, 0.0015523517379664143, 0.0016162440712835374, 0.0015523517379664143, 0.0015523517379664143, 0.0014813121596360826, 0.0014813121596360826, 0.0014813121596360826, 0.0014813121596360826, 0.0014813121596360826, 0.0015523517379664143, 0.0014813121596360826, 0.0014813121596360826, 0.0015523517379664143, 0.0016162440712835374, 0.0016738078303859213, 0.0016738078303859213, 0.0017256764423476, 0.0017256764423476, 0.0016738078303859213, 0.0016162440712835374, 0.0015523517379664143, 0.0015523517379664143, 0.0015523517379664143, 0.0015523517379664143, 0.0015523517379664143, 0.0015523517379664143, 0.0014813121596360826, 0.0014813121596360826, 0.0014813121596360826, 0.0014020393310154625, 0.0014813121596360826, 0.0014813121596360826, 0.0014813121596360826, 0.0014813121596360826, 0.0014813121596360826, 0.0014813121596360826, 0.0014813121596360826, 0.0014813121596360826, 0.0014813121596360826, 0.0013130428906372638, 0.0013130428906372638, 0.0014020393310154625, 0.0014020393310154625, 0.0016874083497409602, 0.001750102037841549, 0.0018070158058105024, 0.0018070158058105024, 0.0018586806819760678, 0.0018586806819760678, 0.0018586806819760678, 0.0018586806819760678, 0.001858680681976068, 0.0017256764423476, 0.0017256764423476, 0.0017256764423476, 0.0017256764423476, 0.0016738078303859213, 0.0016738078303859213, 0.0016162440712835374, 0.0016162440712835374, 0.0016162440712835374, 0.0016162440712835374, 0.0015523517379664143, 0.0014020393310154625, 0.0014020393310154625, 0.0014020393310154625, 0.0014813121596360826, 0.0014813121596360826, 0.0014813121596360826, 0.0014813121596360826, 0.0015523517379664143, 0.0015523517379664143, 0.0015523517379664143, 0.0015523517379664143, 0.0015523517379664143, 0.0014813121596360824, 0.0016162440712835374, 0.0016738078303859213, 0.0016162440712835374, 0.0015523517379664143, 0.0015523517379664143, 0.0014813121596360824, 0.0014813121596360824, 0.0014813121596360824, 0.0014813121596360824, 0.0014813121596360824, 0.0014813121596360824, 0.0014813121596360824, 0.0015523517379664143, 0.0018070158058105024, 0.0014813121596360824, 0.0014813121596360824, 0.0014813121596360826, 0.0014813121596360826, 0.0013130428906372638, 0.0013130428906372638, 0.0013130428906372638, 0.0013130428906372638, 0.0013130428906372638, 0.0013130428906372638, 0.0014813121596360826, 0.0014020393310154625, 0.0014813121596360826, 0.0014020393310154625, 0.0014813121596360826, 0.0014020393310154625, 0.0014813121596360826, 0.0014020393310154625, 0.0013130428906372638, 0.0013130428906372638, 0.0014020393310154625, 0.0014813121596360824, 0.0014813121596360824, 0.0014813121596360824, 0.0014813121596360824, 0.0014813121596360824, 0.0014813121596360824, 0.0015523517379664143, 0.0015523517379664143, 0.0015523517379664143, 0.0015523517379664143, 0.0014813121596360826, 0.0014813121596360826, 0.0014813121596360826, 0.0018070158058105024, 0.001750102037841549, 0.0016874083497409602, 0.0016182631152578623, 0.0016182631152578623, 0.0016182631152578623, 0.0016182631152578623, 0.0016874083497409602, 0.0016182631152578623, 0.0016182631152578623, 0.0016182631152578623, 0.0016182631152578623, 0.0016874083497409602, 0.0018070158058105024, 0.0015523517379664143, 0.0015523517379664143, 0.0015523517379664143, 0.0015523517379664143, 0.0015523517379664143, 0.0014020393310154625, 0.0014020393310154625, 0.0014813121596360826, 0.0012121830534626528, 0.0012121830534626528, 0.0012121830534626528, 0.0012121830534626528, 0.0010961900624714787, 0.0010961900624714787, 0.0010961900624714787, 0.0012121830534626528, 0.0010961900624714787, 0.0010961900624714787, 0.0010961900624714787, 0.0010961900624714787, 0.0010961900624714787, 0.0009595917499283808, 0.0009595917499283808, 0.001212183053462653, 0.001212183053462653, 0.0013130428906372638, 0.0013130428906372638, 0.0013130428906372638, 0.0013130428906372638, 0.0013130428906372638, 0.0013130428906372638, 0.0013130428906372638, 0.0013130428906372638, 0.0013130428906372638, 0.0012121830534626528, 0.0012121830534626528, 0.0012121830534626528, 0.0012121830534626528, 0.0012121830534626528, 0.0013130428906372638, 0.0013130428906372638, 0.0012121830534626528, 0.0012121830534626528, 0.0012121830534626528, 0.0012121830534626528, 0.0012121830534626528, 0.0013130428906372638, 0.0013130428906372638, 0.0013130428906372638, 0.0013130428906372638, 0.0013130428906372638, 0.0013130428906372638, 0.0013130428906372638, 0.0013130428906372638, 0.0013130428906372638, 0.0012121830534626528, 0.0012121830534626528, 0.0012121830534626528, 0.0009595917499283808, 0.0007917946548886297, 0.0007917946548886297, 0.0007917946548886297, 0.0007917946548886297, 0.0007917946548886297, 0.0007917946548886297, 0.0007917946548886297, 0.0010961900624714789, 0.0010961900624714789, 0.0010961900624714789, 0.0010961900624714789, 0.0010961900624714789, 0.0009595917499283808, 0.000565685424949238, 0.000565685424949238, 0.000565685424949238, 0.000565685424949238, 0.0007917946548886297, 0.0007917946548886297, 0.0007917946548886297, 0.0007917946548886297, 0.0010961900624714787, 0.001456862718169367, 0.001361871461464341, 0.001361871461464341, 0.0012545427657200084, 0.0012545427657200084, 0.0012545427657200084, 0.0012545427657200084, 0.0012545427657200084, 0.0012545427657200084, 0.0012545427657200084, 0.001361871461464341, 0.001361871461464341, 0.001456862718169367, 0.0013618714614643413, 0.001456862718169367, 0.001456862718169367, 0.001456862718169367, 0.001456862718169367, 0.001456862718169367, 0.0010961900624714787, 0.0010961900624714787, 0.0010961900624714787, 0.0010961900624714787, 0.0009595917499283809, 0.0009595917499283809, 0.0009595917499283809, 0.0009595917499283809, 0.0007917946548886297, 0.0007917946548886297, 0.000565685424949238, 0.000565685424949238, 0.000565685424949238, 0.000565685424949238, 0.000565685424949238, 0.000565685424949238, 0.0007917946548886295, 0.0007917946548886295, 0.0009595917499283808, 0.0007917946548886297, 0.0007917946548886297, 0.0007917946548886297, 0.0007917946548886297, 0.0007917946548886297, 0.0007917946548886297, 0.0007917946548886297, 0.0007917946548886297, 0.0007917946548886297, 0.0007917946548886297, 0.0007917946548886297, 0.0012545427657200087, 0.0012545427657200087, 0.0012545427657200087, 0.0012545427657200087, 0.000565685424949238, 0.0, 0.0, 0.0, 0.000565685424949238, 0.001131370849898476, 0.0012545427657200084, 0.0012545427657200084, 0.0012545427657200084, 0.0012545427657200084, 0.0009595917499283808, 0.0009595917499283808, 0.0009595917499283808, 0.0009595917499283808, 0.0009595917499283808, 0.0010961900624714787, 0.0009595917499283808, 0.0007917946548886297, 0.0009595917499283808, 0.0009595917499283808, 0.0010961900624714787, 0.0013130428906372638, 0.0014020393310154625, 0.0014020393310154625, 0.0014020393310154625, 0.0014813121596360826, 0.0015523517379664143, 0.0014813121596360826, 0.0014813121596360826, 0.0014020393310154625, 0.0014020393310154625, 0.0013130428906372638, 0.0013130428906372638, 0.001212183053462653, 0.001212183053462653, 0.0013130428906372638, 0.0014020393310154625, 0.0014020393310154625, 0.0014020393310154625, 0.0014020393310154625, 0.0013130428906372638, 0.0012121830534626528, 0.0013130428906372638, 0.0014020393310154625, 0.0013130428906372638, 0.0016182631152578625, 0.0016182631152578625, 0.0016182631152578625, 0.0015417985786550905, 0.0015417985786550905, 0.001456862718169367, 0.001361871461464341, 0.001361871461464341, 0.001456862718169367, 0.001456862718169367, 0.0015417985786550902, 0.0015417985786550902, 0.001456862718169367, 0.001361871461464341, 0.001361871461464341, 0.001361871461464341, 0.001361871461464341, 0.0009595917499283809, 0.0007917946548886297, 0.0007917946548886297, 0.0007917946548886297, 0.0009595917499283808, 0.0009595917499283808, 0.0009595917499283808, 0.0010961900624714787, 0.0010961900624714787, 0.0010961900624714787, 0.0010961900624714787, 0.0009595917499283808, 0.0009595917499283808, 0.0009595917499283808, 0.0010961900624714787, 0.0012121830534626528, 0.0010961900624714787, 0.0010961900624714787, 0.0012121830534626528, 0.0012121830534626528, 0.0010961900624714789, 0.0009595917499283808, 0.0010961900624714789, 0.0010961900624714789, 0.0010961900624714789, 0.0012121830534626528, 0.0012121830534626528, 0.0013130428906372638, 0.0012121830534626528, 0.0012121830534626528, 0.0012121830534626528, 0.0010961900624714787, 0.0010961900624714787, 0.0010961900624714787, 0.0010961900624714787, 0.0010961900624714787, 0.0010961900624714787, 0.0010961900624714787, 0.0009595917499283808, 0.0010961900624714787, 0.0010961900624714787, 0.0012121830534626528, 0.0012121830534626528, 0.0012121830534626528, 0.0012121830534626528, 0.0014020393310154625, 0.0014813121596360826, 0.0014813121596360826, 0.0014813121596360826, 0.0014813121596360826, 0.0014813121596360826, 0.0014813121596360826, 0.0014813121596360826, 0.0014813121596360826, 0.0014020393310154625, 0.0013130428906372638, 0.0013130428906372638, 0.0013130428906372638, 0.0012121830534626528, 0.0012121830534626528, 0.0012121830534626528, 0.0012121830534626528, 0.0012121830534626528, 0.0010961900624714787, 0.0009595917499283808, 0.0009595917499283808, 0.0009595917499283808, 0.0009595917499283808, 0.0009595917499283808, 0.0009595917499283808, 0.0009595917499283808, 0.0009595917499283808, 0.0009595917499283808, 0.0007917946548886295, 0.0007917946548886295, 0.0007917946548886295, 0.0007917946548886295, 0.0007917946548886295, 0.0007917946548886295, 0.0009595917499283808, 0.0010961900624714787, 0.0010961900624714787, 0.0010961900624714787, 0.0010961900624714787, 0.0010961900624714787, 0.0009595917499283808, 0.0009595917499283808, 0.0010961900624714787, 0.0010961900624714787, 0.0010961900624714787, 0.0009595917499283808, 0.0009595917499283808, 0.0009595917499283808, 0.0009595917499283808, 0.0009595917499283808, 0.0010961900624714787, 0.0010961900624714787, 0.0009595917499283808, 0.0009595917499283808, 0.0009595917499283808, 0.0009595917499283808, 0.0010961900624714787, 0.0010961900624714787, 0.0009595917499283808, 0.0007917946548886297, 0.0007917946548886297, 0.0007917946548886297, 0.0009595917499283808, 0.0010961900624714787, 0.0010961900624714787, 0.0010961900624714787, 0.0010961900624714787, 0.001456862718169367, 0.001456862718169367, 0.001456862718169367, 0.0015417985786550905, 0.0015417985786550905, 0.0015417985786550905, 0.0015417985786550905, 0.0015417985786550905, 0.0016182631152578625, 0.0016182631152578625, 0.0016874083497409602, 0.0014813121596360826, 0.0014813121596360826, 0.0014813121596360826, 0.0014020393310154625, 0.0014020393310154625, 0.0014020393310154625, 0.0013130428906372638, 0.0013130428906372638, 0.0013130428906372638, 0.0012121830534626528, 0.0012121830534626528, 0.0012121830534626528, 0.0012121830534626528, 0.0012121830534626528, 0.0012121830534626528, 0.0012121830534626528, 0.0013130428906372638, 0.0013130428906372638, 0.0013130428906372638, 0.0013130428906372638, 0.0013130428906372638, 0.0013130428906372638, 0.0013130428906372638, 0.0013130428906372638, 0.0013130428906372638, 0.0013130428906372638, 0.0013130428906372638, 0.0014020393310154625, 0.0014020393310154625, 0.0015523517379664143, 0.0018586806819760678, 0.0018586806819760678, 0.0018586806819760678, 0.0018586806819760678, 0.0016162440712835374, 0.0015523517379664143, 0.0016162440712835374, 0.0016162440712835374, 0.0016162440712835374, 0.0016162440712835374, 0.0016738078303859213, 0.0016738078303859213, 0.0016738078303859213, 0.0016738078303859213, 0.0016162440712835374, 0.0015523517379664143, 0.0014813121596360826, 0.0015523517379664143, 0.0015523517379664143, 0.0016162440712835374, 0.0015523517379664143, 0.0015523517379664143, 0.0016162440712835374, 0.0017256764423476, 0.001947892634178207, 0.001947892634178207, 0.0017256764423476, 0.0016738078303859213, 0.0016162440712835374, 0.0016162440712835374, 0.0016162440712835374, 0.0016162440712835374, 0.0015523517379664143, 0.0015523517379664143, 0.0014813121596360826, 0.0014813121596360826, 0.001750102037841549, 0.001750102037841549, 0.001750102037841549, 0.0018070158058105024, 0.0018070158058105024, 0.0018586806819760678, 0.0016162440712835374, 0.0016162440712835374, 0.0016162440712835374, 0.0016738078303859213, 0.0016738078303859213, 0.0016162440712835374, 0.0016162440712835374, 0.0016162440712835374, 0.0015523517379664143, 0.0015523517379664143, 0.0015523517379664143, 0.0015523517379664143, 0.0013130428906372638, 0.0013130428906372638, 0.0013130428906372638, 0.0016874083497409602, 0.0017501020378415492, 0.0018070158058105024, 0.0020698023172885526, 0.0021088733813995355, 0.0020698023172885526, 0.0020698023172885526, 0.0016162440712835374, 0.0016162440712835374, 0.0016162440712835374, 0.0014020393310154625, 0.0014020393310154625, 0.0016874083497409602, 0.0016874083497409602, 0.0016874083497409602, 0.0016182631152578625, 0.0016182631152578625, 0.0016182631152578625, 0.0016182631152578625, 0.0016874083497409602, 0.0016874083497409602, 0.0016874083497409602, 0.0016874083497409602, 0.0016874083497409602, 0.0016874083497409602, 0.0016182631152578625, 0.0015417985786550905, 0.0016182631152578625, 0.0016182631152578625, 0.0015417985786550905, 0.0016182631152578625, 0.0016182631152578625, 0.0018088219190107904, 0.0018088219190107904, 0.0018088219190107904, 0.0018088219190107904, 0.0018088219190107904, 0.0018088219190107904, 0.0018088219190107904, 0.0018088219190107904, 0.0018088219190107904, 0.0015417985786550905, 0.0016874083497409602, 0.0016874083497409602, 0.0016874083497409602, 0.0016874083497409602, 0.0016874083497409602, 0.0016874083497409602, 0.0018070158058105024, 0.0018070158058105024, 0.0018070158058105024, 0.001750102037841549, 0.001750102037841549, 0.0018070158058105024, 0.0018070158058105024, 0.0018070158058105024, 0.0017501020378415492, 0.0017501020378415492, 0.0017501020378415492, 0.0016182631152578625, 0.0016182631152578625, 0.0013130428906372638, 0.0012121830534626528, 0.0013130428906372638, 0.0014813121596360824, 0.0015523517379664143, 0.0016162440712835374, 0.0016162440712835374, 0.001673807830385921, 0.001673807830385921, 0.001673807830385921, 0.001673807830385921, 0.001673807830385921, 0.001673807830385921, 0.0017256764423476, 0.0017723499907738082, 0.0017723499907738082, 0.0017723499907738082, 0.0017723499907738082, 0.001947892634178207, 0.001947892634178207, 0.001947892634178207, 0.0019055236572037791, 0.0019055236572037791, 0.0019055236572037791, 0.0021088733813995355, 0.0021088733813995355, 0.0022914214463729625, 0.002144190061633568, 0.0021088733813995355, 0.0021088733813995355, 0.0020698023172885526, 0.0020698023172885526, 0.0020267597543963656, 0.0020698023172885526, 0.0021088733813995355, 0.0024297476143393484, 0.0021088733813995355, 0.0021088733813995355, 0.0020698023172885526, 0.0020698023172885526, 0.0020698023172885526, 0.0020698023172885526, 0.0020267597543963656, 0.0020267597543963656, 0.0020267597543963656, 0.0020267597543963656, 0.0015523517379664143, 0.0015523517379664143, 0.0015523517379664143, 0.0015523517379664143, 0.0015523517379664143, 0.0015523517379664143, 0.0015523517379664143, 0.0016162440712835374, 0.0016162440712835374, 0.0016738078303859213, 0.0016162440712835374, 0.0016162440712835374, 0.0015523517379664143, 0.0014813121596360824, 0.0014813121596360824, 0.0014020393310154625, 0.0014020393310154625, 0.0014020393310154625, 0.0014020393310154625, 0.0014020393310154625, 0.0014020393310154625, 0.0014020393310154625, 0.0014020393310154625, 0.0014813121596360824, 0.0015523517379664143, 0.0014813121596360826, 0.0015523517379664143, 0.0015523517379664143, 0.0015523517379664143, 0.0014020393310154625, 0.0014020393310154625, 0.0013130428906372638, 0.0012121830534626528, 0.0010961900624714787, 0.0010961900624714787, 0.0010961900624714787, 0.0010961900624714787, 0.0010961900624714787, 0.0010961900624714787, 0.0010961900624714787, 0.0012121830534626528, 0.0012121830534626528, 0.0013130428906372638, 0.0013130428906372638, 0.0013130428906372638, 0.0013130428906372638, 0.0013130428906372638, 0.0013130428906372638, 0.0013130428906372638, 0.0013130428906372638, 0.0012121830534626528, 0.0012121830534626528, 0.0010961900624714787, 0.0012121830534626528, 0.0012121830534626528, 0.0012121830534626528, 0.0013130428906372638, 0.0013130428906372638, 0.0013130428906372638, 0.0010961900624714787, 0.0010961900624714787, 0.0010961900624714787, 0.0010961900624714787, 0.0010961900624714787, 0.0012121830534626528, 0.0012121830534626528, 0.0013130428906372638, 0.0013130428906372638, 0.0012121830534626528, 0.0012121830534626528, 0.0012121830534626528, 0.0012121830534626528, 0.0012121830534626528, 0.0012121830534626528, 0.0012121830534626528, 0.0012121830534626528, 0.0012121830534626528, 0.0012121830534626528, 0.0012121830534626528, 0.0012121830534626528, 0.0012121830534626528, 0.0012121830534626528, 0.0013130428906372638, 0.0013130428906372638, 0.0013130428906372638, 0.0013130428906372638, 0.0013130428906372638, 0.0013130428906372638, 0.0013130428906372638, 0.0013130428906372638, 0.0013130428906372638, 0.0013130428906372638, 0.0013130428906372638, 0.0013130428906372638, 0.0014020393310154625, 0.0014020393310154625, 0.0013130428906372638, 0.0012121830534626528, 0.0010961900624714787, 0.0010961900624714787, 0.0010961900624714787, 0.0009595917499283808, 0.0009595917499283808, 0.0009595917499283808, 0.0009595917499283808, 0.0010961900624714789, 0.0010961900624714789, 0.0010961900624714789, 0.0010961900624714789, 0.0010961900624714789, 0.0009595917499283808, 0.0013618714614643413, 0.001456862718169367, 0.0015417985786550902, 0.0016182631152578625, 0.0015417985786550905, 0.0015417985786550905, 0.0015417985786550905, 0.0018709377764279883, 0.0018088219190107904, 0.0018088219190107904, 0.0018088219190107904, 0.0016182631152578625, 0.0016182631152578625, 0.0016182631152578625, 0.0016182631152578625, 0.0016182631152578625, 0.00168740834974096, 0.00168740834974096, 0.00168740834974096, 0.00168740834974096, 0.0016182631152578625, 0.0015417985786550905, 0.001456862718169367, 0.001456862718169367, 0.001456862718169367, 0.001456862718169367, 0.0010961900624714789, 0.0010961900624714789, 0.0012121830534626528, 0.0013130428906372638, 0.0014020393310154625, 0.0013130428906372638, 0.0012121830534626528, 0.0012121830534626528, 0.0016182631152578625, 0.0016182631152578625, 0.0016182631152578625, 0.0018088219190107904, 0.0018088219190107904, 0.0016182631152578625, 0.0016182631152578625, 0.0016182631152578625, 0.0016182631152578625, 0.0015417985786550905, 0.0015417985786550905, 0.0015417985786550905, 0.0015417985786550905, 0.0015417985786550905, 0.0015417985786550905, 0.0015417985786550905, 0.0015417985786550905, 0.0015417985786550905, 0.0016182631152578625, 0.0016182631152578625, 0.0016182631152578625, 0.0016182631152578625, 0.0016182631152578625, 0.0016182631152578625, 0.001456862718169367, 0.001456862718169367, 0.001361871461464341, 0.0010961900624714787, 0.0010961900624714787, 0.0010961900624714787, 0.0010961900624714787, 0.0010961900624714787, 0.0009595917499283809, 0.0009595917499283809, 0.0010961900624714787, 0.0010961900624714787, 0.0010961900624714787, 0.0012121830534626528, 0.0012121830534626528, 0.0012121830534626528, 0.0012121830534626528, 0.0013130428906372638, 0.0012121830534626528, 0.0012121830534626528, 0.0010961900624714787, 0.0010961900624714787, 0.0012121830534626528, 0.0012121830534626528, 0.0010961900624714789, 0.0012121830534626528, 0.0012121830534626528, 0.0012121830534626528, 0.0012121830534626528, 0.0012121830534626528, 0.0012121830534626528, 0.0015417985786550907, 0.0016182631152578625, 0.001979486637221574, 0.001979486637221574, 0.0020267597543963656, 0.0018070158058105024, 0.001750102037841549, 0.0018070158058105024, 0.001750102037841549, 0.001750102037841549, 0.001750102037841549, 0.0016874083497409602, 0.0016182631152578625, 0.0015417985786550905, 0.0016182631152578625, 0.0016182631152578625, 0.0016182631152578625, 0.0016182631152578625, 0.0016874083497409602, 0.0016874083497409602, 0.0016874083497409602, 0.0016874083497409602, 0.001750102037841549, 0.0014813121596360826, 0.0014813121596360826, 0.0014813121596360826, 0.0014813121596360826, 0.0014020393310154625, 0.0014020393310154625, 0.0014020393310154625, 0.0014020393310154625, 0.0014020393310154625, 0.0014020393310154625, 0.0014020393310154625, 0.0014020393310154625, 0.0014020393310154625, 0.0014020393310154625, 0.0014020393310154625, 0.0014020393310154625, 0.0014020393310154625, 0.0014020393310154625, 0.0014020393310154625, 0.0014020393310154625, 0.0014020393310154625, 0.0014020393310154625, 0.0014020393310154625, 0.0012121830534626528, 0.0012121830534626528, 0.0009595917499283808, 0.0007917946548886297, 0.000565685424949238, 0.000565685424949238, 0.000565685424949238, 0.000565685424949238, 0.000565685424949238, 0.0007917946548886295, 0.0007917946548886295, 0.0007917946548886295, 0.0007917946548886295, 0.0007917946548886295, 0.000565685424949238, 0.000565685424949238, 0.0007917946548886297, 0.0007917946548886297, 0.0009595917499283808, 0.0010961900624714787, 0.0010961900624714787, 0.0009595917499283808, 0.0009595917499283808, 0.001361871461464341, 0.001456862718169367, 0.001456862718169367, 0.001456862718169367, 0.001456862718169367, 0.0013618714614643413, 0.0012545427657200084, 0.001131370849898476, 0.001131370849898476, 0.001131370849898476, 0.001131370849898476, 0.0012545427657200084, 0.001361871461464341, 0.001456862718169367, 0.001456862718169367, 0.001456862718169367, 0.001456862718169367, 0.0015417985786550905, 0.0015417985786550905, 0.0010961900624714787, 0.0010961900624714787, 0.0012121830534626528, 0.0010961900624714787, 0.0010961900624714787, 0.0010961900624714787, 0.0013618714614643413, 0.0013618714614643413, 0.0013618714614643413, 0.0013618714614643413, 0.001361871461464341, 0.0009595917499283808, 0.0009595917499283808, 0.0009595917499283808, 0.0009595917499283808, 0.0009595917499283808, 0.0010961900624714789, 0.0010961900624714789, 0.0009595917499283808, 0.0013130428906372638, 0.0012121830534626528, 0.0012121830534626528, 0.0012121830534626528, 0.0013130428906372638, 0.0013130428906372638, 0.0010961900624714787, 0.0012121830534626528, 0.0012121830534626528, 0.0013130428906372638, 0.0013130428906372638, 0.0013130428906372638, 0.0013130428906372638, 0.0013130428906372638, 0.0013130428906372638, 0.0014020393310154625, 0.0013130428906372638, 0.0013130428906372638, 0.0013130428906372638, 0.0012121830534626528, 0.0013130428906372638, 0.0012121830534626528, 0.0012121830534626528, 0.0012121830534626528, 0.0012121830534626528, 0.0012121830534626528, 0.0012121830534626528, 0.0012121830534626528, 0.0012121830534626528, 0.0012121830534626528, 0.0012121830534626528, 0.0012121830534626528, 0.0012121830534626528, 0.0010961900624714787, 0.0010961900624714787, 0.0007917946548886297, 0.0007917946548886297, 0.0007917946548886297, 0.0007917946548886297, 0.0007917946548886297, 0.0007917946548886297, 0.0007917946548886297, 0.0007917946548886297, 0.0007917946548886297, 0.0007917946548886297, 0.0012545427657200084, 0.0012545427657200084, 0.0012545427657200084, 0.0012545427657200084, 0.0013618714614643413, 0.0013618714614643413, 0.0013618714614643413, 0.0013618714614643413, 0.0013618714614643413, 0.0013618714614643413, 0.0013618714614643413, 0.0013618714614643413, 0.001456862718169367, 0.0013618714614643413, 0.0009595917499283808, 0.0009595917499283808, 0.0009595917499283808, 0.0009595917499283808, 0.0009595917499283808, 0.0009595917499283808, 0.0009595917499283808, 0.0009595917499283808, 0.0009595917499283808, 0.0010961900624714787, 0.0009595917499283808, 0.0010961900624714789, 0.0010961900624714789, 0.0009595917499283808, 0.0010961900624714787, 0.0012121830534626528, 0.0012121830534626528, 0.0012121830534626528, 0.0012121830534626528, 0.0012121830534626528, 0.0013130428906372638, 0.0012121830534626528, 0.0012121830534626528, 0.0012121830534626528, 0.0012121830534626528, 0.0013130428906372638, 0.0013130428906372638, 0.0014020393310154625, 0.0013130428906372638, 0.0013130428906372638, 0.0013130428906372638, 0.0013130428906372638, 0.0013130428906372638, 0.0014020393310154625, 0.0014020393310154625, 0.0014020393310154625, 0.0013130428906372638, 0.0013130428906372638, 0.0013130428906372638, 0.0013130428906372638, 0.0013130428906372638, 0.0014020393310154625, 0.0014020393310154625, 0.0014813121596360826, 0.0014813121596360826, 0.0014813121596360826, 0.0014020393310154625, 0.0014020393310154625, 0.0014020393310154625, 0.0014020393310154625, 0.0014020393310154625, 0.0013130428906372638, 0.0013130428906372638, 0.0013130428906372638, 0.0014020393310154625, 0.0013130428906372638, 0.0013130428906372638, 0.0013130428906372638, 0.0013130428906372638, 0.0013130428906372638, 0.0014020393310154625, 0.0014020393310154625, 0.0014020393310154625, 0.0014020393310154625, 0.0014020393310154625, 0.0014020393310154625, 0.0014813121596360826, 0.0015523517379664143, 0.0014813121596360824, 0.0014813121596360824, 0.0014813121596360824, 0.0013130428906372638, 0.0013130428906372638, 0.0013130428906372638, 0.0013130428906372638, 0.0013130428906372638, 0.0013130428906372638, 0.0013130428906372638, 0.0013130428906372638, 0.0012121830534626528, 0.0012121830534626528, 0.0012121830534626528, 0.0012121830534626528, 0.0010961900624714787, 0.0009595917499283808, 0.0009595917499283808, 0.0009595917499283808, 0.0010961900624714787, 0.0010961900624714787, 0.0009595917499283808, 0.0010961900624714787, 0.0010961900624714787, 0.0009595917499283808, 0.0010961900624714789, 0.0012121830534626528, 0.0012121830534626528, 0.0010961900624714789, 0.0010961900624714789, 0.0012121830534626528, 0.0015417985786550905, 0.0015417985786550905, 0.0015417985786550905, 0.0015417985786550905, 0.0015417985786550905, 0.0015417985786550905, 0.0015417985786550905, 0.0015417985786550905, 0.0015417985786550905, 0.001361871461464341, 0.001361871461464341, 0.001456862718169367, 0.001456862718169367, 0.0015417985786550905, 0.0015417985786550905, 0.0012121830534626528, 0.0013130428906372638, 0.0013130428906372638, 0.0012121830534626528, 0.0012121830534626528, 0.0016182631152578625, 0.0016182631152578625, 0.0016182631152578625, 0.0016182631152578625, 0.0016182631152578625, 0.0013130428906372638, 0.0014020393310154625, 0.0014020393310154625, 0.0014020393310154625, 0.0014020393310154625, 0.0014020393310154625, 0.0014813121596360826, 0.0014813121596360826, 0.0014813121596360826, 0.0015523517379664143, 0.0016162440712835374, 0.0016162440712835374, 0.0015523517379664143, 0.0015523517379664143, 0.0015523517379664143, 0.0015523517379664143, 0.0014813121596360826, 0.0014813121596360826, 0.0016874083497409602, 0.0014020393310154625, 0.0014020393310154625, 0.0014020393310154625, 0.0014020393310154625, 0.0013130428906372638, 0.0012121830534626528, 0.0013130428906372638, 0.0014020393310154625, 0.0013130428906372638, 0.0012121830534626528, 0.0015417985786550905, 0.0015417985786550905, 0.0015417985786550905, 0.0015417985786550905, 0.0015417985786550905, 0.0013130428906372638, 0.0013130428906372638, 0.0012121830534626528, 0.0012121830534626528, 0.0012121830534626528, 0.0012121830534626528, 0.0012121830534626528, 0.0013130428906372638, 0.0013130428906372638, 0.0013130428906372638, 0.0012121830534626528, 0.0010961900624714787, 0.0010961900624714787, 0.0010961900624714787, 0.0010961900624714787, 0.0009595917499283808, 0.0009595917499283808, 0.0009595917499283808, 0.0009595917499283808, 0.0009595917499283808, 0.0009595917499283808, 0.0007917946548886297, 0.0007917946548886297, 0.0007917946548886297, 0.0007917946548886297, 0.0007917946548886297, 0.0007917946548886297, 0.0009595917499283808, 0.0009595917499283808, 0.0009595917499283808, 0.0009595917499283808, 0.0009595917499283808, 0.0009595917499283808, 0.0010961900624714787, 0.0010961900624714787, 0.0010961900624714787, 0.0010961900624714787, 0.0010961900624714787, 0.0010961900624714787, 0.0010961900624714787, 0.0010961900624714787, 0.0012121830534626528, 0.0012121830534626528, 0.0013130428906372638, 0.0013130428906372638, 0.0013130428906372638, 0.0012121830534626528, 0.0012121830534626528, 0.0012121830534626528, 0.0010961900624714787, 0.0010961900624714787, 0.0010961900624714787, 0.0010961900624714787, 0.0009595917499283808, 0.0009595917499283808, 0.0010961900624714787, 0.0010961900624714787, 0.0010961900624714787, 0.0010961900624714787, 0.0012121830534626528, 0.0012121830534626528, 0.0012121830534626528, 0.0010961900624714787, 0.0010961900624714787, 0.0010961900624714787, 0.0009595917499283808, 0.0009595917499283808, 0.0009595917499283808, 0.0009595917499283808, 0.0010961900624714789, 0.0010961900624714789, 0.0010961900624714789, 0.0010961900624714789, 0.0010961900624714789, 0.001212183053462653, 0.001212183053462653, 0.001212183053462653, 0.0013130428906372638, 0.0014020393310154625, 0.0014020393310154625, 0.0013130428906372638, 0.0013130428906372638, 0.0013130428906372638, 0.0012121830534626528, 0.0012121830534626528, 0.0012121830534626528, 0.0012121830534626528, 0.0012121830534626528, 0.0012121830534626528, 0.0012121830534626528, 0.0012121830534626528, 0.0012121830534626528, 0.0012121830534626528, 0.0010961900624714787, 0.0012121830534626528, 0.0012121830534626528, 0.0010961900624714787, 0.0010961900624714787, 0.0010961900624714787, 0.0012121830534626528, 0.0013130428906372638, 0.0013130428906372638, 0.0014020393310154625, 0.0014020393310154625, 0.0014020393310154625, 0.0014020393310154625, 0.00168740834974096, 0.00168740834974096, 0.00168740834974096, 0.00168740834974096, 0.00168740834974096, 0.00168740834974096, 0.001750102037841549, 0.001750102037841549, 0.0014813121596360826, 0.0014813121596360826, 0.0014020393310154625, 0.0014020393310154625, 0.0014020393310154625, 0.0014020393310154625, 0.0014813121596360824, 0.0014813121596360824, 0.0014813121596360824, 0.0013130428906372638, 0.0013130428906372638, 0.0012121830534626528, 0.0012121830534626528, 0.0010961900624714789, 0.0010961900624714789, 0.0010961900624714789, 0.0010961900624714789, 0.0010961900624714789, 0.0010961900624714789, 0.0007917946548886297, 0.0007917946548886297, 0.0007917946548886297, 0.0009595917499283808, 0.0009595917499283808, 0.0009595917499283808, 0.0009595917499283808, 0.0010961900624714789, 0.0010961900624714789, 0.0010961900624714789, 0.0010961900624714789, 0.0012121830534626528, 0.0012121830534626528, 0.0013130428906372638, 0.0012121830534626528, 0.0013130428906372638, 0.0013130428906372638, 0.0013130428906372638, 0.0012121830534626528, 0.0012121830534626528, 0.0012121830534626528, 0.0012121830534626528, 0.0012121830534626528, 0.0010961900624714789, 0.0009595917499283809, 0.0009595917499283809, 0.0009595917499283809, 0.0009595917499283809, 0.0007917946548886295, 0.0007917946548886295, 0.0009595917499283809, 0.0010961900624714789, 0.0010961900624714789, 0.0010961900624714789, 0.001212183053462653, 0.001212183053462653, 0.001212183053462653, 0.0010961900624714787, 0.0010961900624714787, 0.0010961900624714787, 0.0009595917499283808, 0.0009595917499283808, 0.0010961900624714789, 0.0010961900624714789, 0.0010961900624714789, 0.0010961900624714789, 0.0009595917499283808, 0.0009595917499283808, 0.0009595917499283808, 0.0009595917499283808, 0.0007917946548886295, 0.0009595917499283808, 0.0009595917499283808, 0.0009595917499283808, 0.0009595917499283808, 0.0009595917499283808, 0.0007917946548886295, 0.0007917946548886295, 0.0007917946548886295, 0.0007917946548886295, 0.0005656854249492381, 0.0005656854249492381, 0.0007917946548886297, 0.0007917946548886297, 0.0009595917499283808, 0.0009595917499283808, 0.0009595917499283808, 0.0007917946548886297, 0.0007917946548886297, 0.000565685424949238, 0.000565685424949238, 0.000565685424949238, 0.000565685424949238, 0.000565685424949238, 0.000565685424949238, 0.000565685424949238, 0.0, 0.0, 0.0, 0.0007917946548886297, 0.0007917946548886297, 0.0007917946548886297, 0.0007917946548886297, 0.0007917946548886297, 0.0007917946548886297, 0.0007917946548886297, 0.0007917946548886297, 0.0007917946548886297, 0.0007917946548886297, 0.0007917946548886297, 0.0012545427657200084, 0.0012545427657200084, 0.0012545427657200084, 0.0012545427657200084, 0.001361871461464341, 0.0009595917499283808, 0.0010961900624714787, 0.0010961900624714787, 0.0012121830534626528, 0.0012121830534626528, 0.0012121830534626528, 0.0012121830534626528, 0.0012121830534626528, 0.0012121830534626528, 0.0012121830534626528, 0.0012121830534626528, 0.0013130428906372638, 0.0013130428906372638, 0.0013130428906372638, 0.0013130428906372638, 0.0013130428906372638, 0.0013130428906372638, 0.0009595917499283808, 0.0009595917499283808, 0.0010961900624714787, 0.0010961900624714789, 0.0010961900624714789, 0.0010961900624714789, 0.0010961900624714789, 0.0010961900624714789, 0.0010961900624714789, 0.0010961900624714789, 0.0010961900624714789, 0.0010961900624714789, 0.0010961900624714789, 0.0010961900624714789, 0.0010961900624714789, 0.0012121830534626528, 0.0013130428906372638, 0.0012121830534626528, 0.0014020393310154625, 0.0014020393310154625, 0.0014020393310154625, 0.0014020393310154625, 0.0016874083497409602, 0.0016874083497409602, 0.0016874083497409602, 0.0016874083497409602, 0.0016874083497409602, 0.0016874083497409602, 0.0016874083497409602, 0.0016874083497409602, 0.0016874083497409602, 0.0016874083497409602, 0.0014813121596360826, 0.0014813121596360826, 0.0014020393310154625, 0.0014020393310154625, 0.0014020393310154625, 0.0013130428906372638, 0.0012121830534626528, 0.0012121830534626528, 0.0010961900624714789, 0.0010961900624714789, 0.0010961900624714789, 0.0009595917499283809, 0.0009595917499283809, 0.0009595917499283809, 0.001456862718169367, 0.0015417985786550905, 0.0015417985786550905, 0.0016182631152578623, 0.0016182631152578623, 0.0016182631152578623, 0.0015417985786550905, 0.0015417985786550905, 0.0015417985786550905, 0.001456862718169367, 0.001361871461464341, 0.001361871461464341, 0.001361871461464341, 0.001456862718169367, 0.0015417985786550905, 0.0015417985786550905, 0.0016874083497409602, 0.0016874083497409602, 0.0016874083497409602, 0.0016874083497409602, 0.001750102037841549, 0.0016182631152578623, 0.0016182631152578623, 0.0014020393310154625, 0.0013130428906372638, 0.0012121830534626528, 0.0012121830534626528, 0.0012121830534626528, 0.0012121830534626528, 0.0012121830534626528, 0.0012121830534626528, 0.0012121830534626528, 0.0012121830534626528, 0.0012121830534626528, 0.0010961900624714789, 0.0012121830534626528, 0.0010961900624714789, 0.0012121830534626528, 0.0013130428906372638, 0.0013130428906372638, 0.0013130428906372638, 0.0013130428906372638, 0.0014020393310154625, 0.0014020393310154625, 0.0014020393310154625, 0.0013130428906372638, 0.0013130428906372638, 0.0013130428906372638, 0.0012121830534626528, 0.0012121830534626528, 0.0012121830534626528, 0.0012121830534626528, 0.0012121830534626528, 0.0012121830534626528, 0.001456862718169367, 0.0015417985786550905, 0.0016182631152578625, 0.0016182631152578625, 0.0016182631152578625, 0.0016874083497409602, 0.001750102037841549, 0.001750102037841549, 0.0016874083497409602, 0.0016874083497409602, 0.0016874083497409602, 0.0016874083497409602, 0.0016182631152578625, 0.0016182631152578625, 0.0016182631152578625, 0.0016182631152578625, 0.0015417985786550905, 0.0015417985786550905, 0.0016182631152578625, 0.0016182631152578625, 0.0016874083497409602, 0.0016874083497409602, 0.0016874083497409602, 0.0016182631152578623, 0.0015417985786550905, 0.0016182631152578623, 0.0016874083497409602, 0.001750102037841549, 0.0016874083497409602, 0.0016874083497409602, 0.0016182631152578623, 0.0016874083497409602, 0.0016182631152578623, 0.0013130428906372638, 0.0013130428906372638, 0.0014020393310154625, 0.0014020393310154625, 0.0014020393310154625, 0.0013130428906372638, 0.0014020393310154625, 0.0014020393310154625, 0.0014020393310154625, 0.0014813121596360826, 0.0014813121596360826, 0.0014813121596360826, 0.0014020393310154625, 0.0014020393310154625, 0.0014020393310154625, 0.0014020393310154625, 0.0014020393310154625, 0.0014020393310154625, 0.0014020393310154625, 0.0013130428906372638, 0.0013130428906372638, 0.0013130428906372638, 0.0013130428906372638, 0.0013130428906372638, 0.0013130428906372638, 0.0013130428906372638, 0.0013130428906372638, 0.0013130428906372638, 0.0014020393310154625, 0.0014020393310154625, 0.0014020393310154625, 0.0014020393310154625, 0.0014020393310154625, 0.0014813121596360824, 0.0014020393310154625, 0.0013130428906372638, 0.0014020393310154625, 0.0013130428906372638, 0.0012121830534626528, 0.0012121830534626528, 0.0012121830534626528, 0.0010961900624714787, 0.0010961900624714787, 0.0010961900624714787, 0.0010961900624714787, 0.0010961900624714787, 0.0010961900624714787, 0.0010961900624714787, 0.0010961900624714787, 0.0010961900624714787, 0.0012121830534626528, 0.0013130428906372638, 0.0013130428906372638, 0.0013130428906372638, 0.0013130428906372638, 0.0013130428906372638, 0.0013130428906372638, 0.0013130428906372638, 0.0013130428906372638, 0.0013130428906372638, 0.0014020393310154625, 0.0014020393310154625, 0.0014813121596360826, 0.001750102037841549, 0.0016874083497409602, 0.001750102037841549, 0.001979486637221574, 0.0016874083497409602, 0.0016182631152578625, 0.0016182631152578625, 0.0016182631152578625, 0.0016182631152578625, 0.0016182631152578625, 0.0016182631152578625, 0.0015417985786550905, 0.0015417985786550905, 0.0015417985786550905, 0.001456862718169367, 0.001456862718169367, 0.001456862718169367, 0.0016182631152578625, 0.0016182631152578625, 0.0015417985786550905, 0.0015417985786550905, 0.0015417985786550905, 0.001456862718169367, 0.001456862718169367, 0.0015417985786550905, 0.0015417985786550905, 0.0016182631152578625, 0.0016874083497409602, 0.0014020393310154625, 0.0012121830534626528, 0.0012121830534626528, 0.0012121830534626528, 0.0012121830534626528, 0.0010961900624714787, 0.0012121830534626528, 0.0012121830534626528, 0.0012121830534626528, 0.0012121830534626528, 0.0010961900624714787, 0.0010961900624714787, 0.0010961900624714787, 0.0012121830534626528, 0.0010961900624714787, 0.0010961900624714787, 0.0010961900624714787, 0.0012121830534626528, 0.0012121830534626528, 0.0012121830534626528, 0.0012121830534626528, 0.0012121830534626528, 0.0012121830534626528, 0.001456862718169367, 0.001456862718169367, 0.001456862718169367, 0.001456862718169367, 0.001456862718169367, 0.001456862718169367, 0.001456862718169367]"
4,"[1.0, 2.0, 3.0, 4.0, 5.0, 6.0, 7.0, 8.0, 9.0, 10.0, 11.0, 12.0, 13.0, 14.0, 15.0, 16.0, 17.0, 18.0, 19.0, 20.0, 21.0, 22.0, 23.0, 24.0, 25.0, 26.0, 27.0, 28.0, 29.0, 30.0, 31.0, 32.0, 33.0, 34.0, 35.0, 36.0, 37.0, 38.0, 39.0, 40.0, 41.0, 42.0, 43.0, 44.0, 45.0, 46.0, 47.0, 48.0, 49.0, 50.0, 51.0, 52.0, 53.0, 54.0, 55.0, 56.0, 57.0, 58.0, 59.0, 60.0, 61.0, 62.0, 63.0, 64.0, 65.0, 66.0, 67.0, 68.0, 69.0, 70.0, 71.0, 72.0, 73.0, 74.0, 75.0, 76.0, 77.0, 78.0, 79.0, 80.0, 81.0, 82.0, 83.0, 84.0, 85.0, 86.0, 87.0, 88.0, 89.0, 90.0, 91.0, 92.0, 93.0, 94.0, 95.0, 96.0, 97.0, 98.0, 99.0, 100.0, 101.0, 102.0, 103.0, 104.0, 105.0, 106.0, 107.0, 108.0, 109.0, 110.0, 111.0, 112.0, 113.0, 114.0, 115.0, 116.0, 117.0, 118.0, 119.0, 120.0, 121.0, 122.0, 123.0, 124.0, 125.0, 126.0, 127.0, 128.0, 129.0, 130.0, 131.0, 132.0, 133.0, 134.0, 135.0, 136.0, 137.0, 138.0, 139.0, 140.0, 141.0, 142.0, 143.0, 144.0, 145.0, 146.0, 147.0, 148.0, 149.0, 150.0, 151.0, 152.0, 153.0, 154.0, 155.0, 156.0, 157.0, 158.0, 159.0, 160.0, 161.0, 162.0, 163.0, 164.0, 165.0, 166.0, 167.0, 168.0, 169.0, 170.0, 171.0, 172.0, 173.0, 174.0, 175.0, 176.0, 177.0, 178.0, 179.0, 180.0, 181.0, 182.0, 183.0, 184.0, 185.0, 186.0, 187.0, 188.0, 189.0, 190.0, 191.0, 192.0, 193.0, 194.0, 195.0, 196.0, 197.0, 198.0, 199.0, 200.0, 201.0, 202.0, 203.0, 204.0, 205.0, 206.0, 207.0, 208.0, 209.0, 210.0, 211.0, 212.0, 213.0, 214.0, 215.0, 216.0, 217.0, 218.0, 219.0, 220.0, 221.0, 222.0, 223.0, 224.0, 225.0, 226.0, 227.0, 228.0, 229.0, 230.0, 231.0, 232.0, 233.0, 234.0, 235.0, 236.0, 237.0, 238.0, 239.0, 240.0, 241.0, 242.0, 243.0, 244.0, 245.0, 246.0, 247.0, 248.0, 249.0, 250.0, 251.0, 252.0, 253.0, 254.0, 255.0, 256.0, 257.0, 258.0, 259.0, 260.0, 261.0, 262.0, 263.0, 264.0, 265.0, 266.0, 267.0, 268.0, 269.0, 270.0, 271.0, 272.0, 273.0, 274.0, 275.0, 276.0, 277.0, 278.0, 279.0, 280.0, 281.0, 282.0, 283.0, 284.0, 285.0, 286.0, 287.0, 288.0, 289.0, 290.0, 291.0, 292.0, 293.0, 294.0, 295.0, 296.0, 297.0, 298.0, 299.0, 300.0, 301.0, 302.0, 303.0, 304.0, 305.0, 306.0, 307.0, 308.0, 309.0, 310.0, 311.0, 312.0, 313.0, 314.0, 315.0, 316.0, 317.0, 318.0, 319.0, 320.0, 321.0, 322.0, 323.0, 324.0, 325.0, 326.0, 327.0, 328.0, 329.0, 330.0, 331.0, 332.0, 333.0, 334.0, 335.0, 336.0, 337.0, 338.0, 339.0, 340.0, 341.0, 342.0, 343.0, 344.0, 345.0, 346.0, 347.0, 348.0, 349.0, 350.0, 351.0, 352.0, 353.0, 354.0, 355.0, 356.0, 357.0, 358.0, 359.0, 360.0, 361.0, 362.0, 363.0, 364.0, 365.0, 366.0, 367.0, 368.0, 369.0, 370.0, 371.0, 372.0, 373.0, 374.0, 375.0, 376.0, 377.0, 378.0, 379.0, 380.0, 381.0, 382.0, 383.0, 384.0, 385.0, 386.0, 387.0, 388.0, 389.0, 390.0, 391.0, 392.0, 393.0, 394.0, 395.0, 396.0, 397.0, 398.0, 399.0, 400.0, 401.0, 402.0, 403.0, 404.0, 405.0, 406.0, 407.0, 408.0, 409.0, 410.0, 411.0, 412.0, 413.0, 414.0, 415.0, 416.0, 417.0, 418.0, 419.0, 420.0, 421.0, 422.0, 423.0, 424.0, 425.0, 426.0, 427.0, 428.0, 429.0, 430.0, 431.0, 432.0, 433.0, 434.0, 435.0, 436.0, 437.0, 438.0, 439.0, 440.0, 441.0, 442.0, 443.0, 444.0, 445.0, 446.0, 447.0, 448.0, 449.0, 450.0, 451.0, 452.0, 453.0, 454.0, 455.0, 456.0, 457.0, 458.0, 459.0, 460.0, 461.0, 462.0, 463.0, 464.0, 465.0, 466.0, 467.0, 468.0, 469.0, 470.0, 471.0, 472.0, 473.0, 474.0, 475.0, 476.0, 477.0, 478.0, 479.0, 480.0, 481.0, 482.0, 483.0, 484.0, 485.0, 486.0, 487.0, 488.0, 489.0, 490.0, 491.0, 492.0, 493.0, 494.0, 495.0, 496.0, 497.0, 498.0, 499.0, 500.0, 501.0, 502.0, 503.0, 504.0, 505.0, 506.0, 507.0, 508.0, 509.0, 510.0, 511.0, 512.0, 513.0, 514.0, 515.0, 516.0, 517.0, 518.0, 519.0, 520.0, 521.0, 522.0, 523.0, 524.0, 525.0, 526.0, 527.0, 528.0, 529.0, 530.0, 531.0, 532.0, 533.0, 534.0, 535.0, 536.0, 537.0, 538.0, 539.0, 540.0, 541.0, 542.0, 543.0, 544.0, 545.0, 546.0, 547.0, 548.0, 549.0, 550.0, 551.0, 552.0, 553.0, 554.0, 555.0, 556.0, 557.0, 558.0, 559.0, 560.0, 561.0, 562.0, 563.0, 564.0, 565.0, 566.0, 567.0, 568.0, 569.0, 570.0, 571.0, 572.0, 573.0, 574.0, 575.0, 576.0, 577.0, 578.0, 579.0, 580.0, 581.0, 582.0, 583.0, 584.0, 585.0, 586.0, 587.0, 588.0, 589.0, 590.0, 591.0, 592.0, 593.0, 594.0, 595.0, 596.0, 597.0, 598.0, 599.0, 600.0, 601.0, 602.0, 603.0, 604.0, 605.0, 606.0, 607.0, 608.0, 609.0, 610.0, 611.0, 612.0, 613.0, 614.0, 615.0, 616.0, 617.0, 618.0, 619.0, 620.0, 621.0, 622.0, 623.0, 624.0, 625.0, 626.0, 627.0, 628.0, 629.0, 630.0, 631.0, 632.0, 633.0, 634.0, 635.0, 636.0, 637.0, 638.0, 639.0, 640.0, 641.0, 642.0, 643.0, 644.0, 645.0, 646.0, 647.0, 648.0, 649.0, 650.0, 651.0, 652.0, 653.0, 654.0, 655.0, 656.0, 657.0, 658.0, 659.0, 660.0, 661.0, 662.0, 663.0, 664.0, 665.0, 666.0, 667.0, 668.0, 669.0, 670.0, 671.0, 672.0, 673.0, 674.0, 675.0, 676.0, 677.0, 678.0, 679.0, 680.0, 681.0, 682.0, 683.0, 684.0, 685.0, 686.0, 687.0, 688.0, 689.0, 690.0, 691.0, 692.0, 693.0, 694.0, 695.0, 696.0, 697.0, 698.0, 699.0, 700.0, 701.0, 702.0, 703.0, 704.0, 705.0, 706.0, 707.0, 708.0, 709.0, 710.0, 711.0, 712.0, 713.0, 714.0, 715.0, 716.0, 717.0, 718.0, 719.0, 720.0, 721.0, 722.0, 723.0, 724.0, 725.0, 726.0, 727.0, 728.0, 729.0, 730.0, 731.0, 732.0, 733.0, 734.0, 735.0, 736.0, 737.0, 738.0, 739.0, 740.0, 741.0, 742.0, 743.0, 744.0, 745.0, 746.0, 747.0, 748.0, 749.0, 750.0, 751.0, 752.0, 753.0, 754.0, 755.0, 756.0, 757.0, 758.0, 759.0, 760.0, 761.0, 762.0, 763.0, 764.0, 765.0, 766.0, 767.0, 768.0, 769.0, 770.0, 771.0, 772.0, 773.0, 774.0, 775.0, 776.0, 777.0, 778.0, 779.0, 780.0, 781.0, 782.0, 783.0, 784.0, 785.0, 786.0, 787.0, 788.0, 789.0, 790.0, 791.0, 792.0, 793.0, 794.0, 795.0, 796.0, 797.0, 798.0, 799.0, 800.0, 801.0, 802.0, 803.0, 804.0, 805.0, 806.0, 807.0, 808.0, 809.0, 810.0, 811.0, 812.0, 813.0, 814.0, 815.0, 816.0, 817.0, 818.0, 819.0, 820.0, 821.0, 822.0, 823.0, 824.0, 825.0, 826.0, 827.0, 828.0, 829.0, 830.0, 831.0, 832.0, 833.0, 834.0, 835.0, 836.0, 837.0, 838.0, 839.0, 840.0, 841.0, 842.0, 843.0, 844.0, 845.0, 846.0, 847.0, 848.0, 849.0, 850.0, 851.0, 852.0, 853.0, 854.0, 855.0, 856.0, 857.0, 858.0, 859.0, 860.0, 861.0, 862.0, 863.0, 864.0, 865.0, 866.0, 867.0, 868.0, 869.0, 870.0, 871.0, 872.0, 873.0, 874.0, 875.0, 876.0, 877.0, 878.0, 879.0, 880.0, 881.0, 882.0, 883.0, 884.0, 885.0, 886.0, 887.0, 888.0, 889.0, 890.0, 891.0, 892.0, 893.0, 894.0, 895.0, 896.0, 897.0, 898.0, 899.0, 900.0, 901.0, 902.0, 903.0, 904.0, 905.0, 906.0, 907.0, 908.0, 909.0, 910.0, 911.0, 912.0, 913.0, 914.0, 915.0, 916.0, 917.0, 918.0, 919.0, 920.0, 921.0, 922.0, 923.0, 924.0, 925.0, 926.0, 927.0, 928.0, 929.0, 930.0, 931.0, 932.0, 933.0, 934.0, 935.0, 936.0, 937.0, 938.0, 939.0, 940.0, 941.0, 942.0, 943.0, 944.0, 945.0, 946.0, 947.0, 948.0, 949.0, 950.0, 951.0, 952.0, 953.0, 954.0, 955.0, 956.0, 957.0, 958.0, 959.0, 960.0, 961.0, 962.0, 963.0, 964.0, 965.0, 966.0, 967.0, 968.0, 969.0, 970.0, 971.0, 972.0, 973.0, 974.0, 975.0, 976.0, 977.0, 978.0, 979.0, 980.0, 981.0, 982.0, 983.0, 984.0, 985.0, 986.0, 987.0, 988.0, 989.0, 990.0, 991.0, 992.0, 993.0, 994.0, 995.0, 996.0, 997.0, 998.0, 999.0, 1000.0, 1001.0, 1002.0, 1003.0, 1004.0, 1005.0, 1006.0, 1007.0, 1008.0, 1009.0, 1010.0, 1011.0, 1012.0, 1013.0, 1014.0, 1015.0, 1016.0, 1017.0, 1018.0, 1019.0, 1020.0, 1021.0, 1022.0, 1023.0, 1024.0, 1025.0, 1026.0, 1027.0, 1028.0, 1029.0, 1030.0, 1031.0, 1032.0, 1033.0, 1034.0, 1035.0, 1036.0, 1037.0, 1038.0, 1039.0, 1040.0, 1041.0, 1042.0, 1043.0, 1044.0, 1045.0, 1046.0, 1047.0, 1048.0, 1049.0, 1050.0, 1051.0, 1052.0, 1053.0, 1054.0, 1055.0, 1056.0, 1057.0, 1058.0, 1059.0, 1060.0, 1061.0, 1062.0, 1063.0, 1064.0, 1065.0, 1066.0, 1067.0, 1068.0, 1069.0, 1070.0, 1071.0, 1072.0, 1073.0, 1074.0, 1075.0, 1076.0, 1077.0, 1078.0, 1079.0, 1080.0, 1081.0, 1082.0, 1083.0, 1084.0, 1085.0, 1086.0, 1087.0, 1088.0, 1089.0, 1090.0, 1091.0, 1092.0, 1093.0, 1094.0, 1095.0, 1096.0, 1097.0, 1098.0, 1099.0, 1100.0, 1101.0, 1102.0, 1103.0, 1104.0, 1105.0, 1106.0, 1107.0, 1108.0, 1109.0, 1110.0, 1111.0, 1112.0, 1113.0, 1114.0, 1115.0, 1116.0, 1117.0, 1118.0, 1119.0, 1120.0, 1121.0, 1122.0, 1123.0, 1124.0, 1125.0, 1126.0, 1127.0, 1128.0, 1129.0, 1130.0, 1131.0, 1132.0, 1133.0, 1134.0, 1135.0, 1136.0, 1137.0, 1138.0, 1139.0, 1140.0, 1141.0, 1142.0, 1143.0, 1144.0, 1145.0, 1146.0, 1147.0, 1148.0, 1149.0, 1150.0, 1151.0, 1152.0, 1153.0, 1154.0, 1155.0, 1156.0, 1157.0, 1158.0, 1159.0, 1160.0, 1161.0, 1162.0, 1163.0, 1164.0, 1165.0, 1166.0, 1167.0, 1168.0, 1169.0, 1170.0, 1171.0, 1172.0, 1173.0, 1174.0, 1175.0, 1176.0, 1177.0, 1178.0, 1179.0, 1180.0, 1181.0, 1182.0, 1183.0, 1184.0, 1185.0, 1186.0, 1187.0, 1188.0, 1189.0, 1190.0, 1191.0, 1192.0, 1193.0, 1194.0, 1195.0, 1196.0, 1197.0, 1198.0, 1199.0, 1200.0, 1201.0, 1202.0, 1203.0, 1204.0, 1205.0, 1206.0, 1207.0, 1208.0, 1209.0, 1210.0, 1211.0, 1212.0, 1213.0, 1214.0, 1215.0, 1216.0, 1217.0, 1218.0, 1219.0, 1220.0, 1221.0, 1222.0, 1223.0, 1224.0, 1225.0, 1226.0, 1227.0, 1228.0, 1229.0, 1230.0, 1231.0, 1232.0, 1233.0, 1234.0, 1235.0, 1236.0, 1237.0, 1238.0, 1239.0, 1240.0, 1241.0, 1242.0, 1243.0, 1244.0, 1245.0, 1246.0, 1247.0, 1248.0, 1249.0, 1250.0, 1251.0, 1252.0, 1253.0, 1254.0, 1255.0, 1256.0, 1257.0, 1258.0, 1259.0, 1260.0, 1261.0, 1262.0, 1263.0, 1264.0, 1265.0, 1266.0, 1267.0, 1268.0, 1269.0, 1270.0, 1271.0, 1272.0, 1273.0, 1274.0, 1275.0, 1276.0, 1277.0, 1278.0, 1279.0, 1280.0, 1281.0, 1282.0, 1283.0, 1284.0, 1285.0, 1286.0, 1287.0, 1288.0, 1289.0, 1290.0, 1291.0, 1292.0, 1293.0, 1294.0, 1295.0, 1296.0, 1297.0, 1298.0, 1299.0, 1300.0, 1301.0, 1302.0, 1303.0, 1304.0, 1305.0, 1306.0, 1307.0, 1308.0, 1309.0, 1310.0, 1311.0, 1312.0, 1313.0, 1314.0, 1315.0, 1316.0, 1317.0, 1318.0, 1319.0, 1320.0, 1321.0, 1322.0, 1323.0, 1324.0, 1325.0, 1326.0, 1327.0, 1328.0, 1329.0, 1330.0, 1331.0, 1332.0, 1333.0, 1334.0, 1335.0, 1336.0, 1337.0, 1338.0, 1339.0, 1340.0, 1341.0, 1342.0, 1343.0, 1344.0, 1345.0, 1346.0, 1347.0, 1348.0, 1349.0, 1350.0, 1351.0, 1352.0, 1353.0, 1354.0, 1355.0, 1356.0, 1357.0, 1358.0, 1359.0, 1360.0, 1361.0, 1362.0, 1363.0, 1364.0, 1365.0, 1366.0, 1367.0, 1368.0, 1369.0, 1370.0, 1371.0, 1372.0, 1373.0, 1374.0, 1375.0, 1376.0, 1377.0, 1378.0, 1379.0, 1380.0, 1381.0, 1382.0, 1383.0, 1384.0, 1385.0, 1386.0, 1387.0, 1388.0, 1389.0, 1390.0, 1391.0, 1392.0, 1393.0, 1394.0, 1395.0, 1396.0, 1397.0, 1398.0, 1399.0, 1400.0, 1401.0, 1402.0, 1403.0, 1404.0, 1405.0, 1406.0, 1407.0, 1408.0, 1409.0, 1410.0, 1411.0, 1412.0, 1413.0, 1414.0, 1415.0, 1416.0, 1417.0, 1418.0, 1419.0, 1420.0, 1421.0, 1422.0, 1423.0, 1424.0, 1425.0, 1426.0, 1427.0, 1428.0, 1429.0, 1430.0, 1431.0, 1432.0, 1433.0, 1434.0, 1435.0, 1436.0, 1437.0, 1438.0, 1439.0, 1440.0, 1441.0, 1442.0, 1443.0, 1444.0, 1445.0, 1446.0, 1447.0, 1448.0, 1449.0, 1450.0, 1451.0, 1452.0, 1453.0, 1454.0, 1455.0, 1456.0, 1457.0, 1458.0, 1459.0, 1460.0, 1461.0, 1462.0, 1463.0, 1464.0, 1465.0, 1466.0, 1467.0, 1468.0, 1469.0, 1470.0, 1471.0, 1472.0, 1473.0, 1474.0, 1475.0, 1476.0, 1477.0, 1478.0, 1479.0, 1480.0, 1481.0, 1482.0, 1483.0, 1484.0, 1485.0, 1486.0, 1487.0, 1488.0, 1489.0, 1490.0, 1491.0, 1492.0, 1493.0, 1494.0, 1495.0, 1496.0, 1497.0, 1498.0, 1499.0, 1500.0, 1501.0, 1502.0, 1503.0, 1504.0, 1505.0, 1506.0, 1507.0, 1508.0, 1509.0, 1510.0, 1511.0, 1512.0, 1513.0, 1514.0, 1515.0, 1516.0, 1517.0, 1518.0, 1519.0, 1520.0, 1521.0, 1522.0, 1523.0, 1524.0, 1525.0, 1526.0, 1527.0, 1528.0, 1529.0, 1530.0, 1531.0, 1532.0, 1533.0, 1534.0, 1535.0, 1536.0, 1537.0, 1538.0, 1539.0, 1540.0, 1541.0, 1542.0, 1543.0, 1544.0, 1545.0, 1546.0, 1547.0, 1548.0, 1549.0, 1550.0, 1551.0, 1552.0, 1553.0, 1554.0, 1555.0, 1556.0, 1557.0, 1558.0, 1559.0, 1560.0, 1561.0, 1562.0, 1563.0, 1564.0, 1565.0, 1566.0, 1567.0, 1568.0, 1569.0, 1570.0, 1571.0, 1572.0, 1573.0, 1574.0, 1575.0, 1576.0, 1577.0, 1578.0, 1579.0, 1580.0, 1581.0, 1582.0, 1583.0, 1584.0, 1585.0, 1586.0, 1587.0, 1588.0, 1589.0, 1590.0, 1591.0, 1592.0, 1593.0, 1594.0, 1595.0, 1596.0, 1597.0, 1598.0, 1599.0, 1600.0, 1601.0, 1602.0, 1603.0, 1604.0, 1605.0, 1606.0, 1607.0, 1608.0, 1609.0, 1610.0, 1611.0, 1612.0, 1613.0, 1614.0, 1615.0, 1616.0, 1617.0, 1618.0, 1619.0, 1620.0, 1621.0, 1622.0, 1623.0, 1624.0, 1625.0, 1626.0, 1627.0, 1628.0, 1629.0, 1630.0, 1631.0, 1632.0, 1633.0, 1634.0, 1635.0, 1636.0, 1637.0, 1638.0, 1639.0, 1640.0, 1641.0, 1642.0, 1643.0, 1644.0, 1645.0, 1646.0, 1647.0, 1648.0, 1649.0, 1650.0, 1651.0, 1652.0, 1653.0, 1654.0, 1655.0, 1656.0, 1657.0, 1658.0, 1659.0, 1660.0, 1661.0, 1662.0, 1663.0, 1664.0, 1665.0, 1666.0, 1667.0, 1668.0, 1669.0, 1670.0, 1671.0, 1672.0, 1673.0, 1674.0, 1675.0, 1676.0, 1677.0, 1678.0, 1679.0, 1680.0, 1681.0, 1682.0, 1683.0, 1684.0, 1685.0, 1686.0, 1687.0, 1688.0, 1689.0, 1690.0, 1691.0, 1692.0, 1693.0, 1694.0, 1695.0, 1696.0, 1697.0, 1698.0, 1699.0, 1700.0, 1701.0, 1702.0, 1703.0, 1704.0, 1705.0, 1706.0, 1707.0, 1708.0, 1709.0, 1710.0, 1711.0, 1712.0, 1713.0, 1714.0, 1715.0, 1716.0, 1717.0, 1718.0, 1719.0, 1720.0, 1721.0, 1722.0, 1723.0, 1724.0, 1725.0, 1726.0, 1727.0, 1728.0, 1729.0, 1730.0, 1731.0, 1732.0, 1733.0, 1734.0, 1735.0, 1736.0, 1737.0, 1738.0, 1739.0, 1740.0, 1741.0, 1742.0, 1743.0, 1744.0, 1745.0, 1746.0, 1747.0, 1748.0, 1749.0, 1750.0, 1751.0, 1752.0, 1753.0, 1754.0, 1755.0, 1756.0, 1757.0, 1758.0, 1759.0, 1760.0, 1761.0, 1762.0, 1763.0, 1764.0, 1765.0, 1766.0, 1767.0, 1768.0, 1769.0, 1770.0, 1771.0, 1772.0, 1773.0, 1774.0, 1775.0, 1776.0, 1777.0, 1778.0, 1779.0, 1780.0, 1781.0, 1782.0, 1783.0, 1784.0, 1785.0, 1786.0, 1787.0, 1788.0, 1789.0, 1790.0, 1791.0, 1792.0, 1793.0, 1794.0, 1795.0, 1796.0, 1797.0, 1798.0, 1799.0, 1800.0, 1801.0, 1802.0, 1803.0, 1804.0, 1805.0, 1806.0, 1807.0, 1808.0, 1809.0, 1810.0, 1811.0, 1812.0, 1813.0, 1814.0, 1815.0, 1816.0, 1817.0, 1818.0, 1819.0, 1820.0, 1821.0, 1822.0, 1823.0, 1824.0, 1825.0, 1826.0, 1827.0, 1828.0, 1829.0, 1830.0, 1831.0, 1832.0, 1833.0, 1834.0, 1835.0, 1836.0, 1837.0, 1838.0, 1839.0, 1840.0, 1841.0, 1842.0, 1843.0, 1844.0, 1845.0, 1846.0, 1847.0, 1848.0, 1849.0, 1850.0, 1851.0, 1852.0, 1853.0, 1854.0, 1855.0, 1856.0, 1857.0, 1858.0, 1859.0, 1860.0, 1861.0, 1862.0, 1863.0, 1864.0, 1865.0, 1866.0, 1867.0, 1868.0, 1869.0, 1870.0, 1871.0, 1872.0, 1873.0, 1874.0, 1875.0, 1876.0, 1877.0, 1878.0, 1879.0, 1880.0, 1881.0, 1882.0, 1883.0, 1884.0, 1885.0, 1886.0, 1887.0, 1888.0, 1889.0, 1890.0, 1891.0, 1892.0, 1893.0, 1894.0, 1895.0, 1896.0, 1897.0, 1898.0, 1899.0, 1900.0, 1901.0, 1902.0, 1903.0, 1904.0, 1905.0, 1906.0, 1907.0, 1908.0, 1909.0, 1910.0, 1911.0, 1912.0, 1913.0, 1914.0, 1915.0, 1916.0, 1917.0, 1918.0, 1919.0, 1920.0, 1921.0, 1922.0, 1923.0, 1924.0, 1925.0, 1926.0, 1927.0, 1928.0, 1929.0, 1930.0, 1931.0, 1932.0, 1933.0, 1934.0, 1935.0, 1936.0, 1937.0, 1938.0, 1939.0, 1940.0, 1941.0, 1942.0, 1943.0, 1944.0, 1945.0, 1946.0, 1947.0, 1948.0, 1949.0, 1950.0, 1951.0, 1952.0, 1953.0, 1954.0, 1955.0, 1956.0, 1957.0, 1958.0, 1959.0, 1960.0, 1961.0, 1962.0, 1963.0, 1964.0, 1965.0, 1966.0, 1967.0, 1968.0, 1969.0, 1970.0, 1971.0, 1972.0, 1973.0, 1974.0, 1975.0, 1976.0, 1977.0, 1978.0, 1979.0, 1980.0, 1981.0, 1982.0, 1983.0, 1984.0, 1985.0, 1986.0, 1987.0, 1988.0, 1989.0, 1990.0, 1991.0, 1992.0, 1993.0, 1994.0, 1995.0, 1996.0, 1997.0, 1998.0, 1999.0, 2000.0, 2001.0, 2002.0, 2003.0, 2004.0, 2005.0, 2006.0, 2007.0, 2008.0, 2009.0, 2010.0, 2011.0, 2012.0, 2013.0, 2014.0, 2015.0, 2016.0, 2017.0, 2018.0, 2019.0, 2020.0, 2021.0, 2022.0, 2023.0, 2024.0, 2025.0, 2026.0, 2027.0, 2028.0, 2029.0, 2030.0, 2031.0, 2032.0, 2033.0, 2034.0, 2035.0, 2036.0, 2037.0, 2038.0, 2039.0, 2040.0, 2041.0, 2042.0, 2043.0, 2044.0, 2045.0, 2046.0, 2047.0, 2048.0, 2049.0, 2050.0, 2051.0, 2052.0, 2053.0, 2054.0, 2055.0, 2056.0, 2057.0, 2058.0, 2059.0, 2060.0, 2061.0, 2062.0, 2063.0, 2064.0, 2065.0, 2066.0, 2067.0, 2068.0, 2069.0, 2070.0, 2071.0, 2072.0, 2073.0, 2074.0, 2075.0, 2076.0, 2077.0, 2078.0, 2079.0, 2080.0, 2081.0, 2082.0, 2083.0, 2084.0, 2085.0, 2086.0, 2087.0, 2088.0, 2089.0, 2090.0, 2091.0, 2092.0, 2093.0, 2094.0, 2095.0, 2096.0, 2097.0, 2098.0, 2099.0, 2100.0, 2101.0, 2102.0, 2103.0, 2104.0, 2105.0, 2106.0, 2107.0, 2108.0, 2109.0, 2110.0, 2111.0, 2112.0, 2113.0, 2114.0, 2115.0, 2116.0, 2117.0, 2118.0, 2119.0, 2120.0, 2121.0, 2122.0, 2123.0, 2124.0, 2125.0, 2126.0, 2127.0, 2128.0, 2129.0, 2130.0, 2131.0, 2132.0, 2133.0, 2134.0, 2135.0, 2136.0, 2137.0, 2138.0, 2139.0, 2140.0, 2141.0, 2142.0, 2143.0, 2144.0, 2145.0, 2146.0, 2147.0, 2148.0, 2149.0, 2150.0, 2151.0, 2152.0, 2153.0, 2154.0, 2155.0, 2156.0, 2157.0, 2158.0, 2159.0, 2160.0, 2161.0, 2162.0, 2163.0, 2164.0, 2165.0, 2166.0, 2167.0, 2168.0, 2169.0, 2170.0, 2171.0, 2172.0, 2173.0, 2174.0, 2175.0, 2176.0, 2177.0, 2178.0, 2179.0, 2180.0, 2181.0, 2182.0, 2183.0, 2184.0, 2185.0, 2186.0, 2187.0, 2188.0, 2189.0, 2190.0, 2191.0, 2192.0, 2193.0, 2194.0, 2195.0, 2196.0, 2197.0, 2198.0, 2199.0, 2200.0, 2201.0, 2202.0, 2203.0, 2204.0, 2205.0, 2206.0, 2207.0, 2208.0, 2209.0, 2210.0, 2211.0, 2212.0, 2213.0, 2214.0, 2215.0, 2216.0, 2217.0, 2218.0, 2219.0, 2220.0, 2221.0, 2222.0, 2223.0, 2224.0, 2225.0, 2226.0, 2227.0, 2228.0, 2229.0, 2230.0, 2231.0, 2232.0, 2233.0, 2234.0, 2235.0, 2236.0, 2237.0, 2238.0, 2239.0, 2240.0, 2241.0, 2242.0, 2243.0, 2244.0, 2245.0, 2246.0, 2247.0, 2248.0, 2249.0, 2250.0, 2251.0, 2252.0, 2253.0, 2254.0, 2255.0, 2256.0, 2257.0, 2258.0, 2259.0, 2260.0, 2261.0, 2262.0, 2263.0, 2264.0, 2265.0, 2266.0, 2267.0, 2268.0, 2269.0, 2270.0, 2271.0, 2272.0, 2273.0, 2274.0, 2275.0, 2276.0, 2277.0, 2278.0, 2279.0, 2280.0, 2281.0, 2282.0, 2283.0, 2284.0, 2285.0, 2286.0, 2287.0, 2288.0, 2289.0, 2290.0, 2291.0, 2292.0, 2293.0, 2294.0, 2295.0, 2296.0, 2297.0, 2298.0, 2299.0, 2300.0, 2301.0, 2302.0, 2303.0, 2304.0, 2305.0, 2306.0, 2307.0, 2308.0, 2309.0, 2310.0, 2311.0, 2312.0, 2313.0, 2314.0, 2315.0, 2316.0, 2317.0, 2318.0, 2319.0, 2320.0, 2321.0, 2322.0, 2323.0, 2324.0, 2325.0, 2326.0, 2327.0, 2328.0, 2329.0, 2330.0, 2331.0, 2332.0, 2333.0, 2334.0, 2335.0, 2336.0, 2337.0, 2338.0, 2339.0, 2340.0, 2341.0, 2342.0, 2343.0, 2344.0, 2345.0, 2346.0, 2347.0, 2348.0, 2349.0, 2350.0, 2351.0, 2352.0, 2353.0, 2354.0, 2355.0, 2356.0, 2357.0, 2358.0, 2359.0, 2360.0, 2361.0, 2362.0, 2363.0, 2364.0, 2365.0, 2366.0, 2367.0, 2368.0, 2369.0, 2370.0, 2371.0, 2372.0, 2373.0, 2374.0, 2375.0, 2376.0, 2377.0, 2378.0, 2379.0, 2380.0, 2381.0, 2382.0, 2383.0, 2384.0, 2385.0, 2386.0, 2387.0, 2388.0, 2389.0, 2390.0, 2391.0, 2392.0, 2393.0, 2394.0, 2395.0, 2396.0, 2397.0, 2398.0, 2399.0, 2400.0]","[0.0, 0.0, 0.0, 0.0, 0.0, 0.0, 0.0, 0.0, 0.0, 0.0, 0.0, 0.00012, 0.00012, 0.00012, 0.00012, 0.00012, 0.00012, 0.00012, 0.00012, 0.00012, 0.00012, 0.00012, 0.00012, 0.00012, 0.00012, 0.00012, 0.00012, 0.00012, 0.00012, 0.00012, 0.00012, 0.00012, 0.00012, 0.00012, 0.00012, 0.00012, 0.00012, 0.00012, 0.00012, 0.00012, 0.00012, 0.00012, 0.00012, 0.00012, 0.00012, 0.00012, 0.00012, 0.00012, 0.00012, 0.00012, 0.00012, 0.00012, 0.00036, 0.00036, 0.00036, 0.00036, 0.00036, 0.00036, 0.00036, 0.00036, 0.00036, 0.00036, 0.00036, 0.00036, 0.00036, 0.00036, 0.00036, 0.00048, 0.00048, 0.0006, 0.0006, 0.0006, 0.0006, 0.0006, 0.0006, 0.0006, 0.0006, 0.0006, 0.0006, 0.0006, 0.0006, 0.0006, 0.0006, 0.0006, 0.0006, 0.0006, 0.0006, 0.0006, 0.0006, 0.0006, 0.0006, 0.0006, 0.0006, 0.0006, 0.0006, 0.0006, 0.0006, 0.0006, 0.0006, 0.0006, 0.0006, 0.00072, 0.00072, 0.00084, 0.00084, 0.00084, 0.00084, 0.00084, 0.00084, 0.00084, 0.00084, 0.00084, 0.00084, 0.00084, 0.00084, 0.00084, 0.00084, 0.00084, 0.00084, 0.00084, 0.00084, 0.00084, 0.00096, 0.00096, 0.00096, 0.00096, 0.00096, 0.00096, 0.00096, 0.00096, 0.00096, 0.00096, 0.00096, 0.00096, 0.00096, 0.00096, 0.00096, 0.00096, 0.00096, 0.00096, 0.00096, 0.00096, 0.00096, 0.00096, 0.00096, 0.00096, 0.00096, 0.00096, 0.0010800000000000002, 0.0010800000000000002, 0.0010800000000000002, 0.0010800000000000002, 0.0010800000000000002, 0.0010800000000000002, 0.0012000000000000001, 0.0012000000000000001, 0.0012000000000000001, 0.0012000000000000001, 0.0012000000000000001, 0.0012000000000000001, 0.0012000000000000001, 0.00132, 0.00132, 0.00132, 0.00132, 0.00132, 0.00132, 0.00132, 0.00132, 0.00132, 0.00132, 0.00132, 0.00132, 0.00132, 0.00132, 0.00144, 0.00144, 0.00144, 0.00144, 0.00144, 0.00144, 0.0015600000000000002, 0.0015600000000000002, 0.0015600000000000002, 0.0015600000000000002, 0.0015600000000000002, 0.0015600000000000002, 0.0015600000000000002, 0.0015600000000000002, 0.0015600000000000002, 0.0015600000000000002, 0.0015600000000000002, 0.0015600000000000002, 0.0015600000000000002, 0.0015600000000000002, 0.0015600000000000002, 0.0015600000000000002, 0.0015600000000000002, 0.0015600000000000002, 0.0015600000000000002, 0.0015600000000000002, 0.0015600000000000002, 0.0015600000000000002, 0.0015600000000000002, 0.0015600000000000002, 0.0015600000000000002, 0.0015600000000000002, 0.0015600000000000002, 0.0015600000000000002, 0.0015600000000000002, 0.00168, 0.00168, 0.00168, 0.00168, 0.00168, 0.00168, 0.00168, 0.00168, 0.00168, 0.00168, 0.00168, 0.00168, 0.00168, 0.00168, 0.00168, 0.00168, 0.00168, 0.00168, 0.00168, 0.00168, 0.00168, 0.00168, 0.00168, 0.00168, 0.00168, 0.00168, 0.00168, 0.00168, 0.00168, 0.00168, 0.00168, 0.00168, 0.00168, 0.00168, 0.00168, 0.00168, 0.00168, 0.00192, 0.0021600000000000005, 0.0021600000000000005, 0.0021600000000000005, 0.0021600000000000005, 0.0021600000000000005, 0.0021600000000000005, 0.00228, 0.00228, 0.00228, 0.00228, 0.00228, 0.0024000000000000002, 0.0024000000000000002, 0.0024000000000000002, 0.0024000000000000002, 0.0024000000000000002, 0.0024000000000000002, 0.0024000000000000002, 0.00252, 0.00252, 0.00252, 0.00252, 0.00252, 0.00252, 0.00252, 0.00252, 0.00252, 0.00252, 0.00252, 0.00252, 0.00252, 0.00252, 0.00252, 0.00252, 0.00252, 0.00252, 0.00252, 0.00252, 0.00252, 0.00252, 0.00252, 0.00252, 0.00252, 0.00252, 0.00252, 0.00252, 0.00252, 0.00252, 0.00252, 0.00252, 0.00252, 0.00252, 0.00252, 0.00252, 0.00252, 0.00252, 0.00252, 0.00252, 0.00252, 0.00252, 0.00252, 0.00252, 0.00264, 0.00264, 0.00264, 0.00264, 0.00264, 0.00264, 0.00264, 0.00264, 0.00264, 0.00264, 0.0027600000000000003, 0.0027600000000000003, 0.0027600000000000003, 0.0027600000000000003, 0.0027600000000000003, 0.0027600000000000003, 0.0027600000000000003, 0.0027600000000000003, 0.0027600000000000003, 0.0027600000000000003, 0.0027600000000000003, 0.0027600000000000003, 0.0027600000000000003, 0.0027600000000000003, 0.0027600000000000003, 0.0027600000000000003, 0.00288, 0.00288, 0.00288, 0.00288, 0.00288, 0.00288, 0.00288, 0.00288, 0.0030000000000000005, 0.0030000000000000005, 0.0030000000000000005, 0.0030000000000000005, 0.0030000000000000005, 0.0030000000000000005, 0.0030000000000000005, 0.0031200000000000004, 0.0031200000000000004, 0.0031200000000000004, 0.0031200000000000004, 0.0032400000000000003, 0.0032400000000000003, 0.0032400000000000003, 0.0032400000000000003, 0.0032400000000000003, 0.0032400000000000003, 0.0032400000000000003, 0.0032400000000000003, 0.0032400000000000003, 0.0032400000000000003, 0.0032400000000000003, 0.0032400000000000003, 0.00336, 0.00336, 0.00336, 0.00336, 0.00336, 0.00336, 0.00336, 0.00336, 0.00336, 0.00336, 0.00336, 0.00336, 0.00336, 0.00336, 0.00336, 0.00336, 0.00336, 0.00336, 0.00336, 0.00336, 0.00336, 0.00336, 0.00336, 0.00336, 0.00336, 0.00336, 0.00336, 0.00336, 0.00336, 0.00336, 0.00336, 0.00336, 0.00336, 0.00336, 0.00336, 0.00336, 0.00336, 0.00336, 0.00336, 0.00336, 0.00336, 0.00336, 0.00336, 0.00336, 0.00336, 0.00336, 0.00336, 0.00336, 0.0034800000000000005, 0.0034800000000000005, 0.0034800000000000005, 0.0034800000000000005, 0.0034800000000000005, 0.0034800000000000005, 0.0034800000000000005, 0.0036000000000000003, 0.0036000000000000003, 0.0036000000000000003, 0.00384, 0.00384, 0.00384, 0.00384, 0.00384, 0.00384, 0.00384, 0.00408, 0.00408, 0.00408, 0.00408, 0.00408, 0.00408, 0.00408, 0.00408, 0.00408, 0.00408, 0.00408, 0.004200000000000001, 0.004200000000000001, 0.004200000000000001, 0.004200000000000001, 0.004200000000000001, 0.00432, 0.00432, 0.00432, 0.00432, 0.00432, 0.00432, 0.00432, 0.00432, 0.00432, 0.00432, 0.00432, 0.00432, 0.00432, 0.00432, 0.00432, 0.00432, 0.00432, 0.00432, 0.00432, 0.00432, 0.00432, 0.00432, 0.00432, 0.00432, 0.00432, 0.00432, 0.00432, 0.00432, 0.00432, 0.00432, 0.00432, 0.00432, 0.00432, 0.00432, 0.00432, 0.00432, 0.00432, 0.00432, 0.00432, 0.00432, 0.00432, 0.00432, 0.00432, 0.00432, 0.00432, 0.00432, 0.00432, 0.00432, 0.00432, 0.00432, 0.00432, 0.00432, 0.00432, 0.00444, 0.00444, 0.00444, 0.00444, 0.00444, 0.00444, 0.00444, 0.00444, 0.00444, 0.00444, 0.00444, 0.00444, 0.00444, 0.00444, 0.00444, 0.00444, 0.00444, 0.00444, 0.00444, 0.00444, 0.00444, 0.00444, 0.00444, 0.00456, 0.00456, 0.00456, 0.00456, 0.00456, 0.00456, 0.00456, 0.00456, 0.00456, 0.00456, 0.00456, 0.00456, 0.00456, 0.00456, 0.00456, 0.00456, 0.00456, 0.00456, 0.00456, 0.00456, 0.00456, 0.00456, 0.00456, 0.00456, 0.00456, 0.00456, 0.00456, 0.00456, 0.00456, 0.00456, 0.00456, 0.00456, 0.00456, 0.00456, 0.00456, 0.00456, 0.00456, 0.00456, 0.00456, 0.00456, 0.00456, 0.00456, 0.00456, 0.00456, 0.00456, 0.00456, 0.00456, 0.00456, 0.00456, 0.00468, 0.00468, 0.0048, 0.0048, 0.0048, 0.0048, 0.0048, 0.0048, 0.0048, 0.0048, 0.0048, 0.0048, 0.0048, 0.0048, 0.0048, 0.0048, 0.0048, 0.0048, 0.0048, 0.0048, 0.0048, 0.0048, 0.0048, 0.0048, 0.0048, 0.0048, 0.0048, 0.0048, 0.0048, 0.0048, 0.0048, 0.0048, 0.0048, 0.0048, 0.0048, 0.0048, 0.0048, 0.0048, 0.0048, 0.0048, 0.0048, 0.0048, 0.0048, 0.0048, 0.0048, 0.0048, 0.0048, 0.0048, 0.0048, 0.0048, 0.0048, 0.0048, 0.0048, 0.0048, 0.0048, 0.0048, 0.00492, 0.00492, 0.00492, 0.00492, 0.00492, 0.00492, 0.00492, 0.00492, 0.00492, 0.00492, 0.00492, 0.00492, 0.00492, 0.00492, 0.00492, 0.00492, 0.00492, 0.00492, 0.00492, 0.00492, 0.00492, 0.00492, 0.00504, 0.00504, 0.00504, 0.00504, 0.00504, 0.00504, 0.00504, 0.00504, 0.00504, 0.00504, 0.00504, 0.00504, 0.00504, 0.00504, 0.00504, 0.00504, 0.00504, 0.00504, 0.00504, 0.00504, 0.00504, 0.00504, 0.00504, 0.00504, 0.00504, 0.00504, 0.00504, 0.00504, 0.00504, 0.00504, 0.00504, 0.00504, 0.00504, 0.00504, 0.00504, 0.00504, 0.00504, 0.00504, 0.00504, 0.00504, 0.00504, 0.00504, 0.00504, 0.00504, 0.00504, 0.00504, 0.00504, 0.00504, 0.0051600000000000005, 0.0051600000000000005, 0.0051600000000000005, 0.0051600000000000005, 0.0051600000000000005, 0.0051600000000000005, 0.0051600000000000005, 0.0051600000000000005, 0.0051600000000000005, 0.0051600000000000005, 0.0051600000000000005, 0.0051600000000000005, 0.0051600000000000005, 0.00528, 0.0054, 0.0054, 0.0054, 0.0054, 0.0054, 0.0054, 0.0054, 0.0054, 0.0054, 0.0054, 0.0054, 0.0054, 0.0054, 0.0054, 0.0054, 0.0054, 0.0054, 0.0054, 0.0054, 0.0054, 0.0054, 0.0054, 0.0054, 0.0054, 0.005520000000000001, 0.005520000000000001, 0.005640000000000001, 0.005640000000000001, 0.005640000000000001, 0.005640000000000001, 0.005640000000000001, 0.005640000000000001, 0.005640000000000001, 0.005640000000000001, 0.005640000000000001, 0.005640000000000001, 0.005640000000000001, 0.005640000000000001, 0.005640000000000001, 0.005640000000000001, 0.005640000000000001, 0.005640000000000001, 0.00576, 0.00576, 0.00576, 0.005880000000000001, 0.005880000000000001, 0.005880000000000001, 0.005880000000000001, 0.005880000000000001, 0.005880000000000001, 0.005880000000000001, 0.005880000000000001, 0.005880000000000001, 0.005880000000000001, 0.006000000000000001, 0.006000000000000001, 0.006000000000000001, 0.006000000000000001, 0.006120000000000001, 0.006120000000000001, 0.006120000000000001, 0.006120000000000001, 0.006120000000000001, 0.006120000000000001, 0.006120000000000001, 0.006240000000000001, 0.006240000000000001, 0.006240000000000001, 0.006240000000000001, 0.006240000000000001, 0.006240000000000001, 0.006240000000000001, 0.006240000000000001, 0.006240000000000001, 0.006240000000000001, 0.006240000000000001, 0.006240000000000001, 0.006240000000000001, 0.006240000000000001, 0.006240000000000001, 0.006240000000000001, 0.006240000000000001, 0.006240000000000001, 0.006240000000000001, 0.006240000000000001, 0.006240000000000001, 0.006240000000000001, 0.006240000000000001, 0.006240000000000001, 0.00636, 0.00636, 0.00636, 0.00636, 0.00636, 0.00636, 0.00636, 0.00636, 0.00636, 0.00636, 0.00636, 0.00636, 0.00636, 0.00636, 0.00636, 0.00636, 0.0064800000000000005, 0.0064800000000000005, 0.0064800000000000005, 0.0064800000000000005, 0.0064800000000000005, 0.0064800000000000005, 0.0064800000000000005, 0.0064800000000000005, 0.0064800000000000005, 0.0064800000000000005, 0.0064800000000000005, 0.0064800000000000005, 0.0064800000000000005, 0.0066, 0.0066, 0.0066, 0.0066, 0.0066, 0.0066, 0.0066, 0.00672, 0.00672, 0.00672, 0.00672, 0.00672, 0.00684, 0.00684, 0.00684, 0.00684, 0.00684, 0.00684, 0.00684, 0.00684, 0.00684, 0.006959999999999999, 0.006959999999999999, 0.006959999999999999, 0.006959999999999999, 0.006959999999999999, 0.006959999999999999, 0.006959999999999999, 0.006959999999999999, 0.006959999999999999, 0.006959999999999999, 0.006959999999999999, 0.006959999999999999, 0.006959999999999999, 0.006959999999999999, 0.006959999999999999, 0.006959999999999999, 0.006959999999999999, 0.006959999999999999, 0.006959999999999999, 0.006959999999999999, 0.006959999999999999, 0.006959999999999999, 0.006959999999999999, 0.006959999999999999, 0.006959999999999999, 0.006959999999999999, 0.006959999999999999, 0.006959999999999999, 0.006959999999999999, 0.006959999999999999, 0.006959999999999999, 0.0072, 0.0072, 0.0072, 0.0072, 0.0072, 0.0072, 0.0072, 0.00732, 0.00732, 0.00732, 0.0074399999999999996, 0.0074399999999999996, 0.0074399999999999996, 0.0074399999999999996, 0.0074399999999999996, 0.0074399999999999996, 0.0074399999999999996, 0.0074399999999999996, 0.0074399999999999996, 0.0074399999999999996, 0.0074399999999999996, 0.0074399999999999996, 0.0074399999999999996, 0.0074399999999999996, 0.0074399999999999996, 0.0074399999999999996, 0.0074399999999999996, 0.00756, 0.00756, 0.00756, 0.00768, 0.00768, 0.00768, 0.00768, 0.00768, 0.00768, 0.00768, 0.00768, 0.00768, 0.00768, 0.00768, 0.00768, 0.00768, 0.00768, 0.00768, 0.00768, 0.00768, 0.00768, 0.00768, 0.00768, 0.00768, 0.00768, 0.00768, 0.00768, 0.00768, 0.00768, 0.00768, 0.00768, 0.00768, 0.00768, 0.00768, 0.00768, 0.00768, 0.0078000000000000005, 0.0078000000000000005, 0.0078000000000000005, 0.00792, 0.00792, 0.00792, 0.00792, 0.00792, 0.00792, 0.00792, 0.00792, 0.00792, 0.00792, 0.00792, 0.00792, 0.00792, 0.00792, 0.00792, 0.00792, 0.00804, 0.00804, 0.00804, 0.00804, 0.00816, 0.008280000000000001, 0.008280000000000001, 0.008280000000000001, 0.008280000000000001, 0.008280000000000001, 0.008280000000000001, 0.008280000000000001, 0.008280000000000001, 0.008280000000000001, 0.008280000000000001, 0.008400000000000001, 0.008400000000000001, 0.008400000000000001, 0.008400000000000001, 0.008400000000000001, 0.008400000000000001, 0.008400000000000001, 0.008400000000000001, 0.008400000000000001, 0.008400000000000001, 0.008400000000000001, 0.008400000000000001, 0.008400000000000001, 0.008400000000000001, 0.008400000000000001, 0.008400000000000001, 0.008400000000000001, 0.008400000000000001, 0.008400000000000001, 0.008400000000000001, 0.008400000000000001, 0.008520000000000002, 0.008520000000000002, 0.008520000000000002, 0.008520000000000002, 0.008520000000000002, 0.008520000000000002, 0.008520000000000002, 0.008520000000000002, 0.008520000000000002, 0.008520000000000002, 0.008520000000000002, 0.008520000000000002, 0.008520000000000002, 0.008520000000000002, 0.008520000000000002, 0.008520000000000002, 0.008520000000000002, 0.008520000000000002, 0.008520000000000002, 0.008520000000000002, 0.008520000000000002, 0.008520000000000002, 0.008520000000000002, 0.008520000000000002, 0.008520000000000002, 0.008520000000000002, 0.008520000000000002, 0.008520000000000002, 0.008520000000000002, 0.008520000000000002, 0.008520000000000002, 0.008520000000000002, 0.008520000000000002, 0.008520000000000002, 0.008520000000000002, 0.008520000000000002, 0.008520000000000002, 0.008520000000000002, 0.008520000000000002, 0.008520000000000002, 0.008520000000000002, 0.008520000000000002, 0.008520000000000002, 0.008520000000000002, 0.008520000000000002, 0.008520000000000002, 0.008520000000000002, 0.008520000000000002, 0.00864, 0.00864, 0.00864, 0.00864, 0.00864, 0.00864, 0.00864, 0.00864, 0.00864, 0.00864, 0.00864, 0.00864, 0.00864, 0.00864, 0.00864, 0.00864, 0.00876, 0.00876, 0.00876, 0.00876, 0.00876, 0.00876, 0.00876, 0.00876, 0.00876, 0.00876, 0.00876, 0.00888, 0.00888, 0.00888, 0.00888, 0.00888, 0.00888, 0.00888, 0.00888, 0.00888, 0.00888, 0.00888, 0.00888, 0.00888, 0.00888, 0.00888, 0.00888, 0.00888, 0.00888, 0.00888, 0.00888, 0.00888, 0.00888, 0.00888, 0.00888, 0.00888, 0.00888, 0.00888, 0.009000000000000001, 0.009000000000000001, 0.009000000000000001, 0.009000000000000001, 0.009000000000000001, 0.009000000000000001, 0.009000000000000001, 0.009000000000000001, 0.009000000000000001, 0.009000000000000001, 0.009000000000000001, 0.009000000000000001, 0.009000000000000001, 0.009000000000000001, 0.009000000000000001, 0.009000000000000001, 0.009000000000000001, 0.009000000000000001, 0.009000000000000001, 0.009000000000000001, 0.009000000000000001, 0.009000000000000001, 0.009000000000000001, 0.009000000000000001, 0.009000000000000001, 0.009000000000000001, 0.009000000000000001, 0.009000000000000001, 0.009000000000000001, 0.009000000000000001, 0.009000000000000001, 0.00912, 0.00912, 0.00912, 0.00912, 0.00912, 0.00912, 0.00912, 0.00912, 0.00924, 0.00924, 0.00924, 0.00936, 0.00936, 0.00936, 0.00936, 0.00936, 0.00936, 0.00936, 0.00936, 0.00936, 0.00936, 0.00936, 0.00936, 0.00936, 0.00936, 0.00936, 0.00936, 0.00936, 0.009479999999999999, 0.009479999999999999, 0.009479999999999999, 0.009479999999999999, 0.009479999999999999, 0.009479999999999999, 0.009479999999999999, 0.009479999999999999, 0.009479999999999999, 0.009479999999999999, 0.009479999999999999, 0.009479999999999999, 0.009479999999999999, 0.009479999999999999, 0.009479999999999999, 0.0096, 0.0096, 0.0096, 0.0096, 0.0096, 0.0096, 0.0096, 0.0096, 0.0096, 0.0096, 0.0096, 0.0096, 0.0096, 0.0096, 0.0096, 0.00972, 0.00972, 0.00972, 0.00972, 0.00972, 0.00972, 0.00972, 0.00972, 0.00972, 0.00972, 0.00972, 0.00972, 0.00972, 0.00972, 0.00972, 0.00972, 0.00972, 0.00972, 0.00972, 0.00972, 0.00972, 0.00972, 0.00972, 0.00972, 0.00972, 0.00972, 0.00972, 0.00972, 0.00972, 0.00972, 0.00972, 0.00972, 0.00972, 0.00972, 0.00972, 0.00972, 0.00972, 0.00972, 0.00972, 0.00972, 0.00972, 0.00972, 0.00972, 0.00972, 0.00972, 0.00972, 0.00972, 0.00972, 0.00972, 0.00972, 0.00984, 0.00984, 0.00984, 0.00984, 0.00984, 0.00984, 0.00984, 0.00984, 0.00984, 0.00984, 0.00984, 0.00984, 0.00984, 0.00984, 0.00984, 0.00984, 0.00984, 0.00984, 0.00984, 0.00984, 0.00984, 0.00984, 0.00984, 0.00984, 0.00984, 0.00984, 0.00984, 0.00984, 0.00984, 0.00984, 0.00984, 0.00984, 0.00984, 0.00984, 0.00984, 0.00984, 0.00984, 0.00984, 0.00984, 0.00984, 0.00984, 0.00984, 0.00996, 0.00996, 0.00996, 0.00996, 0.00996, 0.00996, 0.00996, 0.00996, 0.00996, 0.00996, 0.00996, 0.00996, 0.00996, 0.00996, 0.00996, 0.00996, 0.00996, 0.00996, 0.00996, 0.00996, 0.00996, 0.00996, 0.00996, 0.00996, 0.00996, 0.00996, 0.00996, 0.00996, 0.00996, 0.00996, 0.00996, 0.00996, 0.00996, 0.00996, 0.00996, 0.00996, 0.00996, 0.00996, 0.00996, 0.00996, 0.00996, 0.00996, 0.00996, 0.00996, 0.00996, 0.00996, 0.00996, 0.00996, 0.00996, 0.00996, 0.00996, 0.00996, 0.00996, 0.00996, 0.00996, 0.00996, 0.00996, 0.00996, 0.00996, 0.00996, 0.00996, 0.00996, 0.00996, 0.00996, 0.00996, 0.00996, 0.00996, 0.00996, 0.00996, 0.00996, 0.00996, 0.00996, 0.00996, 0.00996, 0.00996, 0.00996, 0.00996, 0.00996, 0.00996, 0.00996, 0.00996, 0.00996, 0.00996, 0.00996, 0.00996, 0.00996, 0.00996, 0.00996, 0.00996, 0.01008, 0.01008, 0.01008, 0.01008, 0.01008, 0.01008, 0.01008, 0.010320000000000001, 0.010320000000000001, 0.010320000000000001, 0.010320000000000001, 0.010320000000000001, 0.010320000000000001, 0.010320000000000001, 0.010320000000000001, 0.010320000000000001, 0.010320000000000001, 0.010320000000000001, 0.010320000000000001, 0.010320000000000001, 0.010320000000000001, 0.010320000000000001, 0.010320000000000001, 0.010320000000000001, 0.010320000000000001, 0.010320000000000001, 0.010320000000000001, 0.010320000000000001, 0.010320000000000001, 0.010320000000000001, 0.010320000000000001, 0.010320000000000001, 0.010320000000000001, 0.010320000000000001, 0.01044, 0.01044, 0.01044, 0.01044, 0.01056, 0.01056, 0.01056, 0.01056, 0.01056, 0.01056, 0.01056, 0.01056, 0.01056, 0.01056, 0.01056, 0.01056, 0.01056, 0.01056, 0.01068, 0.01068, 0.01068, 0.0108, 0.0108, 0.0108, 0.010920000000000001, 0.010920000000000001, 0.010920000000000001, 0.010920000000000001, 0.010920000000000001, 0.010920000000000001, 0.010920000000000001, 0.010920000000000001, 0.010920000000000001, 0.010920000000000001, 0.010920000000000001, 0.010920000000000001, 0.010920000000000001, 0.010920000000000001, 0.010920000000000001, 0.010920000000000001, 0.010920000000000001, 0.010920000000000001, 0.010920000000000001, 0.010920000000000001, 0.011040000000000001, 0.011040000000000001, 0.011040000000000001, 0.011040000000000001, 0.011040000000000001, 0.011040000000000001, 0.011040000000000001, 0.011040000000000001, 0.011040000000000001, 0.011040000000000001, 0.011040000000000001, 0.011040000000000001, 0.011040000000000001, 0.011040000000000001, 0.011040000000000001, 0.011040000000000001, 0.011040000000000001, 0.011040000000000001, 0.011040000000000001, 0.011040000000000001, 0.011040000000000001, 0.011040000000000001, 0.011040000000000001, 0.011040000000000001, 0.011040000000000001, 0.011040000000000001, 0.011040000000000001, 0.011040000000000001, 0.011040000000000001, 0.011040000000000001, 0.011040000000000001, 0.011040000000000001, 0.011040000000000001, 0.011040000000000001, 0.011040000000000001, 0.011040000000000001, 0.011040000000000001, 0.011040000000000001, 0.011040000000000001, 0.011040000000000001, 0.011040000000000001, 0.011040000000000001, 0.011040000000000001, 0.011040000000000001, 0.011040000000000001, 0.011040000000000001, 0.011040000000000001, 0.011040000000000001, 0.011040000000000001, 0.011040000000000001, 0.011040000000000001, 0.011040000000000001, 0.011040000000000001, 0.011040000000000001, 0.011040000000000001, 0.011040000000000001, 0.011040000000000001, 0.011040000000000001, 0.011040000000000001, 0.011040000000000001, 0.011040000000000001, 0.011040000000000001, 0.011040000000000001, 0.011040000000000001, 0.011040000000000001, 0.011040000000000001, 0.011040000000000001, 0.011040000000000001, 0.011040000000000001, 0.011040000000000001, 0.011040000000000001, 0.011040000000000001, 0.011160000000000002, 0.011160000000000002, 0.011160000000000002, 0.011160000000000002, 0.011160000000000002, 0.011160000000000002, 0.011160000000000002, 0.011160000000000002, 0.011160000000000002, 0.011160000000000002, 0.011160000000000002, 0.011160000000000002, 0.011160000000000002, 0.011160000000000002, 0.011160000000000002, 0.011160000000000002, 0.011160000000000002, 0.011160000000000002, 0.011160000000000002, 0.011160000000000002, 0.011160000000000002, 0.011160000000000002, 0.011160000000000002, 0.011160000000000002, 0.011160000000000002, 0.011160000000000002, 0.011160000000000002, 0.011160000000000002, 0.011160000000000002, 0.011160000000000002, 0.011160000000000002, 0.011160000000000002, 0.011160000000000002, 0.011160000000000002, 0.011160000000000002, 0.011160000000000002, 0.011160000000000002, 0.011160000000000002, 0.011160000000000002, 0.011160000000000002, 0.011280000000000002, 0.011280000000000002, 0.011280000000000002, 0.011280000000000002, 0.011280000000000002, 0.011280000000000002, 0.011280000000000002, 0.011280000000000002, 0.011280000000000002, 0.011280000000000002, 0.011280000000000002, 0.011280000000000002, 0.011280000000000002, 0.011280000000000002, 0.011280000000000002, 0.011280000000000002, 0.011280000000000002, 0.011280000000000002, 0.011280000000000002, 0.011280000000000002, 0.0114, 0.0114, 0.0114, 0.0114, 0.0114, 0.0114, 0.0114, 0.0114, 0.0114, 0.0114, 0.0114, 0.01152, 0.01152, 0.01152, 0.01152, 0.01152, 0.01152, 0.01152, 0.01164, 0.01164, 0.01164, 0.01164, 0.01164, 0.01164, 0.01164, 0.01164, 0.01164, 0.01164, 0.01164, 0.01164, 0.01164, 0.01164, 0.01176, 0.01176, 0.01176, 0.01176, 0.01176, 0.01176, 0.01176, 0.01176, 0.01176, 0.01176, 0.01176, 0.01188, 0.01188, 0.01188, 0.01188, 0.01188, 0.01188, 0.01188, 0.01188, 0.01188, 0.01188, 0.01188, 0.01188, 0.01188, 0.01188, 0.01188, 0.01188, 0.01188, 0.01188, 0.012, 0.012, 0.012, 0.012, 0.012, 0.012, 0.012, 0.012, 0.012, 0.012, 0.012, 0.012, 0.012, 0.012, 0.012, 0.012, 0.012, 0.012, 0.012, 0.012119999999999999, 0.012119999999999999, 0.012119999999999999, 0.012119999999999999, 0.012119999999999999, 0.012119999999999999, 0.012119999999999999, 0.012119999999999999, 0.012119999999999999, 0.012119999999999999, 0.012119999999999999, 0.012119999999999999, 0.012119999999999999, 0.012119999999999999, 0.012119999999999999, 0.012119999999999999, 0.012119999999999999, 0.012119999999999999, 0.012119999999999999, 0.012119999999999999, 0.012119999999999999, 0.012119999999999999, 0.012119999999999999, 0.012119999999999999, 0.01224, 0.01224, 0.01236, 0.01236, 0.01236, 0.01236, 0.01236, 0.01236, 0.01236, 0.01248, 0.01248, 0.01248, 0.01248, 0.01248, 0.01248, 0.01248, 0.01248, 0.01248, 0.0126, 0.0126, 0.0126, 0.0126, 0.0126, 0.0126, 0.0126, 0.0126, 0.0126, 0.0126, 0.0126, 0.0126, 0.0126, 0.01272, 0.01272, 0.01272, 0.01272, 0.01272, 0.01272, 0.01272, 0.01272, 0.01272, 0.01272, 0.01272, 0.01272, 0.01272, 0.01284, 0.01284, 0.01284, 0.01284, 0.01284, 0.01284, 0.01284, 0.01284, 0.01284, 0.012959999999999998, 0.013079999999999998, 0.013079999999999998, 0.013079999999999998, 0.013079999999999998, 0.013079999999999998, 0.013079999999999998, 0.013079999999999998, 0.013079999999999998, 0.013079999999999998, 0.013199999999999998, 0.013199999999999998, 0.013199999999999998, 0.013199999999999998, 0.013199999999999998, 0.013199999999999998, 0.013199999999999998, 0.013199999999999998, 0.013199999999999998, 0.013199999999999998, 0.013199999999999998, 0.013199999999999998, 0.013199999999999998, 0.013199999999999998, 0.013319999999999999, 0.013319999999999999, 0.013319999999999999, 0.013319999999999999, 0.013319999999999999, 0.013319999999999999, 0.013319999999999999, 0.013319999999999999, 0.013319999999999999, 0.013319999999999999, 0.013319999999999999, 0.013319999999999999, 0.013319999999999999, 0.013319999999999999, 0.013319999999999999, 0.013319999999999999, 0.013319999999999999, 0.013319999999999999, 0.013319999999999999, 0.013319999999999999, 0.013319999999999999, 0.013439999999999999, 0.013439999999999999, 0.013439999999999999, 0.013439999999999999, 0.013439999999999999, 0.013439999999999999, 0.013439999999999999, 0.013439999999999999, 0.013439999999999999, 0.013439999999999999, 0.013439999999999999, 0.013439999999999999, 0.013439999999999999, 0.013439999999999999, 0.013439999999999999, 0.013439999999999999, 0.013439999999999999, 0.013439999999999999, 0.013439999999999999, 0.013439999999999999, 0.013439999999999999, 0.013439999999999999, 0.013439999999999999, 0.013439999999999999, 0.013439999999999999, 0.013439999999999999, 0.01356, 0.01356, 0.01356, 0.01356, 0.01356, 0.01356, 0.01356, 0.01356, 0.01356, 0.01356, 0.01356, 0.01356, 0.01356, 0.01356, 0.01356, 0.01356, 0.01356, 0.01356, 0.01356, 0.01356, 0.01356, 0.01356, 0.01356, 0.01356, 0.01356, 0.01368, 0.01368, 0.01368, 0.01368, 0.01368, 0.01368, 0.01368, 0.01368, 0.01368, 0.01368, 0.01368, 0.01368, 0.01368, 0.0138, 0.0138, 0.013919999999999998, 0.013919999999999998, 0.013919999999999998, 0.013919999999999998, 0.013919999999999998, 0.013919999999999998, 0.013919999999999998, 0.013919999999999998, 0.013919999999999998, 0.013919999999999998, 0.013919999999999998, 0.013919999999999998, 0.013919999999999998, 0.013919999999999998, 0.013919999999999998, 0.013919999999999998, 0.013919999999999998, 0.013919999999999998, 0.013919999999999998, 0.013919999999999998, 0.013919999999999998, 0.014039999999999999, 0.014039999999999999, 0.014039999999999999, 0.014039999999999999, 0.014039999999999999, 0.014159999999999999, 0.014159999999999999, 0.014159999999999999, 0.014159999999999999, 0.014159999999999999, 0.014159999999999999, 0.014159999999999999, 0.014159999999999999, 0.014159999999999999, 0.014159999999999999, 0.014159999999999999, 0.014159999999999999, 0.014159999999999999, 0.014159999999999999, 0.014159999999999999, 0.014159999999999999, 0.014159999999999999, 0.014159999999999999, 0.014159999999999999, 0.01428, 0.0144, 0.0144, 0.0144, 0.01452, 0.01464, 0.01464, 0.01464, 0.01464, 0.01464, 0.01464, 0.01464, 0.01464, 0.01464, 0.01464, 0.01464, 0.01464, 0.01464, 0.01464, 0.01464, 0.01464, 0.01464, 0.01476, 0.01476, 0.01476, 0.01476, 0.01476, 0.01476, 0.01476, 0.01476, 0.01476, 0.01476, 0.01476, 0.01476, 0.01476, 0.01476, 0.01476, 0.01476, 0.01476, 0.01476, 0.01476, 0.01476, 0.014879999999999999, 0.014879999999999999, 0.014879999999999999, 0.014879999999999999, 0.014879999999999999, 0.014879999999999999, 0.014879999999999999, 0.014879999999999999, 0.014879999999999999, 0.014879999999999999, 0.014879999999999999, 0.015, 0.015, 0.015, 0.015, 0.015, 0.015, 0.015, 0.015, 0.015, 0.015, 0.015, 0.015, 0.015, 0.015, 0.015, 0.01524, 0.01524, 0.01524, 0.01536, 0.01536, 0.01536, 0.015600000000000001, 0.015600000000000001, 0.015600000000000001, 0.015600000000000001, 0.015600000000000001, 0.015600000000000001, 0.015600000000000001, 0.01572, 0.01572, 0.01572, 0.01572, 0.01572, 0.01572, 0.01584, 0.01584, 0.01584, 0.01584, 0.01584, 0.01584, 0.01584, 0.01584, 0.01584, 0.01584, 0.01584, 0.01584, 0.01584, 0.01584, 0.01584, 0.01584, 0.01584, 0.01584, 0.01584, 0.01584, 0.01584, 0.01584, 0.01584, 0.01584, 0.01584, 0.015960000000000002, 0.015960000000000002, 0.016079999999999997, 0.016079999999999997, 0.016079999999999997, 0.016079999999999997, 0.016079999999999997, 0.0162, 0.016319999999999998, 0.016319999999999998, 0.016319999999999998, 0.016319999999999998, 0.01644, 0.01644, 0.01644, 0.01644, 0.01644, 0.01644, 0.01644, 0.01644, 0.01644, 0.01644, 0.01644, 0.01644, 0.01644, 0.01644, 0.01644, 0.01644, 0.01644, 0.01644, 0.01644, 0.01644, 0.01656, 0.01656, 0.01656, 0.01668, 0.01668, 0.01668, 0.01668, 0.0168, 0.0168, 0.0168, 0.01692, 0.01692, 0.01692, 0.01692, 0.01692, 0.01692, 0.01692, 0.01692, 0.01692, 0.01692, 0.01692, 0.01692, 0.01692, 0.01692, 0.01692, 0.01692, 0.01692, 0.01692, 0.01692, 0.01692, 0.01692, 0.01692, 0.01692, 0.01704, 0.01704, 0.01704, 0.01704, 0.01704, 0.0174, 0.0174, 0.0174, 0.01752, 0.01752, 0.01752, 0.01752, 0.01752, 0.01752, 0.01752, 0.01752, 0.01764, 0.01764, 0.01776, 0.01776, 0.01776, 0.01776, 0.01776, 0.01776, 0.01776, 0.01776, 0.01776, 0.01788, 0.01788, 0.01788, 0.01788, 0.01788, 0.01788, 0.01788, 0.01788, 0.01788, 0.01788, 0.01788, 0.01788, 0.01788, 0.01788, 0.018000000000000002, 0.018000000000000002, 0.018000000000000002, 0.018000000000000002, 0.01812, 0.01812, 0.01812, 0.01812, 0.01812, 0.01812, 0.01812, 0.01812, 0.01812, 0.018359999999999998, 0.018359999999999998, 0.018359999999999998, 0.018359999999999998, 0.018359999999999998, 0.018359999999999998, 0.018359999999999998, 0.01848, 0.01848, 0.01848, 0.01848, 0.01848, 0.01848, 0.01848, 0.01848, 0.01848, 0.0186, 0.0186, 0.0186, 0.01872, 0.01872, 0.01872, 0.01872, 0.01872, 0.01884, 0.018959999999999998, 0.018959999999999998, 0.018959999999999998, 0.018959999999999998, 0.018959999999999998, 0.018959999999999998, 0.01908, 0.01908, 0.01908, 0.01932, 0.01932, 0.01932, 0.01944, 0.01944, 0.01944, 0.01944, 0.01956, 0.01956, 0.01956, 0.01956, 0.01956, 0.01956, 0.01956, 0.01956, 0.01956, 0.01956, 0.01956, 0.01956, 0.01956, 0.01956, 0.01956, 0.01956, 0.01956, 0.01956, 0.01956, 0.01956, 0.01956, 0.01968, 0.01968, 0.01968, 0.01968, 0.01968, 0.019799999999999998, 0.019799999999999998, 0.019799999999999998, 0.019799999999999998, 0.019799999999999998, 0.019799999999999998, 0.019799999999999998, 0.019799999999999998, 0.01992, 0.01992, 0.02004, 0.02004, 0.02004, 0.02004, 0.02016, 0.02016, 0.02016, 0.02016, 0.02016, 0.020279999999999996, 0.020279999999999996, 0.020279999999999996, 0.020279999999999996, 0.020279999999999996, 0.020279999999999996, 0.020279999999999996, 0.020279999999999996, 0.020279999999999996, 0.020279999999999996, 0.020279999999999996, 0.0204, 0.020640000000000002, 0.020759999999999997, 0.020759999999999997, 0.02088, 0.02088, 0.02088, 0.02088, 0.02088, 0.02088, 0.02088, 0.02088, 0.02088, 0.020999999999999998, 0.020999999999999998, 0.02112, 0.02112, 0.02112, 0.02112, 0.02112, 0.02112, 0.02112, 0.02112, 0.021239999999999995, 0.021239999999999995, 0.021239999999999995, 0.021239999999999995, 0.02136, 0.02136, 0.02136, 0.02136, 0.02136, 0.02136, 0.02136, 0.02136, 0.02136, 0.021479999999999996, 0.021479999999999996, 0.021479999999999996, 0.021479999999999996, 0.021479999999999996, 0.021479999999999996, 0.021479999999999996, 0.021479999999999996, 0.021479999999999996, 0.021479999999999996, 0.021479999999999996, 0.021479999999999996, 0.021479999999999996, 0.021719999999999996, 0.021840000000000002, 0.021840000000000002, 0.021840000000000002, 0.021840000000000002, 0.021840000000000002, 0.021959999999999997, 0.021959999999999997, 0.021959999999999997, 0.022080000000000002, 0.022080000000000002, 0.022080000000000002, 0.022080000000000002, 0.022080000000000002, 0.022080000000000002, 0.022080000000000002, 0.022080000000000002, 0.022080000000000002, 0.022080000000000002, 0.022080000000000002, 0.022080000000000002, 0.022080000000000002, 0.022199999999999998, 0.022199999999999998, 0.022199999999999998, 0.022199999999999998, 0.022199999999999998, 0.022199999999999998, 0.022199999999999998, 0.022320000000000003, 0.022320000000000003, 0.022320000000000003, 0.022439999999999998, 0.022439999999999998, 0.022439999999999998, 0.022560000000000004, 0.022560000000000004, 0.022560000000000004, 0.022560000000000004, 0.022560000000000004, 0.022560000000000004, 0.022560000000000004, 0.022560000000000004, 0.022560000000000004, 0.022560000000000004, 0.02268, 0.02268, 0.02268, 0.0228, 0.0228, 0.0228, 0.0228, 0.0228, 0.0228, 0.0228, 0.0228, 0.0228, 0.0228, 0.0228, 0.0228, 0.0228, 0.0228, 0.0228, 0.02292, 0.02292, 0.02292, 0.02292, 0.02292, 0.02292, 0.02292, 0.02292, 0.02292, 0.02292, 0.02292, 0.02292, 0.02304, 0.02304, 0.02316, 0.02316, 0.02316, 0.02316, 0.02316, 0.02316, 0.02316, 0.02316, 0.02316, 0.02316, 0.02316, 0.02316, 0.02316, 0.02316, 0.02316, 0.02316, 0.02316, 0.02316, 0.02316, 0.02316, 0.02316, 0.02316, 0.02316, 0.02316, 0.02316, 0.02316, 0.023280000000000002, 0.023280000000000002, 0.023280000000000002, 0.023280000000000002, 0.023280000000000002, 0.023280000000000002, 0.023280000000000002, 0.023280000000000002, 0.023280000000000002, 0.023280000000000002, 0.023280000000000002, 0.023280000000000002, 0.023280000000000002, 0.023280000000000002, 0.023280000000000002, 0.023280000000000002, 0.023280000000000002, 0.023399999999999997, 0.023399999999999997, 0.023520000000000003, 0.023520000000000003, 0.023639999999999998, 0.023760000000000003]","[0.0, 0.0, 0.0, 8.0e-5, 8.0e-5, 8.0e-5, 8.0e-5, 8.0e-5, 0.0, 0.0, 0.00024, 0.00016, 0.00016, 0.00016, 0.00016, 8.0e-5, 0.00016, 0.00016, 0.00024, 0.00024, 0.00024, 0.00024, 0.00024, 0.00024, 0.00016, 0.00024, 0.0005600000000000001, 0.00048, 0.00048, 0.00048, 0.00048, 0.00048, 0.00048, 0.00048, 0.00048, 0.00048, 0.00048, 0.0004, 0.00048, 0.0005600000000000001, 0.0005600000000000001, 0.00048, 0.00048, 0.00048, 0.0005600000000000001, 0.00064, 0.00064, 0.00064, 0.0005600000000000001, 0.00048, 0.00048, 0.0005600000000000001, 0.0004, 0.0004, 0.0004, 0.00032, 0.00032, 0.00032, 0.00032, 0.00032, 0.0004, 0.00048, 0.0005600000000000001, 0.0005600000000000001, 0.00064, 0.00064, 0.00072, 0.00064, 0.00064, 0.0005600000000000001, 0.0005600000000000001, 0.00048, 0.0005600000000000001, 0.0005600000000000001, 0.0005600000000000001, 0.00048, 0.00048, 0.00048, 0.00048, 0.00048, 0.00048, 0.00048, 0.00048, 0.0005600000000000001, 0.0005600000000000001, 0.0005600000000000001, 0.0005600000000000001, 0.00048, 0.00048, 0.0004, 0.00048, 0.00048, 0.0005600000000000001, 0.0005600000000000001, 0.0005600000000000001, 0.0005600000000000001, 0.00064, 0.00072, 0.00072, 0.00072, 0.0008, 0.00072, 0.00064, 0.0005600000000000001, 0.0005600000000000001, 0.0005600000000000001, 0.0005600000000000001, 0.0005600000000000001, 0.0005600000000000001, 0.0005600000000000001, 0.0005600000000000001, 0.00048, 0.00048, 0.00048, 0.00048, 0.00048, 0.0005600000000000001, 0.0005600000000000001, 0.0005600000000000001, 0.00048, 0.00032, 0.00032, 0.00024, 0.00032, 0.0004, 0.0004, 0.00032, 0.00032, 0.00032, 0.00024, 0.00032, 0.00032, 0.00032, 0.00024, 0.0004, 0.0004, 0.0004, 0.0004, 0.0004, 0.0004, 0.0004, 0.0004, 0.0004, 0.0004, 0.0004, 0.0004, 0.0004, 0.00048, 0.0004, 0.0004, 0.00048, 0.00048, 0.00064, 0.00064, 0.0005600000000000001, 0.0005600000000000001, 0.0005600000000000001, 0.00064, 0.00064, 0.00064, 0.00064, 0.0005600000000000001, 0.0005600000000000001, 0.0005600000000000001, 0.0005600000000000001, 0.0005600000000000001, 0.0005600000000000001, 0.0005600000000000001, 0.0005600000000000001, 0.0005600000000000001, 0.0005600000000000001, 0.00064, 0.00064, 0.00064, 0.00064, 0.0004, 0.00048, 0.00048, 0.0005600000000000001, 0.0005600000000000001, 0.0004, 0.00024, 0.00024, 0.00032, 0.00032, 0.00032, 0.00032, 0.00032, 0.00024, 0.00024, 0.0004, 0.00032, 0.00032, 0.00032, 0.00032, 0.00032, 0.00024, 0.00024, 0.00024, 0.00024, 0.00024, 0.00016, 0.00016, 0.00024, 0.00024, 0.00024, 0.0004, 0.0004, 0.00032, 0.00032, 0.00032, 0.00032, 0.00032, 0.0004, 0.0004, 0.00032, 0.00032, 0.00032, 0.00032, 0.00032, 0.0004, 0.00032, 0.00048, 0.00048, 0.00048, 0.00048, 0.0004, 0.00048, 0.00048, 0.00048, 0.00048, 0.00048, 0.00048, 0.00048, 0.0005600000000000001, 0.0005600000000000001, 0.0005600000000000001, 0.0005600000000000001, 0.00048, 0.00048, 0.00048, 0.00048, 0.00048, 0.00048, 0.00048, 0.00048, 0.0005600000000000001, 0.0004, 0.00024, 0.00024, 0.00024, 0.00024, 0.00024, 0.00024, 0.00032, 0.0004, 0.0004, 0.0004, 0.0004, 0.0004, 0.00048, 0.0004, 0.0004, 0.0004, 0.00032, 0.00032, 0.00024, 0.00024, 0.00024, 0.00032, 0.0004, 0.0004, 0.0004, 0.00032, 0.00032, 0.00032, 0.00032, 0.00032, 0.00032, 0.00032, 0.0004, 0.0004, 0.0004, 0.0004, 0.0004, 0.0004, 0.00048, 0.00048, 0.00048, 0.00048, 0.0004, 0.0004, 0.0004, 0.0004, 0.0004, 0.00048, 0.00048, 0.00048, 0.00048, 0.0005600000000000001, 0.0004, 0.0004, 0.00032, 0.00032, 0.00032, 0.0004, 0.0004, 0.00048, 0.00048, 0.0005600000000000001, 0.00048, 0.00048, 0.0005600000000000001, 0.0005600000000000001, 0.0005600000000000001, 0.0005600000000000001, 0.0005600000000000001, 0.0005600000000000001, 0.0005600000000000001, 0.0005600000000000001, 0.00048, 0.00048, 0.0004, 0.00048, 0.00048, 0.0004, 0.0004, 0.00032, 0.00032, 0.00032, 0.00032, 0.00032, 0.00032, 0.0004, 0.0004, 0.00048, 0.0004, 0.00048, 0.00048, 0.00048, 0.00048, 0.00048, 0.00048, 0.00048, 0.0004, 0.00048, 0.0005600000000000001, 0.0005600000000000001, 0.00064, 0.0005600000000000001, 0.0005600000000000001, 0.0005600000000000001, 0.0005600000000000001, 0.0005600000000000001, 0.0005600000000000001, 0.00048, 0.0004, 0.0004, 0.00032, 0.00032, 0.00024, 0.0004, 0.00048, 0.00048, 0.00032, 0.00032, 0.00032, 0.00024, 0.00024, 0.00024, 0.00016, 0.00016, 0.00016, 0.00016, 0.00024, 0.00024, 0.00024, 0.00024, 0.00024, 0.00024, 0.00016, 0.00016, 0.00024, 0.00032, 0.00032, 0.0004, 0.00048, 0.00048, 0.00048, 0.00048, 0.0004, 0.0004, 0.0004, 0.0004, 0.0004, 0.0004, 0.00048, 0.00048, 0.00048, 0.00048, 0.00048, 0.00048, 0.00048, 0.0004, 0.0004, 0.0004, 0.0004, 0.0004, 0.0004, 0.0004, 0.0004, 0.0004, 0.00048, 0.0005600000000000001, 0.0005600000000000001, 0.00064, 0.00064, 0.0005600000000000001, 0.0005600000000000001, 0.00064, 0.00064, 0.0005600000000000001, 0.00048, 0.0005600000000000001, 0.0005600000000000001, 0.0004, 0.0004, 0.0004, 0.00064, 0.00064, 0.0005600000000000001, 0.00064, 0.0004, 0.0004, 0.0004, 0.0004, 0.0004, 0.00032, 0.00032, 0.0004, 0.00048, 0.00048, 0.00048, 0.00048, 0.00048, 0.00048, 0.00048, 0.00048, 0.00032, 0.0004, 0.0004, 0.0004, 0.00048, 0.00048, 0.00048, 0.0004, 0.0004, 0.0004, 0.00032, 0.00032, 0.00032, 0.00032, 0.0004, 0.0004, 0.00032, 0.00024, 0.00024, 0.00024, 0.00024, 0.00024, 0.00024, 0.00032, 0.00032, 0.00024, 0.00032, 0.0004, 0.0004, 0.00048, 0.0005600000000000001, 0.0005600000000000001, 0.0005600000000000001, 0.00048, 0.00048, 0.00048, 0.0005600000000000001, 0.00048, 0.00048, 0.00048, 0.00048, 0.0005600000000000001, 0.00048, 0.00048, 0.0004, 0.0004, 0.00048, 0.00048, 0.00048, 0.0004, 0.0005600000000000001, 0.0005600000000000001, 0.00064, 0.0005600000000000001, 0.00048, 0.00048, 0.00048, 0.0005600000000000001, 0.0005600000000000001, 0.00048, 0.0004, 0.00048, 0.0004, 0.00032, 0.00032, 0.00024, 0.00024, 0.00024, 0.00024, 0.00024, 0.00024, 0.00024, 0.00024, 0.00024, 0.00032, 0.00032, 0.00016, 8.0e-5, 0.00016, 0.00016, 0.00016, 0.00016, 0.00016, 0.00016, 0.00016, 0.00016, 0.00016, 0.00016, 0.00016, 0.00024, 0.00024, 0.00024, 0.00032, 0.00032, 0.00032, 0.00032, 0.00032, 0.00032, 0.00032, 0.00032, 0.00032, 0.00032, 0.00024, 0.00024, 0.00024, 0.00024, 0.00024, 0.00024, 0.00024, 0.00024, 0.00024, 0.00024, 0.00032, 0.00032, 0.00032, 0.00048, 0.00048, 0.00048, 0.00048, 0.00048, 0.0005600000000000001, 0.00064, 0.00064, 0.00064, 0.00064, 0.0005600000000000001, 0.0005600000000000001, 0.00048, 0.00048, 0.0004, 0.0004, 0.0004, 0.00032, 0.00032, 0.0004, 0.0004, 0.0004, 0.0004, 0.0004, 0.0004, 0.0004, 0.0004, 0.0004, 0.0004, 0.0004, 0.00032, 0.00024, 0.00032, 0.00032, 0.00032, 0.00032, 0.00032, 0.00024, 0.0004, 0.0004, 0.0004, 0.0004, 0.0004, 0.0004, 0.0004, 0.0004, 0.0004, 0.0004, 0.0004, 0.00032, 0.00032, 0.00032, 0.00032, 0.00032, 0.00032, 0.00032, 0.00032, 0.00032, 0.00024, 0.00024, 0.00024, 0.00024, 0.00024, 0.00024, 0.00024, 0.00024, 0.00024, 0.00024, 0.00024, 0.00024, 0.00024, 0.00024, 0.00024, 0.00032, 0.00024, 0.00032, 0.00032, 0.00032, 0.00016, 0.00016, 8.0e-5, 0.00016, 0.00016, 0.00016, 0.00016, 0.00016, 0.00016, 0.00016, 8.0e-5, 8.0e-5, 0.00016, 0.00016, 0.00016, 0.00016, 0.00024, 0.00024, 0.00024, 0.00024, 0.00024, 0.00024, 0.00024, 0.00024, 0.00032, 0.00032, 0.00032, 0.00032, 0.00032, 0.00032, 0.00032, 0.00032, 0.00024, 0.00024, 0.00032, 0.00032, 0.00032, 0.00024, 0.00024, 0.00032, 0.00032, 0.00032, 0.00032, 0.00032, 0.00024, 0.00024, 0.00024, 0.00032, 0.00032, 0.00032, 0.00032, 0.00032, 0.00032, 0.00032, 0.00032, 0.00032, 0.00032, 0.0004, 0.0004, 0.0004, 0.00048, 0.00048, 0.0004, 0.0004, 0.00048, 0.00048, 0.0005600000000000001, 0.0005600000000000001, 0.0005600000000000001, 0.00064, 0.00064, 0.0005600000000000001, 0.00032, 0.00032, 0.00032, 0.0004, 0.0004, 0.0004, 0.00048, 0.00032, 0.00032, 0.00032, 0.00032, 0.00032, 0.00024, 0.00024, 0.00032, 0.00032, 0.00048, 0.00048, 0.00048, 0.0004, 0.0004, 0.0004, 0.00032, 0.0004, 0.00024, 0.00024, 0.00016, 0.00016, 0.00024, 0.00024, 0.00032, 0.00032, 0.00024, 0.00024, 0.00024, 0.00024, 0.00024, 0.00024, 0.00032, 0.00032, 0.00032, 0.00032, 0.00024, 0.00024, 0.00024, 0.00024, 0.00024, 0.00024, 0.00024, 0.00024, 0.00024, 0.00032, 0.0004, 0.0004, 0.00048, 0.0004, 0.0004, 0.0004, 0.00048, 0.0004, 0.0004, 0.0004, 0.00032, 0.00032, 0.00032, 0.0004, 0.00032, 0.00032, 0.0004, 0.0004, 0.0004, 0.0004, 0.0004, 0.00048, 0.00048, 0.00048, 0.0005600000000000001, 0.0004, 0.0004, 0.0004, 0.0004, 0.00032, 0.0004, 0.0004, 0.0004, 0.0004, 0.0004, 0.0004, 0.0004, 0.0004, 0.00032, 0.00032, 0.00032, 0.00032, 0.00032, 0.00032, 0.00032, 0.00032, 0.00032, 0.00032, 0.00032, 0.00032, 0.00032, 0.0004, 0.0004, 0.0004, 0.00032, 0.00048, 0.00048, 0.00048, 0.00048, 0.00048, 0.0005600000000000001, 0.0005600000000000001, 0.00064, 0.00064, 0.00064, 0.00064, 0.00072, 0.00064, 0.00064, 0.0005600000000000001, 0.0005600000000000001, 0.0005600000000000001, 0.0005600000000000001, 0.00048, 0.0004, 0.0004, 0.00032, 0.00032, 0.00032, 0.00024, 0.00024, 0.00024, 0.00032, 0.00032, 0.00032, 0.00032, 0.00032, 0.0004, 0.0004, 0.0004, 0.0004, 0.0004, 0.0004, 0.0004, 0.00048, 0.00048, 0.00048, 0.00048, 0.00048, 0.00048, 0.00048, 0.00048, 0.00048, 0.00048, 0.00064, 0.00064, 0.00064, 0.00064, 0.00064, 0.00072, 0.00072, 0.00064, 0.00064, 0.00064, 0.00064, 0.00064, 0.00064, 0.00072, 0.00072, 0.0005600000000000001, 0.0005600000000000001, 0.0005600000000000001, 0.0005600000000000001, 0.00064, 0.00064, 0.00072, 0.00072, 0.00072, 0.00072, 0.00064, 0.00064, 0.00064, 0.00064, 0.00064, 0.00064, 0.00072, 0.00072, 0.0008, 0.0008, 0.0008, 0.0008799999999999999, 0.0008799999999999999, 0.0008799999999999999, 0.00096, 0.00096, 0.00096, 0.0008799999999999999, 0.0008799999999999999, 0.0010400000000000001, 0.00096, 0.00096, 0.0010400000000000001, 0.00096, 0.00072, 0.00064, 0.00064, 0.0008799999999999999, 0.0008, 0.0008, 0.0008, 0.0008, 0.00072, 0.00072, 0.00072, 0.0008, 0.0008, 0.0008, 0.0008, 0.0008799999999999999, 0.00096, 0.00096, 0.0008799999999999999, 0.0008799999999999999, 0.0008799999999999999, 0.00096, 0.00096, 0.00096, 0.0008799999999999999, 0.0008799999999999999, 0.00096, 0.00096, 0.0008, 0.00072, 0.0008, 0.0008, 0.00072, 0.00072, 0.0008, 0.0008800000000000001, 0.00096, 0.0008800000000000001, 0.0008800000000000001, 0.0008800000000000001, 0.0008, 0.0008, 0.0008, 0.00072, 0.00072, 0.00072, 0.00072, 0.00072, 0.00064, 0.00072, 0.00072, 0.00072, 0.00064, 0.0005600000000000001, 0.0005600000000000001, 0.0005600000000000001, 0.00048, 0.0005600000000000001, 0.0005600000000000001, 0.0005600000000000001, 0.0005600000000000001, 0.00072, 0.00072, 0.00064, 0.00072, 0.00064, 0.00072, 0.0008, 0.00064, 0.00064, 0.0008, 0.00072, 0.00072, 0.00072, 0.00072, 0.00072, 0.00072, 0.0008, 0.0008, 0.0008799999999999999, 0.0008799999999999999, 0.0008, 0.0008, 0.00072, 0.0005600000000000001, 0.0005600000000000001, 0.0005600000000000001, 0.0005600000000000001, 0.00064, 0.00064, 0.0005600000000000001, 0.0005600000000000001, 0.0005600000000000001, 0.00048, 0.0005600000000000001, 0.00048, 0.00048, 0.00048, 0.0004, 0.0004, 0.0004, 0.0004, 0.00048, 0.00048, 0.00048, 0.0005600000000000001, 0.0005600000000000001, 0.00048, 0.00048, 0.0005600000000000001, 0.00048, 0.0004, 0.00048, 0.00048, 0.00048, 0.00048, 0.00048, 0.00048, 0.0005600000000000001, 0.0005600000000000001, 0.0005600000000000001, 0.0005600000000000001, 0.0005600000000000001, 0.0005600000000000001, 0.00048, 0.00048, 0.00048, 0.00048, 0.00048, 0.00032, 0.00024, 0.00024, 0.00016, 0.00016, 0.00016, 0.00016, 8.0e-5, 0.00016, 0.00016, 0.00016, 0.00016, 0.00016, 8.0e-5, 8.0e-5, 0.00016, 0.00024, 0.00024, 0.00024, 0.00016, 0.00016, 0.00016, 0.00016, 0.00016, 0.00016, 0.00016, 0.00016, 0.00016, 0.00016, 0.00016, 8.0e-5, 8.0e-5, 0.00016, 0.00016, 8.0e-5, 8.0e-5, 8.0e-5, 8.0e-5, 8.0e-5, 8.0e-5, 8.0e-5, 0.00024, 0.00016, 0.00024, 0.00024, 0.00024, 0.00024, 0.00032, 0.00032, 0.00032, 0.00032, 0.00024, 0.00024, 0.00024, 0.0004, 0.0004, 0.0004, 0.0004, 0.00048, 0.0005600000000000001, 0.0005600000000000001, 0.00048, 0.00048, 0.00048, 0.00048, 0.00048, 0.00048, 0.00048, 0.0005600000000000001, 0.0005600000000000001, 0.0005600000000000001, 0.0005600000000000001, 0.00064, 0.00072, 0.00072, 0.00064, 0.00064, 0.00064, 0.00064, 0.00064, 0.00064, 0.0005600000000000001, 0.00064, 0.00064, 0.00064, 0.00064, 0.00064, 0.00064, 0.00048, 0.0004, 0.0004, 0.0004, 0.00048, 0.00048, 0.00048, 0.0005600000000000001, 0.00048, 0.00048, 0.0004, 0.00032, 0.00032, 0.00032, 0.00032, 0.0004, 0.0004, 0.0004, 0.0004, 0.00032, 0.00032, 0.0004, 0.0004, 0.0004, 0.00032, 0.00032, 0.00032, 0.00032, 0.00024, 0.00032, 0.00032, 0.00024, 0.00024, 0.00024, 0.00024, 0.00024, 0.00024, 0.00032, 0.00032, 0.00032, 0.00032, 0.00032, 0.00032, 0.00024, 0.00032, 0.00032, 0.00032, 0.00032, 0.00032, 0.00024, 0.00032, 0.00024, 0.00024, 0.00032, 0.00032, 0.00032, 0.00032, 0.0004, 0.00032, 0.0004, 0.0004, 0.0004, 0.0004, 0.0004, 0.0004, 0.00048, 0.00048, 0.00048, 0.00048, 0.0004, 0.00048, 0.00048, 0.0004, 0.0004, 0.0004, 0.0004, 0.0004, 0.0004, 0.0004, 0.0004, 0.0004, 0.00032, 0.00032, 0.00032, 0.0004, 0.0004, 0.0004, 0.0004, 0.00032, 0.00024, 0.00024, 0.00024, 0.00016, 0.00016, 0.00024, 0.00024, 0.00032, 0.00032, 0.00032, 0.00032, 0.00032, 0.00032, 0.00032, 0.00032, 0.00048, 0.00048, 0.00048, 0.00048, 0.00032, 0.00032, 0.00032, 0.00032, 0.00032, 0.00024, 0.00024, 0.00024, 0.00024, 0.00024, 0.00024, 0.00032, 0.0004, 0.0005600000000000001, 0.0005600000000000001, 0.0005600000000000001, 0.0005600000000000001, 0.0005600000000000001, 0.00048, 0.0004, 0.00032, 0.00032, 0.00032, 0.00032, 0.00032, 0.00032, 0.00032, 0.00032, 0.0004, 0.0004, 0.00048, 0.00048, 0.00048, 0.00032, 0.0004, 0.0004, 0.0004, 0.00048, 0.00048, 0.00048, 0.00048, 0.0005600000000000001, 0.00048, 0.00048, 0.00048, 0.00048, 0.0005600000000000001, 0.0005600000000000001, 0.0005600000000000001, 0.00064, 0.00072, 0.00072, 0.0008, 0.0008, 0.0008, 0.0008, 0.00072, 0.00072, 0.0008, 0.0008, 0.0008, 0.0008, 0.0008, 0.0008, 0.0008, 0.0008, 0.0008, 0.0008, 0.00064, 0.00064, 0.00064, 0.00064, 0.00064, 0.00064, 0.00064, 0.0005600000000000001, 0.00048, 0.00048, 0.0004, 0.0004, 0.0004, 0.0004, 0.0004, 0.00032, 0.0004, 0.0004, 0.0004, 0.0004, 0.0004, 0.0005600000000000001, 0.0005600000000000001, 0.0005600000000000001, 0.0005600000000000001, 0.0005600000000000001, 0.00064, 0.00064, 0.0005600000000000001, 0.0005600000000000001, 0.00064, 0.0005600000000000001, 0.00064, 0.00072, 0.0008, 0.0008, 0.0008, 0.0008, 0.00072, 0.00072, 0.0008, 0.0008, 0.0008, 0.0008, 0.0008, 0.0008, 0.0008, 0.00072, 0.00072, 0.00072, 0.00072, 0.00072, 0.0008, 0.00072, 0.00072, 0.00072, 0.00072, 0.00072, 0.0008, 0.0008, 0.0008, 0.0008799999999999999, 0.0008799999999999999, 0.0008799999999999999, 0.0008799999999999999, 0.0008799999999999999, 0.0008799999999999999, 0.00072, 0.00072, 0.0005600000000000001, 0.00048, 0.0004, 0.0004, 0.0005600000000000001, 0.0005600000000000001, 0.0005600000000000001, 0.0005600000000000001, 0.0005600000000000001, 0.00064, 0.00064, 0.00064, 0.00064, 0.00072, 0.00072, 0.0008, 0.0008799999999999999, 0.0008799999999999999, 0.0008799999999999999, 0.0008799999999999999, 0.0008799999999999999, 0.0008799999999999999, 0.0008799999999999999, 0.0008799999999999999, 0.0008799999999999999, 0.0008799999999999999, 0.00096, 0.00096, 0.0008799999999999999, 0.0008799999999999999, 0.00096, 0.00096, 0.0008, 0.0008, 0.0008, 0.0008, 0.0008799999999999999, 0.0008799999999999999, 0.00096, 0.0010400000000000001, 0.0010400000000000001, 0.0010400000000000001, 0.0011200000000000001, 0.0010400000000000001, 0.0008799999999999999, 0.0008, 0.00064, 0.0005600000000000001, 0.0005600000000000001, 0.00048, 0.0004, 0.00048, 0.0004, 0.00048, 0.00064, 0.00064, 0.0005600000000000001, 0.0005600000000000001, 0.0005600000000000001, 0.00048, 0.00048, 0.00048, 0.0004, 0.0004, 0.0004, 0.00032, 0.00032, 0.00032, 0.00024, 0.00024, 0.00024, 0.00024, 0.00016, 8.0e-5, 0.00016, 0.00016, 0.00016, 0.00016, 0.00016, 0.00016, 0.00016, 0.00016, 0.00016, 0.00016, 0.00016, 0.00016, 0.00016, 0.00016, 0.00016, 0.00024, 0.00024, 0.00024, 0.00024, 0.00024, 0.00016, 0.00016, 0.00016, 0.00016, 0.00016, 0.00016, 0.00016, 0.00016, 0.00016, 0.00016, 0.00016, 0.00016, 8.0e-5, 8.0e-5, 0.00016, 0.00024, 0.00024, 0.00032, 0.00032, 0.00032, 0.00032, 0.00032, 0.00032, 0.00024, 0.00024, 0.00024, 0.00016, 0.00016, 0.00024, 0.00024, 0.00024, 0.00024, 0.00024, 0.00024, 0.00032, 0.0004, 0.0004, 0.0004, 0.0004, 0.00032, 0.00048, 0.00048, 0.00048, 0.00048, 0.00048, 0.0005600000000000001, 0.00064, 0.00064, 0.0005600000000000001, 0.00048, 0.00048, 0.00048, 0.0005600000000000001, 0.0005600000000000001, 0.0005600000000000001, 0.0005600000000000001, 0.0005600000000000001, 0.0005600000000000001, 0.0005600000000000001, 0.0005600000000000001, 0.0005600000000000001, 0.0005600000000000001, 0.0005600000000000001, 0.0005600000000000001, 0.0004, 0.0004, 0.00032, 0.00016, 0.00016, 0.00016, 0.00016, 0.00016, 0.00016, 0.00016, 0.00016, 0.00016, 0.00016, 0.00016, 0.00016, 0.00016, 0.00016, 0.00016, 0.00016, 0.00016, 0.00016, 0.00016, 0.00016, 0.00016, 0.00024, 0.00032, 0.00024, 0.00024, 0.00032, 0.00032, 0.00032, 0.0004, 0.0004, 0.00048, 0.00048, 0.00048, 0.00048, 0.00048, 0.00048, 0.0005600000000000001, 0.0005600000000000001, 0.0005600000000000001, 0.0005600000000000001, 0.00064, 0.00064, 0.00064, 0.00064, 0.00064, 0.00064, 0.00064, 0.00064, 0.00064, 0.00064, 0.00064, 0.0005600000000000001, 0.00048, 0.00048, 0.0004, 0.0004, 0.0004, 0.0004, 0.0004, 0.0004, 0.0004, 0.00032, 0.0004, 0.0004, 0.00048, 0.00048, 0.00048, 0.0004, 0.0004, 0.00048, 0.00048, 0.0004, 0.0004, 0.0004, 0.0004, 0.00032, 0.00032, 0.00032, 0.00032, 0.00032, 0.0004, 0.0004, 0.0004, 0.0004, 0.0004, 0.0004, 0.00032, 0.0004, 0.00032, 0.00024, 0.00024, 0.00024, 0.00032, 0.00024, 0.00024, 0.00024, 0.00024, 0.00024, 0.00032, 0.00032, 0.00032, 0.00032, 0.00032, 0.00032, 0.00024, 0.00024, 0.00024, 0.00024, 0.00024, 0.00032, 0.00032, 0.00032, 0.00032, 0.00024, 0.00032, 0.00032, 0.00032, 0.00032, 0.0004, 0.0004, 0.0004, 0.00048, 0.00048, 0.0004, 0.00032, 0.00032, 0.00032, 0.0004, 0.0004, 0.0004, 0.0004, 0.0004, 0.00048, 0.00048, 0.0005600000000000001, 0.00064, 0.00064, 0.00064, 0.00064, 0.0008, 0.0008, 0.0008, 0.0008, 0.00072, 0.00072, 0.00072, 0.0008, 0.00072, 0.00064, 0.0005600000000000001, 0.0005600000000000001, 0.0005600000000000001, 0.0005600000000000001, 0.00048, 0.0005600000000000001, 0.0005600000000000001, 0.00048, 0.00048, 0.00048, 0.00048, 0.00048, 0.00048, 0.0005600000000000001, 0.0005600000000000001, 0.0005600000000000001, 0.0005600000000000001, 0.00064, 0.0005600000000000001, 0.0005600000000000001, 0.0005600000000000001, 0.0005600000000000001, 0.0005600000000000001, 0.0005600000000000001, 0.00048, 0.00048, 0.00048, 0.00048, 0.00048, 0.0004, 0.0004, 0.00032, 0.00032, 0.0004, 0.0004, 0.00048, 0.00048, 0.00048, 0.00048, 0.00064, 0.00072, 0.00072, 0.0005600000000000001, 0.0005600000000000001, 0.0005600000000000001, 0.0005600000000000001, 0.00048, 0.00048, 0.00048, 0.0005600000000000001, 0.0005600000000000001, 0.00048, 0.0004, 0.0005600000000000001, 0.0005600000000000001, 0.0005600000000000001, 0.0005600000000000001, 0.0005600000000000001, 0.0005600000000000001, 0.0005600000000000001, 0.00064, 0.0005600000000000001, 0.00064, 0.00064, 0.0005600000000000001, 0.0005600000000000001, 0.00048, 0.00048, 0.00048, 0.00048, 0.00048, 0.00048, 0.00048, 0.0005600000000000001, 0.0005600000000000001, 0.0005600000000000001, 0.00064, 0.00072, 0.00064, 0.00064, 0.00064, 0.0005600000000000001, 0.0005600000000000001, 0.0005600000000000001, 0.00048, 0.00048, 0.00048, 0.0004, 0.0004, 0.0004, 0.00032, 0.00032, 0.00032, 0.00032, 0.00048, 0.00048, 0.0004, 0.00032, 0.00032, 0.00032, 0.00032, 0.00032, 0.0004, 0.0004, 0.0004, 0.0004, 0.0004, 0.0004, 0.0004, 0.0004, 0.0004, 0.0004, 0.00048, 0.00048, 0.00048, 0.00048, 0.00048, 0.00048, 0.00048, 0.00048, 0.00048, 0.00048, 0.00032, 0.00032, 0.0004, 0.00048, 0.0005600000000000001, 0.0005600000000000001, 0.0005600000000000001, 0.0005600000000000001, 0.0005600000000000001, 0.0005600000000000001, 0.00064, 0.00064, 0.00064, 0.00064, 0.00064, 0.00072, 0.0008, 0.0008, 0.00072, 0.0008, 0.0008799999999999999, 0.0008799999999999999, 0.0008799999999999999, 0.0008799999999999999, 0.0008, 0.0008799999999999999, 0.0008799999999999999, 0.0008799999999999999, 0.0008, 0.0008, 0.0008, 0.0008799999999999999, 0.0008799999999999999, 0.0008799999999999999, 0.0008799999999999999, 0.0008799999999999999, 0.0008799999999999999, 0.0008, 0.0008, 0.0008, 0.00072, 0.00072, 0.00072, 0.0008799999999999999, 0.0008799999999999999, 0.0008799999999999999, 0.0008799999999999999, 0.0008, 0.0008799999999999999, 0.00096, 0.0011200000000000001, 0.0010400000000000001, 0.00096, 0.0010400000000000001, 0.00096, 0.00096, 0.00096, 0.0010400000000000001, 0.0010400000000000001, 0.0010400000000000001, 0.00096, 0.0008799999999999999, 0.00096, 0.00096, 0.0011200000000000001, 0.0010400000000000001, 0.00096, 0.0008799999999999999, 0.0008, 0.0008, 0.0008, 0.0008799999999999999, 0.00096, 0.0008799999999999999, 0.0008, 0.0008, 0.0008, 0.00072, 0.00072, 0.00072, 0.0008, 0.0008, 0.0008799999999999999, 0.00096, 0.0010400000000000001, 0.00096, 0.0008, 0.00072, 0.00072, 0.00064, 0.0005600000000000001, 0.00072, 0.0008799999999999999, 0.0008799999999999999, 0.00072, 0.00064, 0.0005600000000000001, 0.00064, 0.00072, 0.00072, 0.00072, 0.00072, 0.00072, 0.00072, 0.0008, 0.0008, 0.0008799999999999999, 0.0008799999999999999, 0.0008799999999999999, 0.00096, 0.0008799999999999999, 0.0008799999999999999, 0.0008799999999999999, 0.0008, 0.0008, 0.0008799999999999999, 0.0008799999999999999, 0.0008799999999999999, 0.00096, 0.00096, 0.00096, 0.0010400000000000001, 0.0010400000000000001, 0.00096, 0.00096, 0.0010400000000000001, 0.00096, 0.0008799999999999999, 0.00096, 0.00096, 0.00096, 0.00096, 0.00096, 0.00096, 0.0010400000000000001, 0.0012, 0.00128, 0.00128, 0.00128, 0.00128, 0.00128, 0.00128, 0.00128, 0.0012, 0.0012, 0.00128, 0.00128, 0.00128, 0.00136, 0.00144, 0.0014399999999999999, 0.00136, 0.00136, 0.00128, 0.00136, 0.00136, 0.0012, 0.00128, 0.00128, 0.0010400000000000001, 0.0010400000000000001, 0.0010400000000000001, 0.0011200000000000001, 0.0012, 0.0011200000000000001, 0.0012, 0.0011200000000000001, 0.0011200000000000001, 0.0012, 0.0012, 0.00144, 0.00136, 0.0012, 0.0011200000000000001, 0.0011200000000000001, 0.0011200000000000001, 0.0010400000000000001, 0.0010400000000000001, 0.0010400000000000001, 0.0011200000000000001, 0.0010400000000000001, 0.0010400000000000001, 0.0010400000000000001, 0.0010400000000000001, 0.0008799999999999999, 0.0008799999999999999, 0.00096, 0.0008799999999999999, 0.0008799999999999999, 0.0010400000000000001, 0.0011200000000000001, 0.00128, 0.0015199999999999999, 0.00136, 0.00136, 0.00128, 0.0012, 0.0011200000000000001, 0.00096, 0.00096, 0.0011200000000000001, 0.0011200000000000001, 0.0011200000000000001, 0.0011200000000000001, 0.0011200000000000001, 0.0008799999999999999, 0.0008799999999999999, 0.0008800000000000001, 0.00096, 0.00096, 0.0008800000000000001, 0.00096, 0.00072, 0.0008, 0.00096, 0.0011200000000000001, 0.0011200000000000001, 0.0011200000000000001, 0.0010400000000000001, 0.0010400000000000001, 0.0010400000000000001, 0.0010400000000000001, 0.0012, 0.00128, 0.00128, 0.00128, 0.00136, 0.00136, 0.00144, 0.00136, 0.00136, 0.0015200000000000003, 0.0015199999999999999, 0.0015199999999999999, 0.00168, 0.00168, 0.0016, 0.0016, 0.0016, 0.0014399999999999999, 0.0015199999999999999, 0.0016, 0.0015200000000000003, 0.00136, 0.00136, 0.00128, 0.00144, 0.00136, 0.0014399999999999999, 0.00144, 0.0015200000000000003, 0.0016, 0.0015199999999999999, 0.0014399999999999999, 0.0014399999999999999, 0.0014399999999999999, 0.0014399999999999999, 0.0012, 0.0012, 0.00136, 0.00136, 0.00136, 0.00144, 0.00144, 0.0015200000000000003, 0.0015200000000000003, 0.0015200000000000003, 0.0012000000000000001, 0.0011200000000000001, 0.0010400000000000001, 0.00096, 0.0008799999999999999, 0.00096, 0.0008799999999999999, 0.00096, 0.00096, 0.00096, 0.00096, 0.0008799999999999999, 0.0008799999999999999, 0.0008799999999999999, 0.00096, 0.0010400000000000001, 0.0011200000000000001, 0.0012, 0.00128, 0.00128, 0.0011200000000000001, 0.0012, 0.00096, 0.00096, 0.0011200000000000001, 0.0011200000000000001, 0.0012, 0.0012, 0.00128, 0.0012000000000000001, 0.0012000000000000001, 0.00128, 0.0012000000000000001, 0.0012000000000000001, 0.0012, 0.00128, 0.00128, 0.00128, 0.00136, 0.0016, 0.00136, 0.00136, 0.00128, 0.0012, 0.0011200000000000001, 0.0012, 0.0012, 0.00136, 0.00136, 0.0012, 0.00128, 0.00128, 0.0012, 0.0012, 0.0012, 0.0011200000000000001, 0.0010400000000000001, 0.00128, 0.00128, 0.00128, 0.0012000000000000001, 0.0011200000000000001, 0.00128, 0.00144, 0.00144, 0.00136, 0.00128, 0.00136, 0.00144, 0.0015199999999999999, 0.0016, 0.0015199999999999999, 0.00136, 0.00128, 0.0012000000000000001, 0.0012000000000000001, 0.0012, 0.00136, 0.00144, 0.00144, 0.00136, 0.00144, 0.0015200000000000003, 0.00144, 0.0012, 0.0011200000000000001, 0.0010400000000000001, 0.0010400000000000001, 0.0011200000000000001, 0.0011200000000000001, 0.0012, 0.0012, 0.00136, 0.00136, 0.00136, 0.00128, 0.00136, 0.00144, 0.00144, 0.00144, 0.00144, 0.0015199999999999999, 0.0016, 0.0016, 0.00168, 0.00168, 0.00168, 0.0017600000000000003, 0.0017600000000000003, 0.00168, 0.0015199999999999999, 0.0014399999999999999, 0.00128, 0.00136, 0.00128, 0.00136, 0.00128, 0.0012, 0.00136, 0.00144, 0.00144, 0.0015200000000000003, 0.00144, 0.00136, 0.00136, 0.00136, 0.00128, 0.00144, 0.00144, 0.0015200000000000003, 0.00144, 0.00128, 0.00128, 0.00128, 0.00128, 0.00128, 0.0015200000000000003, 0.00168, 0.00168, 0.0016799999999999999, 0.00184, 0.00184, 0.00192, 0.00192, 0.002, 0.00192, 0.00184, 0.00168, 0.0015200000000000003, 0.0014399999999999999, 0.00128, 0.00136, 0.0012, 0.00128, 0.00128, 0.00136, 0.00128, 0.00136, 0.00136, 0.00128, 0.00128, 0.0012, 0.00136, 0.00144, 0.00144, 0.00136, 0.00136, 0.00144, 0.00136, 0.00136, 0.0015199999999999999, 0.0015199999999999999, 0.0015200000000000003, 0.00144, 0.0015200000000000003, 0.0015200000000000003, 0.0016, 0.0016799999999999999, 0.00184, 0.0017599999999999998, 0.00184, 0.00184, 0.0017599999999999998, 0.0016, 0.0016799999999999999, 0.0016, 0.0016799999999999999, 0.00144, 0.00136, 0.0016, 0.00168, 0.0017599999999999998, 0.00184, 0.0017599999999999998, 0.00184, 0.0016799999999999999, 0.00144, 0.00128, 0.00144, 0.00144, 0.0015199999999999999, 0.00144, 0.00144, 0.0016000000000000003, 0.0015200000000000003, 0.00144, 0.0015200000000000003, 0.00144, 0.00144, 0.00136, 0.00136, 0.00128, 0.0011200000000000001, 0.0011200000000000001, 0.00128, 0.0012, 0.0012, 0.0011200000000000001, 0.00096, 0.0010400000000000001, 0.0010400000000000001, 0.0012, 0.0012, 0.0011200000000000001, 0.0012, 0.0012, 0.0012, 0.0012, 0.0010400000000000001, 0.0010400000000000001, 0.00096, 0.00096, 0.00096, 0.0010400000000000001, 0.00096, 0.00096, 0.0011200000000000001, 0.0011200000000000001, 0.00128, 0.00128, 0.0011200000000000001, 0.0011200000000000001, 0.0012, 0.00136, 0.00144, 0.00128, 0.0012, 0.0012, 0.0012, 0.0012, 0.0011200000000000001, 0.0011200000000000001, 0.0012, 0.0012, 0.0012, 0.0012, 0.0011200000000000001, 0.0010400000000000001, 0.00096, 0.0008, 0.0008799999999999999, 0.00096, 0.00096, 0.0011200000000000001, 0.0012, 0.00128, 0.0012, 0.0011200000000000001, 0.0012, 0.0012, 0.0010400000000000001, 0.0010400000000000001, 0.0008799999999999999, 0.0008799999999999999, 0.00096, 0.0010400000000000001, 0.0011200000000000001, 0.0011200000000000001, 0.0012000000000000001, 0.0012000000000000001, 0.0012000000000000001, 0.0011200000000000001, 0.00128, 0.00144, 0.00144, 0.0015200000000000003, 0.0015200000000000003, 0.00144, 0.0015199999999999999, 0.0014399999999999999, 0.0015199999999999999, 0.0015199999999999999, 0.0015199999999999999, 0.00168, 0.0016799999999999999, 0.0016799999999999999, 0.0016, 0.0016, 0.0015200000000000003, 0.0016, 0.0016, 0.0016799999999999999, 0.0016799999999999999, 0.00184, 0.00184, 0.00184, 0.00184, 0.0020800000000000003, 0.0020800000000000003, 0.0022400000000000002, 0.0021600000000000005, 0.0022400000000000002, 0.00248, 0.00256, 0.00272, 0.0028000000000000004, 0.00288, 0.0029600000000000004, 0.00288, 0.00264, 0.00256]","[0.0, 0.0, 0.0, 0.0, 0.0, 0.0, 0.0, 0.0, 0.0, 0.0, 0.0, 0.000848528137423857, 0.000848528137423857, 0.000848528137423857, 0.000848528137423857, 0.000848528137423857, 0.000848528137423857, 0.000848528137423857, 0.000848528137423857, 0.000848528137423857, 0.000848528137423857, 0.000848528137423857, 0.000848528137423857, 0.000848528137423857, 0.000848528137423857, 0.000848528137423857, 0.000848528137423857, 0.000848528137423857, 0.000848528137423857, 0.000848528137423857, 0.000848528137423857, 0.000848528137423857, 0.000848528137423857, 0.000848528137423857, 0.000848528137423857, 0.000848528137423857, 0.000848528137423857, 0.000848528137423857, 0.000848528137423857, 0.000848528137423857, 0.000848528137423857, 0.000848528137423857, 0.000848528137423857, 0.000848528137423857, 0.000848528137423857, 0.000848528137423857, 0.000848528137423857, 0.000848528137423857, 0.000848528137423857, 0.000848528137423857, 0.000848528137423857, 0.000848528137423857, 0.0014393876248925712, 0.0014393876248925712, 0.0014393876248925712, 0.0014393876248925712, 0.0014393876248925712, 0.0014393876248925712, 0.0014393876248925712, 0.0014393876248925712, 0.0014393876248925712, 0.0014393876248925712, 0.0014393876248925712, 0.0014393876248925712, 0.0014393876248925712, 0.0014393876248925712, 0.0014393876248925712, 0.0016442850937072179, 0.0016442850937072179, 0.0018182745801939794, 0.0018182745801939794, 0.0018182745801939794, 0.0018182745801939794, 0.0018182745801939794, 0.0018182745801939794, 0.0018182745801939794, 0.0018182745801939794, 0.0018182745801939794, 0.0018182745801939794, 0.0018182745801939794, 0.0018182745801939794, 0.0018182745801939794, 0.0018182745801939794, 0.0018182745801939794, 0.0018182745801939794, 0.0018182745801939794, 0.0018182745801939794, 0.0018182745801939794, 0.0018182745801939794, 0.0018182745801939794, 0.0018182745801939794, 0.0018182745801939794, 0.0018182745801939794, 0.0018182745801939794, 0.0018182745801939794, 0.0018182745801939794, 0.0018182745801939794, 0.0018182745801939794, 0.0018182745801939794, 0.0018182745801939794, 0.0018182745801939794, 0.0019695643359558955, 0.0019695643359558955, 0.002427394672886794, 0.002427394672886794, 0.002427394672886794, 0.002427394672886794, 0.002427394672886794, 0.002427394672886794, 0.002427394672886794, 0.002427394672886794, 0.002427394672886794, 0.002427394672886794, 0.002427394672886794, 0.002427394672886794, 0.002427394672886794, 0.002427394672886794, 0.002427394672886794, 0.002427394672886794, 0.002427394672886794, 0.002427394672886794, 0.002427394672886794, 0.00253111252461144, 0.00253111252461144, 0.00253111252461144, 0.00253111252461144, 0.00253111252461144, 0.00253111252461144, 0.00253111252461144, 0.00253111252461144, 0.00253111252461144, 0.00253111252461144, 0.00253111252461144, 0.00253111252461144, 0.00253111252461144, 0.00253111252461144, 0.00253111252461144, 0.00253111252461144, 0.00253111252461144, 0.00253111252461144, 0.00253111252461144, 0.00253111252461144, 0.00253111252461144, 0.00253111252461144, 0.00253111252461144, 0.00253111252461144, 0.00253111252461144, 0.00253111252461144, 0.002625153056762324, 0.002625153056762324, 0.002625153056762324, 0.002625153056762324, 0.002625153056762324, 0.002625153056762324, 0.002710523708715754, 0.002710523708715754, 0.002710523708715754, 0.002710523708715754, 0.002710523708715754, 0.002710523708715754, 0.002710523708715754, 0.002788021022964102, 0.002788021022964102, 0.002788021022964102, 0.002788021022964102, 0.002788021022964102, 0.002788021022964102, 0.002788021022964102, 0.002788021022964102, 0.002788021022964102, 0.002788021022964102, 0.002788021022964102, 0.002788021022964102, 0.002788021022964102, 0.002788021022964102, 0.0028582854858056686, 0.0028582854858056686, 0.0028582854858056686, 0.0028582854858056686, 0.0028582854858056686, 0.0028582854858056686, 0.003163310072099303, 0.003163310072099303, 0.003163310072099303, 0.003163310072099303, 0.003163310072099303, 0.003163310072099303, 0.003163310072099303, 0.003163310072099303, 0.003163310072099303, 0.003163310072099303, 0.003163310072099303, 0.003163310072099303, 0.003163310072099303, 0.003163310072099303, 0.003163310072099303, 0.003163310072099303, 0.003163310072099303, 0.003163310072099303, 0.003163310072099303, 0.003163310072099303, 0.003163310072099303, 0.003163310072099303, 0.003163310072099303, 0.003163310072099303, 0.003163310072099303, 0.003163310072099303, 0.003163310072099303, 0.003163310072099303, 0.003163310072099303, 0.0032162850924503513, 0.0032162850924503513, 0.0032162850924503513, 0.0032162850924503513, 0.0032162850924503513, 0.0032162850924503513, 0.0032162850924503513, 0.0032162850924503513, 0.0032162850924503513, 0.0032162850924503513, 0.0032162850924503513, 0.0032162850924503513, 0.0032162850924503513, 0.0032162850924503513, 0.0032162850924503513, 0.0032162850924503513, 0.0032162850924503513, 0.0032162850924503513, 0.0032162850924503513, 0.0032162850924503513, 0.0032162850924503513, 0.0032162850924503513, 0.0032162850924503513, 0.0032162850924503513, 0.0032162850924503513, 0.0032162850924503513, 0.0032162850924503513, 0.0032162850924503513, 0.0032162850924503513, 0.0032162850924503513, 0.0032162850924503513, 0.0032162850924503513, 0.0032162850924503513, 0.0032162850924503513, 0.0032162850924503513, 0.0032162850924503513, 0.0032162850924503513, 0.0033063945466261556, 0.003376751246330093, 0.003376751246330093, 0.003376751246330093, 0.003376751246330093, 0.003376751246330093, 0.003376751246330093, 0.003404918411321349, 0.003404918411321349, 0.003404918411321349, 0.003404918411321349, 0.003404918411321349, 0.003636549160387959, 0.003636549160387959, 0.003636549160387959, 0.003636549160387959, 0.003636549160387959, 0.003636549160387959, 0.003636549160387959, 0.0038504704191799203, 0.0038504704191799203, 0.0038504704191799203, 0.0038504704191799203, 0.0038504704191799203, 0.0038504704191799203, 0.0038504704191799203, 0.0038504704191799203, 0.0038504704191799203, 0.0038504704191799203, 0.0038504704191799203, 0.0038504704191799203, 0.0038504704191799203, 0.0038504704191799203, 0.0038504704191799203, 0.0038504704191799203, 0.0038504704191799203, 0.0038504704191799203, 0.0038504704191799203, 0.0038504704191799203, 0.0038504704191799203, 0.0038504704191799203, 0.0038504704191799203, 0.0038504704191799203, 0.0038504704191799203, 0.0038504704191799203, 0.0038504704191799203, 0.0038504704191799203, 0.0038504704191799203, 0.0038504704191799203, 0.0038504704191799203, 0.0038504704191799203, 0.0038504704191799203, 0.0038504704191799203, 0.0038504704191799203, 0.0038504704191799203, 0.0038504704191799203, 0.0038504704191799203, 0.0038504704191799203, 0.0038504704191799203, 0.0038504704191799203, 0.0038504704191799203, 0.0038504704191799203, 0.0038504704191799203, 0.003863803772429021, 0.003863803772429021, 0.003863803772429021, 0.003863803772429021, 0.003863803772429021, 0.003863803772429021, 0.003863803772429021, 0.003863803772429021, 0.003863803772429021, 0.003863803772429021, 0.003873299495209716, 0.003873299495209716, 0.003873299495209716, 0.003873299495209716, 0.003873299495209716, 0.003873299495209716, 0.003873299495209716, 0.003873299495209716, 0.003873299495209716, 0.003873299495209716, 0.003873299495209716, 0.003873299495209716, 0.003873299495209716, 0.003873299495209716, 0.003873299495209716, 0.003873299495209716, 0.003878985771080489, 0.003878985771080489, 0.003878985771080489, 0.003878985771080489, 0.003878985771080489, 0.003878985771080489, 0.003878985771080489, 0.003878985771080489, 0.0038808793449160357, 0.0038808793449160357, 0.0038808793449160357, 0.0038808793449160357, 0.0038808793449160357, 0.0038808793449160357, 0.0038808793449160357, 0.004063978145530182, 0.004063978145530182, 0.004063978145530182, 0.004063978145530182, 0.0042357082630648584, 0.0042357082630648584, 0.0042357082630648584, 0.0042357082630648584, 0.0042357082630648584, 0.0042357082630648584, 0.0042357082630648584, 0.0042357082630648584, 0.0042357082630648584, 0.0042357082630648584, 0.0042357082630648584, 0.0042357082630648584, 0.0043974018303019405, 0.0043974018303019405, 0.0043974018303019405, 0.0043974018303019405, 0.0043974018303019405, 0.0043974018303019405, 0.0043974018303019405, 0.0043974018303019405, 0.0043974018303019405, 0.0043974018303019405, 0.0043974018303019405, 0.0043974018303019405, 0.0043974018303019405, 0.0043974018303019405, 0.0043974018303019405, 0.0043974018303019405, 0.0043974018303019405, 0.0043974018303019405, 0.0043974018303019405, 0.0043974018303019405, 0.0043974018303019405, 0.0043974018303019405, 0.0043974018303019405, 0.0043974018303019405, 0.0043974018303019405, 0.0043974018303019405, 0.0043974018303019405, 0.0043974018303019405, 0.0043974018303019405, 0.0043974018303019405, 0.0043974018303019405, 0.0043974018303019405, 0.0043974018303019405, 0.0043974018303019405, 0.0043974018303019405, 0.0043974018303019405, 0.0043974018303019405, 0.0043974018303019405, 0.0043974018303019405, 0.0043974018303019405, 0.0043974018303019405, 0.0043974018303019405, 0.0043974018303019405, 0.0043974018303019405, 0.0043974018303019405, 0.0043974018303019405, 0.0043974018303019405, 0.0043974018303019405, 0.004550128950852684, 0.004550128950852684, 0.004550128950852684, 0.004550128950852684, 0.004550128950852684, 0.004550128950852684, 0.004550128950852684, 0.004535573676110727, 0.004535573676110727, 0.004535573676110727, 0.004657055213899243, 0.004657055213899243, 0.004657055213899243, 0.004657055213899243, 0.004657055213899243, 0.004657055213899243, 0.004657055213899243, 0.004763123653525648, 0.004763123653525648, 0.004763123653525648, 0.004763123653525648, 0.004763123653525648, 0.004763123653525648, 0.004763123653525648, 0.004763123653525648, 0.004763123653525648, 0.004763123653525648, 0.004763123653525648, 0.004886466107567734, 0.004886466107567734, 0.004886466107567734, 0.004886466107567734, 0.004886466107567734, 0.004854789345773588, 0.004854789345773588, 0.004854789345773588, 0.004854789345773588, 0.004854789345773588, 0.004854789345773588, 0.004854789345773588, 0.004854789345773588, 0.004854789345773588, 0.004854789345773588, 0.004854789345773588, 0.004854789345773588, 0.004854789345773588, 0.004854789345773588, 0.004854789345773588, 0.004854789345773588, 0.004854789345773588, 0.004854789345773588, 0.004854789345773588, 0.004854789345773588, 0.004854789345773588, 0.004854789345773588, 0.004854789345773588, 0.004854789345773588, 0.004854789345773588, 0.004854789345773588, 0.004854789345773588, 0.004854789345773588, 0.004854789345773588, 0.004854789345773588, 0.004854789345773588, 0.004854789345773588, 0.004854789345773588, 0.004854789345773588, 0.004854789345773588, 0.004854789345773588, 0.004854789345773588, 0.004854789345773588, 0.004854789345773588, 0.004854789345773588, 0.004854789345773588, 0.004854789345773588, 0.004854789345773588, 0.004854789345773588, 0.004854789345773588, 0.004854789345773588, 0.004854789345773588, 0.004854789345773588, 0.004854789345773588, 0.004854789345773588, 0.004854789345773588, 0.004854789345773588, 0.004854789345773588, 0.004819856886688988, 0.004819856886688988, 0.004819856886688988, 0.004819856886688988, 0.004819856886688988, 0.004819856886688988, 0.004819856886688988, 0.004819856886688988, 0.004819856886688988, 0.004819856886688988, 0.004819856886688988, 0.004819856886688988, 0.004819856886688988, 0.004819856886688988, 0.004819856886688988, 0.004819856886688988, 0.004819856886688988, 0.004819856886688988, 0.004819856886688988, 0.004819856886688988, 0.004819856886688988, 0.004819856886688988, 0.004819856886688988, 0.005079611105152818, 0.005079611105152818, 0.005079611105152818, 0.005079611105152818, 0.005079611105152818, 0.005079611105152818, 0.005079611105152818, 0.005079611105152818, 0.005079611105152818, 0.005079611105152818, 0.005079611105152818, 0.005079611105152818, 0.005079611105152818, 0.005079611105152818, 0.005079611105152818, 0.005079611105152818, 0.005079611105152818, 0.005079611105152818, 0.005079611105152818, 0.005079611105152818, 0.005079611105152818, 0.005079611105152818, 0.005079611105152818, 0.005079611105152818, 0.005079611105152818, 0.005079611105152818, 0.005079611105152818, 0.005079611105152818, 0.005079611105152818, 0.005079611105152818, 0.005079611105152818, 0.005079611105152818, 0.005079611105152818, 0.005079611105152818, 0.005079611105152818, 0.005079611105152818, 0.005079611105152818, 0.005079611105152818, 0.005079611105152818, 0.005079611105152818, 0.005079611105152818, 0.005079611105152818, 0.005079611105152818, 0.005079611105152818, 0.005079611105152818, 0.005079611105152818, 0.005079611105152818, 0.005079611105152818, 0.005079611105152818, 0.005184120180012837, 0.005184120180012837, 0.005283783431116265, 0.005283783431116265, 0.005283783431116265, 0.005283783431116265, 0.005283783431116265, 0.005283783431116265, 0.005283783431116265, 0.005283783431116265, 0.005283783431116265, 0.005283783431116265, 0.005283783431116265, 0.005283783431116265, 0.005283783431116265, 0.005283783431116265, 0.005283783431116265, 0.005283783431116265, 0.005283783431116265, 0.005283783431116265, 0.005283783431116265, 0.005283783431116265, 0.005283783431116265, 0.005283783431116265, 0.005283783431116265, 0.005283783431116265, 0.005283783431116265, 0.005283783431116265, 0.005283783431116265, 0.005283783431116265, 0.005283783431116265, 0.005283783431116265, 0.005283783431116265, 0.005283783431116265, 0.005283783431116265, 0.005283783431116265, 0.005283783431116265, 0.005283783431116265, 0.005283783431116265, 0.005283783431116265, 0.005283783431116265, 0.005283783431116265, 0.005283783431116265, 0.005283783431116265, 0.005283783431116265, 0.005283783431116265, 0.005283783431116265, 0.005283783431116265, 0.005283783431116265, 0.005283783431116265, 0.005283783431116265, 0.005283783431116265, 0.005283783431116265, 0.005283783431116265, 0.005283783431116265, 0.005283783431116265, 0.005240501611759808, 0.005240501611759808, 0.005240501611759808, 0.005240501611759808, 0.005240501611759808, 0.005240501611759808, 0.005240501611759808, 0.005240501611759808, 0.005240501611759808, 0.005240501611759808, 0.005240501611759808, 0.005240501611759808, 0.005240501611759808, 0.005240501611759808, 0.005240501611759808, 0.005240501611759808, 0.005240501611759808, 0.005240501611759808, 0.005240501611759808, 0.005240501611759808, 0.005240501611759808, 0.005240501611759808, 0.005333605435235673, 0.005333605435235673, 0.005333605435235673, 0.005333605435235673, 0.005333605435235673, 0.005333605435235673, 0.005333605435235673, 0.005333605435235673, 0.005333605435235673, 0.005333605435235673, 0.005333605435235673, 0.005333605435235673, 0.005333605435235673, 0.005333605435235673, 0.005333605435235673, 0.005333605435235673, 0.005333605435235673, 0.005333605435235673, 0.005333605435235673, 0.005333605435235673, 0.005333605435235673, 0.005333605435235673, 0.005333605435235673, 0.005333605435235673, 0.005333605435235673, 0.005333605435235673, 0.005333605435235673, 0.005333605435235673, 0.005333605435235673, 0.005333605435235673, 0.005333605435235673, 0.005333605435235673, 0.005333605435235673, 0.005333605435235673, 0.005333605435235673, 0.005333605435235673, 0.005333605435235673, 0.005333605435235673, 0.005333605435235673, 0.005333605435235673, 0.005333605435235673, 0.005333605435235673, 0.005333605435235673, 0.005333605435235673, 0.005333605435235673, 0.005333605435235673, 0.005333605435235673, 0.005333605435235673, 0.005556243041362921, 0.005556243041362921, 0.005556243041362921, 0.005556243041362921, 0.005556243041362921, 0.005556243041362921, 0.005556243041362921, 0.005556243041362921, 0.005556243041362921, 0.005556243041362921, 0.005556243041362921, 0.005556243041362921, 0.005556243041362921, 0.005507101167157375, 0.005587887775887985, 0.005587887775887985, 0.005587887775887985, 0.005587887775887985, 0.005587887775887985, 0.005587887775887985, 0.005587887775887985, 0.005587887775887985, 0.005587887775887985, 0.005587887775887985, 0.005587887775887985, 0.005587887775887985, 0.005587887775887985, 0.005587887775887985, 0.005587887775887985, 0.005587887775887985, 0.005587887775887985, 0.005587887775887985, 0.005587887775887985, 0.005587887775887985, 0.005587887775887985, 0.005587887775887985, 0.005587887775887985, 0.005587887775887985, 0.005793169799559703, 0.005793169799559703, 0.005865012135276343, 0.005865012135276343, 0.005865012135276343, 0.005865012135276343, 0.005865012135276343, 0.005865012135276343, 0.005865012135276343, 0.005865012135276343, 0.005865012135276343, 0.005865012135276343, 0.005865012135276343, 0.005865012135276343, 0.005865012135276343, 0.005865012135276343, 0.005865012135276343, 0.005865012135276343, 0.0058083683472333995, 0.0058083683472333995, 0.0058083683472333995, 0.005998775385230637, 0.005998775385230637, 0.005998775385230637, 0.005998775385230637, 0.005998775385230637, 0.005998775385230637, 0.005998775385230637, 0.005998775385230637, 0.005998775385230637, 0.005998775385230637, 0.005938459911664722, 0.005938459911664722, 0.005938459911664722, 0.005938459911664722, 0.005998775385230637, 0.005998775385230637, 0.005998775385230637, 0.005998775385230637, 0.005998775385230637, 0.005998775385230637, 0.005998775385230637, 0.005933509131386325, 0.005933509131386325, 0.005933509131386325, 0.005933509131386325, 0.005933509131386325, 0.005933509131386325, 0.005933509131386325, 0.005933509131386325, 0.005933509131386325, 0.005933509131386325, 0.005933509131386325, 0.005933509131386325, 0.005933509131386325, 0.005933509131386325, 0.005933509131386325, 0.005933509131386325, 0.005933509131386325, 0.005933509131386325, 0.005933509131386325, 0.005933509131386325, 0.005933509131386325, 0.005933509131386325, 0.005933509131386325, 0.005933509131386325, 0.005865012135276343, 0.005865012135276343, 0.005865012135276343, 0.005865012135276343, 0.005865012135276343, 0.005865012135276343, 0.005865012135276343, 0.005865012135276343, 0.005865012135276343, 0.005865012135276343, 0.005865012135276343, 0.005865012135276343, 0.005865012135276343, 0.005865012135276343, 0.005865012135276343, 0.005865012135276343, 0.005793169799559703, 0.005793169799559703, 0.005793169799559703, 0.005793169799559703, 0.005793169799559703, 0.005793169799559703, 0.005793169799559703, 0.005793169799559703, 0.005793169799559703, 0.005793169799559703, 0.005793169799559703, 0.005793169799559703, 0.005793169799559703, 0.005969309261650337, 0.005969309261650337, 0.005969309261650337, 0.005969309261650337, 0.005969309261650337, 0.005969309261650337, 0.005969309261650337, 0.006017118437068884, 0.006017118437068884, 0.006017118437068884, 0.006017118437068884, 0.006017118437068884, 0.00606212732917266, 0.00606212732917266, 0.00606212732917266, 0.00606212732917266, 0.00606212732917266, 0.00606212732917266, 0.00606212732917266, 0.00606212732917266, 0.00606212732917266, 0.0061043978793479505, 0.0061043978793479505, 0.0061043978793479505, 0.0061043978793479505, 0.0061043978793479505, 0.0061043978793479505, 0.0061043978793479505, 0.0061043978793479505, 0.0061043978793479505, 0.0061043978793479505, 0.0061043978793479505, 0.0061043978793479505, 0.0061043978793479505, 0.0061043978793479505, 0.0061043978793479505, 0.0061043978793479505, 0.0061043978793479505, 0.0061043978793479505, 0.0061043978793479505, 0.0061043978793479505, 0.0061043978793479505, 0.0061043978793479505, 0.0061043978793479505, 0.0061043978793479505, 0.0061043978793479505, 0.0061043978793479505, 0.0061043978793479505, 0.0061043978793479505, 0.0061043978793479505, 0.0061043978793479505, 0.0061043978793479505, 0.005938459911664722, 0.005938459911664722, 0.005938459911664722, 0.005938459911664722, 0.005938459911664722, 0.005938459911664722, 0.005938459911664722, 0.006215320110954274, 0.006215320110954274, 0.006215320110954274, 0.006128421576589536, 0.006128421576589536, 0.006128421576589536, 0.006128421576589536, 0.006128421576589536, 0.006128421576589536, 0.006128421576589536, 0.006128421576589536, 0.006128421576589536, 0.006128421576589536, 0.006128421576589536, 0.006128421576589536, 0.006128421576589536, 0.006128421576589536, 0.006128421576589536, 0.006128421576589536, 0.006128421576589536, 0.0063924700601088276, 0.0063924700601088276, 0.0063924700601088276, 0.0064188497920625335, 0.0064188497920625335, 0.0064188497920625335, 0.0064188497920625335, 0.0064188497920625335, 0.0064188497920625335, 0.0064188497920625335, 0.0064188497920625335, 0.0064188497920625335, 0.0064188497920625335, 0.0064188497920625335, 0.0064188497920625335, 0.0064188497920625335, 0.0064188497920625335, 0.0064188497920625335, 0.0064188497920625335, 0.0064188497920625335, 0.0064188497920625335, 0.0064188497920625335, 0.0064188497920625335, 0.0064188497920625335, 0.0064188497920625335, 0.0064188497920625335, 0.0064188497920625335, 0.0064188497920625335, 0.0064188497920625335, 0.0064188497920625335, 0.0064188497920625335, 0.0064188497920625335, 0.0064188497920625335, 0.0064188497920625335, 0.0064188497920625335, 0.0064188497920625335, 0.006555882231762151, 0.006555882231762151, 0.006555882231762151, 0.006687911726787826, 0.006687911726787826, 0.006687911726787826, 0.006687911726787826, 0.006687911726787826, 0.006687911726787826, 0.006687911726787826, 0.006687911726787826, 0.006687911726787826, 0.006687911726787826, 0.006687911726787826, 0.006687911726787826, 0.006687911726787826, 0.006687911726787826, 0.006687911726787826, 0.006687911726787826, 0.006815229045217447, 0.006815229045217447, 0.006815229045217447, 0.006815229045217447, 0.006831380175487295, 0.007056737987229522, 0.007056737987229522, 0.007056737987229522, 0.007056737987229522, 0.007056737987229522, 0.007056737987229522, 0.007056737987229522, 0.007056737987229522, 0.007056737987229522, 0.007056737987229522, 0.007068181072487418, 0.007068181072487418, 0.007068181072487418, 0.007068181072487418, 0.007068181072487418, 0.007068181072487418, 0.007068181072487418, 0.007068181072487418, 0.007068181072487418, 0.007068181072487418, 0.007068181072487418, 0.007068181072487418, 0.007068181072487418, 0.007068181072487418, 0.007068181072487418, 0.007068181072487418, 0.007068181072487418, 0.007068181072487418, 0.007068181072487418, 0.007068181072487418, 0.007068181072487418, 0.007180586071243113, 0.007180586071243113, 0.007180586071243113, 0.007180586071243113, 0.007180586071243113, 0.007180586071243113, 0.007180586071243113, 0.007180586071243113, 0.007180586071243113, 0.007180586071243113, 0.007180586071243113, 0.007180586071243113, 0.007180586071243113, 0.007180586071243113, 0.007180586071243113, 0.007180586071243113, 0.007180586071243113, 0.007180586071243113, 0.007180586071243113, 0.007180586071243113, 0.007180586071243113, 0.007180586071243113, 0.007180586071243113, 0.007180586071243113, 0.007180586071243113, 0.007180586071243113, 0.007180586071243113, 0.007180586071243113, 0.007180586071243113, 0.007180586071243113, 0.007180586071243113, 0.007180586071243113, 0.007180586071243113, 0.007180586071243113, 0.007180586071243113, 0.007180586071243113, 0.007180586071243113, 0.007180586071243113, 0.007180586071243113, 0.007180586071243113, 0.007180586071243113, 0.007180586071243113, 0.007180586071243113, 0.007180586071243113, 0.007180586071243113, 0.007180586071243113, 0.007180586071243113, 0.007180586071243113, 0.007084792566778911, 0.007084792566778911, 0.007084792566778911, 0.007084792566778911, 0.007084792566778911, 0.007084792566778911, 0.007084792566778911, 0.007084792566778911, 0.007084792566778911, 0.007084792566778911, 0.007084792566778911, 0.007084792566778911, 0.007084792566778911, 0.007084792566778911, 0.007084792566778911, 0.007084792566778911, 0.007089975677112074, 0.007089975677112074, 0.007089975677112074, 0.007089975677112074, 0.007089975677112074, 0.007089975677112074, 0.007089975677112074, 0.007089975677112074, 0.007089975677112074, 0.007089975677112074, 0.007089975677112074, 0.0070930837253407545, 0.0070930837253407545, 0.0070930837253407545, 0.0070930837253407545, 0.0070930837253407545, 0.0070930837253407545, 0.0070930837253407545, 0.0070930837253407545, 0.0070930837253407545, 0.0070930837253407545, 0.0070930837253407545, 0.0070930837253407545, 0.0070930837253407545, 0.0070930837253407545, 0.0070930837253407545, 0.0070930837253407545, 0.0070930837253407545, 0.0070930837253407545, 0.0070930837253407545, 0.0070930837253407545, 0.0070930837253407545, 0.0070930837253407545, 0.0070930837253407545, 0.0070930837253407545, 0.0070930837253407545, 0.0070930837253407545, 0.0070930837253407545, 0.007094119438820079, 0.007094119438820079, 0.007094119438820079, 0.007094119438820079, 0.007094119438820079, 0.007094119438820079, 0.007094119438820079, 0.007094119438820079, 0.007094119438820079, 0.007094119438820079, 0.007094119438820079, 0.007094119438820079, 0.007094119438820079, 0.007094119438820079, 0.007094119438820079, 0.007094119438820079, 0.007094119438820079, 0.007094119438820079, 0.007094119438820079, 0.007094119438820079, 0.007094119438820079, 0.007094119438820079, 0.007094119438820079, 0.007094119438820079, 0.007094119438820079, 0.007094119438820079, 0.007094119438820079, 0.007094119438820079, 0.007094119438820079, 0.007094119438820079, 0.007094119438820079, 0.0071959172097652655, 0.0071959172097652655, 0.0071959172097652655, 0.0071959172097652655, 0.0071959172097652655, 0.0071959172097652655, 0.0071959172097652655, 0.0071959172097652655, 0.007294280678191984, 0.007294280678191984, 0.007294280678191984, 0.007389346992772218, 0.007389346992772218, 0.007389346992772218, 0.007389346992772218, 0.007389346992772218, 0.007389346992772218, 0.007389346992772218, 0.007389346992772218, 0.007389346992772218, 0.007389346992772218, 0.007389346992772218, 0.007389346992772218, 0.007389346992772218, 0.007389346992772218, 0.007389346992772218, 0.007389346992772218, 0.007389346992772218, 0.00728218401866038, 0.00728218401866038, 0.00728218401866038, 0.00728218401866038, 0.00728218401866038, 0.00728218401866038, 0.00728218401866038, 0.00728218401866038, 0.00728218401866038, 0.00728218401866038, 0.00728218401866038, 0.00728218401866038, 0.00728218401866038, 0.00728218401866038, 0.00728218401866038, 0.007373421657465108, 0.007373421657465108, 0.007373421657465108, 0.007373421657465108, 0.007373421657465108, 0.007373421657465108, 0.007373421657465108, 0.007373421657465108, 0.007373421657465108, 0.007373421657465108, 0.007373421657465108, 0.007373421657465108, 0.007373421657465108, 0.007373421657465108, 0.007373421657465108, 0.00755939744926263, 0.00755939744926263, 0.00755939744926263, 0.00755939744926263, 0.00755939744926263, 0.00755939744926263, 0.00755939744926263, 0.00755939744926263, 0.00755939744926263, 0.00755939744926263, 0.00755939744926263, 0.00755939744926263, 0.00755939744926263, 0.00755939744926263, 0.00755939744926263, 0.00755939744926263, 0.00755939744926263, 0.00755939744926263, 0.00755939744926263, 0.00755939744926263, 0.00755939744926263, 0.00755939744926263, 0.00755939744926263, 0.00755939744926263, 0.00755939744926263, 0.00755939744926263, 0.00755939744926263, 0.00755939744926263, 0.00755939744926263, 0.00755939744926263, 0.00755939744926263, 0.00755939744926263, 0.00755939744926263, 0.00755939744926263, 0.00755939744926263, 0.00755939744926263, 0.00755939744926263, 0.00755939744926263, 0.00755939744926263, 0.00755939744926263, 0.00755939744926263, 0.00755939744926263, 0.00755939744926263, 0.00755939744926263, 0.00755939744926263, 0.00755939744926263, 0.00755939744926263, 0.00755939744926263, 0.00755939744926263, 0.00755939744926263, 0.007643484620437012, 0.007643484620437012, 0.007643484620437012, 0.007643484620437012, 0.007643484620437012, 0.007643484620437012, 0.007643484620437012, 0.007643484620437012, 0.007643484620437012, 0.007643484620437012, 0.007643484620437012, 0.007643484620437012, 0.007643484620437012, 0.007643484620437012, 0.007643484620437012, 0.007643484620437012, 0.007643484620437012, 0.007643484620437012, 0.007643484620437012, 0.007643484620437012, 0.007643484620437012, 0.007643484620437012, 0.007643484620437012, 0.007643484620437012, 0.007643484620437012, 0.007643484620437012, 0.007643484620437012, 0.007643484620437012, 0.007643484620437012, 0.007643484620437012, 0.007643484620437012, 0.007643484620437012, 0.007643484620437012, 0.007643484620437012, 0.007643484620437012, 0.007643484620437012, 0.007643484620437012, 0.007643484620437012, 0.007643484620437012, 0.007643484620437012, 0.007643484620437012, 0.007643484620437012, 0.007912686790521786, 0.007912686790521786, 0.007912686790521786, 0.007912686790521786, 0.007912686790521786, 0.007912686790521786, 0.007912686790521786, 0.007912686790521786, 0.007912686790521786, 0.007912686790521786, 0.007912686790521786, 0.007912686790521786, 0.007912686790521786, 0.007912686790521786, 0.007912686790521786, 0.007912686790521786, 0.007912686790521786, 0.007912686790521786, 0.007912686790521786, 0.007912686790521786, 0.007912686790521786, 0.007912686790521786, 0.007912686790521786, 0.007912686790521786, 0.007912686790521786, 0.007912686790521786, 0.007912686790521786, 0.007912686790521786, 0.007912686790521786, 0.007912686790521786, 0.007912686790521786, 0.007912686790521786, 0.007912686790521786, 0.007912686790521786, 0.007912686790521786, 0.007912686790521786, 0.007912686790521786, 0.007912686790521786, 0.007912686790521786, 0.007912686790521786, 0.007912686790521786, 0.007912686790521786, 0.007912686790521786, 0.007912686790521786, 0.007912686790521786, 0.007912686790521786, 0.007912686790521786, 0.007912686790521786, 0.007912686790521786, 0.007912686790521786, 0.007912686790521786, 0.007912686790521786, 0.007912686790521786, 0.007912686790521786, 0.007912686790521786, 0.007912686790521786, 0.007912686790521786, 0.007912686790521786, 0.007912686790521786, 0.007912686790521786, 0.007912686790521786, 0.007912686790521786, 0.007912686790521786, 0.007912686790521786, 0.007912686790521786, 0.007912686790521786, 0.007912686790521786, 0.007912686790521786, 0.007912686790521786, 0.007912686790521786, 0.007912686790521786, 0.007912686790521786, 0.007912686790521786, 0.007912686790521786, 0.007912686790521786, 0.007912686790521786, 0.007912686790521786, 0.007912686790521786, 0.007912686790521786, 0.007912686790521786, 0.007912686790521786, 0.007912686790521786, 0.007912686790521786, 0.007912686790521786, 0.007912686790521786, 0.007912686790521786, 0.007912686790521786, 0.007912686790521786, 0.007912686790521786, 0.008080816285297835, 0.008080816285297835, 0.008080816285297835, 0.008080816285297835, 0.008080816285297835, 0.008080816285297835, 0.008080816285297835, 0.00831384387633061, 0.00831384387633061, 0.00831384387633061, 0.00831384387633061, 0.00831384387633061, 0.00831384387633061, 0.00831384387633061, 0.00831384387633061, 0.00831384387633061, 0.00831384387633061, 0.00831384387633061, 0.00831384387633061, 0.00831384387633061, 0.00831384387633061, 0.00831384387633061, 0.00831384387633061, 0.00831384387633061, 0.00831384387633061, 0.00831384387633061, 0.00831384387633061, 0.00831384387633061, 0.00831384387633061, 0.00831384387633061, 0.00831384387633061, 0.00831384387633061, 0.00831384387633061, 0.00831384387633061, 0.008468814340067363, 0.008468814340067363, 0.008468814340067363, 0.008468814340067363, 0.008704115845567614, 0.008704115845567614, 0.008704115845567614, 0.008704115845567614, 0.008704115845567614, 0.008704115845567614, 0.008704115845567614, 0.008704115845567614, 0.008704115845567614, 0.008704115845567614, 0.008704115845567614, 0.008704115845567614, 0.008704115845567614, 0.008704115845567614, 0.008848936290277366, 0.008848936290277366, 0.008848936290277366, 0.00915178135888398, 0.00915178135888398, 0.00915178135888398, 0.009286461508396984, 0.009286461508396984, 0.009286461508396984, 0.009286461508396984, 0.009286461508396984, 0.009286461508396984, 0.009286461508396984, 0.009286461508396984, 0.009286461508396984, 0.009286461508396984, 0.009286461508396984, 0.009286461508396984, 0.009286461508396984, 0.009286461508396984, 0.009286461508396984, 0.009286461508396984, 0.009286461508396984, 0.009286461508396984, 0.009286461508396984, 0.009286461508396984, 0.009260316916161946, 0.009260316916161946, 0.009260316916161946, 0.009260316916161946, 0.009260316916161946, 0.009260316916161946, 0.009260316916161946, 0.009260316916161946, 0.009260316916161946, 0.009260316916161946, 0.009260316916161946, 0.009260316916161946, 0.009260316916161946, 0.009260316916161946, 0.009260316916161946, 0.009260316916161946, 0.009260316916161946, 0.009260316916161946, 0.009260316916161946, 0.009260316916161946, 0.009260316916161946, 0.009260316916161946, 0.009260316916161946, 0.009260316916161946, 0.009260316916161946, 0.009260316916161946, 0.009260316916161946, 0.009260316916161946, 0.009260316916161946, 0.009260316916161946, 0.009260316916161946, 0.009260316916161946, 0.009260316916161946, 0.009260316916161946, 0.009260316916161946, 0.009260316916161946, 0.009260316916161946, 0.009260316916161946, 0.009260316916161946, 0.009260316916161946, 0.009260316916161946, 0.009260316916161946, 0.009260316916161946, 0.009260316916161946, 0.009260316916161946, 0.009260316916161946, 0.009260316916161946, 0.009260316916161946, 0.009260316916161946, 0.009260316916161946, 0.009260316916161946, 0.009260316916161946, 0.009260316916161946, 0.009260316916161946, 0.009260316916161946, 0.009260316916161946, 0.009260316916161946, 0.009260316916161946, 0.009260316916161946, 0.009260316916161946, 0.009260316916161946, 0.009260316916161946, 0.009260316916161946, 0.009260316916161946, 0.009260316916161946, 0.009260316916161946, 0.009260316916161946, 0.009260316916161946, 0.009260316916161946, 0.009260316916161946, 0.009260316916161946, 0.009260316916161946, 0.009232506900808112, 0.009232506900808112, 0.009232506900808112, 0.009232506900808112, 0.009232506900808112, 0.009232506900808112, 0.009232506900808112, 0.009232506900808112, 0.009232506900808112, 0.009232506900808112, 0.009232506900808112, 0.009232506900808112, 0.009232506900808112, 0.009232506900808112, 0.009232506900808112, 0.009232506900808112, 0.009232506900808112, 0.009232506900808112, 0.009232506900808112, 0.009232506900808112, 0.009232506900808112, 0.009232506900808112, 0.009232506900808112, 0.009232506900808112, 0.009232506900808112, 0.009232506900808112, 0.009232506900808112, 0.009232506900808112, 0.009232506900808112, 0.009232506900808112, 0.009232506900808112, 0.009232506900808112, 0.009232506900808112, 0.009232506900808112, 0.009232506900808112, 0.009232506900808112, 0.009232506900808112, 0.009232506900808112, 0.009232506900808112, 0.009232506900808112, 0.009282504939895462, 0.009282504939895462, 0.009282504939895462, 0.009282504939895462, 0.009282504939895462, 0.009282504939895462, 0.009282504939895462, 0.009282504939895462, 0.009282504939895462, 0.009282504939895462, 0.009282504939895462, 0.009282504939895462, 0.009282504939895462, 0.009282504939895462, 0.009282504939895462, 0.009282504939895462, 0.009282504939895462, 0.009282504939895462, 0.009282504939895462, 0.009282504939895462, 0.009486832980505138, 0.009486832980505138, 0.009486832980505138, 0.009486832980505138, 0.009486832980505138, 0.009486832980505138, 0.009486832980505138, 0.009486832980505138, 0.009486832980505138, 0.009486832980505138, 0.009486832980505138, 0.009377001827093034, 0.009377001827093034, 0.009377001827093034, 0.009377001827093034, 0.009377001827093034, 0.009377001827093034, 0.009377001827093034, 0.009499215864523573, 0.009499215864523573, 0.009499215864523573, 0.009499215864523573, 0.009499215864523573, 0.009499215864523573, 0.009499215864523573, 0.009499215864523573, 0.009499215864523573, 0.009499215864523573, 0.009499215864523573, 0.009499215864523573, 0.009499215864523573, 0.009499215864523573, 0.009618349809672367, 0.009618349809672367, 0.009618349809672367, 0.009618349809672367, 0.009618349809672367, 0.009618349809672367, 0.009618349809672367, 0.009618349809672367, 0.009618349809672367, 0.009618349809672367, 0.009618349809672367, 0.009734516748484776, 0.009734516748484776, 0.009734516748484776, 0.009734516748484776, 0.009734516748484776, 0.009734516748484776, 0.009734516748484776, 0.009734516748484776, 0.009734516748484776, 0.009734516748484776, 0.009734516748484776, 0.009734516748484776, 0.009734516748484776, 0.009734516748484776, 0.009734516748484776, 0.009734516748484776, 0.009734516748484776, 0.009734516748484776, 0.009772932215135468, 0.009772932215135468, 0.009772932215135468, 0.009772932215135468, 0.009772932215135468, 0.009772932215135468, 0.009772932215135468, 0.009772932215135468, 0.009772932215135468, 0.009772932215135468, 0.009772932215135468, 0.009772932215135468, 0.009772932215135468, 0.009772932215135468, 0.009772932215135468, 0.009772932215135468, 0.009772932215135468, 0.009772932215135468, 0.009772932215135468, 0.009734516748484776, 0.009734516748484776, 0.009734516748484776, 0.009734516748484776, 0.009734516748484776, 0.009734516748484776, 0.009734516748484776, 0.009734516748484776, 0.009734516748484776, 0.009734516748484776, 0.009734516748484776, 0.009734516748484776, 0.009734516748484776, 0.009734516748484776, 0.009734516748484776, 0.009734516748484776, 0.009734516748484776, 0.009734516748484776, 0.009734516748484776, 0.009734516748484776, 0.009734516748484776, 0.009734516748484776, 0.009734516748484776, 0.009734516748484776, 0.009618349809672367, 0.009618349809672367, 0.00965266168220043, 0.00965266168220043, 0.00965266168220043, 0.00965266168220043, 0.00965266168220043, 0.00965266168220043, 0.00965266168220043, 0.009760896579762349, 0.009760896579762349, 0.009760896579762349, 0.009760896579762349, 0.009760896579762349, 0.009760896579762349, 0.009760896579762349, 0.009760896579762349, 0.009760896579762349, 0.009791708278967881, 0.009791708278967881, 0.009791708278967881, 0.009791708278967881, 0.009791708278967881, 0.009791708278967881, 0.009791708278967881, 0.009791708278967881, 0.009791708278967881, 0.009791708278967881, 0.009791708278967881, 0.009791708278967881, 0.009791708278967881, 0.009969422639004829, 0.009969422639004829, 0.009969422639004829, 0.009969422639004829, 0.009969422639004829, 0.009969422639004829, 0.009969422639004829, 0.009969422639004829, 0.009969422639004829, 0.009969422639004829, 0.009969422639004829, 0.009969422639004829, 0.009969422639004829, 0.010142575448804602, 0.010142575448804602, 0.010142575448804602, 0.010142575448804602, 0.010142575448804602, 0.010142575448804602, 0.010142575448804602, 0.010142575448804602, 0.010142575448804602, 0.010239897958675253, 0.010191713320544454, 0.010191713320544454, 0.010191713320544454, 0.010191713320544454, 0.010191713320544454, 0.010191713320544454, 0.010191713320544454, 0.010191713320544454, 0.010191713320544454, 0.010214035960982559, 0.010214035960982559, 0.010214035960982559, 0.010214035960982559, 0.010214035960982559, 0.010214035960982559, 0.010214035960982559, 0.010214035960982559, 0.010214035960982559, 0.010214035960982559, 0.010214035960982559, 0.010214035960982559, 0.010214035960982559, 0.010214035960982559, 0.010162837463332889, 0.010162837463332889, 0.010162837463332889, 0.010162837463332889, 0.010162837463332889, 0.010162837463332889, 0.010162837463332889, 0.010162837463332889, 0.010162837463332889, 0.010162837463332889, 0.010162837463332889, 0.010162837463332889, 0.010162837463332889, 0.010162837463332889, 0.010162837463332889, 0.010162837463332889, 0.010162837463332889, 0.010162837463332889, 0.010162837463332889, 0.010162837463332889, 0.010162837463332889, 0.010182337649086284, 0.010182337649086284, 0.010182337649086284, 0.010182337649086284, 0.010182337649086284, 0.010182337649086284, 0.010182337649086284, 0.010182337649086284, 0.010182337649086284, 0.010182337649086284, 0.010182337649086284, 0.010182337649086284, 0.010182337649086284, 0.010182337649086284, 0.010182337649086284, 0.010182337649086284, 0.010182337649086284, 0.010182337649086284, 0.010182337649086284, 0.010182337649086284, 0.010182337649086284, 0.010182337649086284, 0.010182337649086284, 0.010182337649086284, 0.010182337649086284, 0.010182337649086284, 0.010055275800721302, 0.010055275800721302, 0.010055275800721302, 0.010055275800721302, 0.010055275800721302, 0.010055275800721302, 0.010055275800721302, 0.010055275800721302, 0.010055275800721302, 0.010055275800721302, 0.010055275800721302, 0.010055275800721302, 0.010055275800721302, 0.010055275800721302, 0.010055275800721302, 0.010055275800721302, 0.010055275800721302, 0.010055275800721302, 0.010055275800721302, 0.010055275800721302, 0.010055275800721302, 0.010055275800721302, 0.010055275800721302, 0.010055275800721302, 0.010055275800721302, 0.009998857077543557, 0.009998857077543557, 0.009998857077543557, 0.009998857077543557, 0.009998857077543557, 0.009998857077543557, 0.009998857077543557, 0.009998857077543557, 0.009998857077543557, 0.009998857077543557, 0.009998857077543557, 0.009998857077543557, 0.009998857077543557, 0.010014275524755362, 0.010014275524755362, 0.009954672782371183, 0.009954672782371183, 0.009954672782371183, 0.009954672782371183, 0.009954672782371183, 0.009954672782371183, 0.009954672782371183, 0.009954672782371183, 0.009954672782371183, 0.009954672782371183, 0.009954672782371183, 0.009954672782371183, 0.009954672782371183, 0.009954672782371183, 0.009954672782371183, 0.009954672782371183, 0.009954672782371183, 0.009954672782371183, 0.009954672782371183, 0.009954672782371183, 0.009954672782371183, 0.009818682733047488, 0.009818682733047488, 0.009818682733047488, 0.009818682733047488, 0.009818682733047488, 0.009679264603538127, 0.009679264603538127, 0.009679264603538127, 0.009679264603538127, 0.009679264603538127, 0.009679264603538127, 0.009679264603538127, 0.009679264603538127, 0.009679264603538127, 0.009679264603538127, 0.009679264603538127, 0.009679264603538127, 0.009679264603538127, 0.009679264603538127, 0.009679264603538127, 0.009679264603538127, 0.009679264603538127, 0.009679264603538127, 0.009679264603538127, 0.00968912708521616, 0.009544738907708608, 0.009544738907708608, 0.009544738907708608, 0.00970428056192162, 0.00963361461821288, 0.00963361461821288, 0.00963361461821288, 0.00963361461821288, 0.00963361461821288, 0.00963361461821288, 0.00963361461821288, 0.00963361461821288, 0.00963361461821288, 0.00963361461821288, 0.00963361461821288, 0.00963361461821288, 0.00963361461821288, 0.00963361461821288, 0.00963361461821288, 0.00963361461821288, 0.00963361461821288, 0.00956088972036065, 0.00956088972036065, 0.00956088972036065, 0.00956088972036065, 0.00956088972036065, 0.00956088972036065, 0.00956088972036065, 0.00956088972036065, 0.00956088972036065, 0.00956088972036065, 0.00956088972036065, 0.00956088972036065, 0.00956088972036065, 0.00956088972036065, 0.00956088972036065, 0.00956088972036065, 0.00956088972036065, 0.00956088972036065, 0.00956088972036065, 0.00956088972036065, 0.009715630159066116, 0.009715630159066116, 0.009715630159066116, 0.009715630159066116, 0.009715630159066116, 0.009715630159066116, 0.009715630159066116, 0.009715630159066116, 0.009715630159066116, 0.009715630159066116, 0.009715630159066116, 0.009716386327503972, 0.009716386327503972, 0.009716386327503972, 0.009716386327503972, 0.009716386327503972, 0.009716386327503972, 0.009716386327503972, 0.009716386327503972, 0.009716386327503972, 0.009716386327503972, 0.009716386327503972, 0.009716386327503972, 0.009716386327503972, 0.009716386327503972, 0.009716386327503972, 0.009788706528965106, 0.009788706528965106, 0.009788706528965106, 0.009859751207690335, 0.009859751207690335, 0.009859751207690335, 0.010069148678117769, 0.010069148678117769, 0.010069148678117769, 0.010069148678117769, 0.010069148678117769, 0.010069148678117769, 0.010069148678117769, 0.010206120612612005, 0.010206120612612005, 0.010206120612612005, 0.010206120612612005, 0.010206120612612005, 0.010206120612612005, 0.01012445009844576, 0.01012445009844576, 0.01012445009844576, 0.01012445009844576, 0.01012445009844576, 0.01012445009844576, 0.01012445009844576, 0.01012445009844576, 0.01012445009844576, 0.01012445009844576, 0.01012445009844576, 0.01012445009844576, 0.01012445009844576, 0.01012445009844576, 0.01012445009844576, 0.01012445009844576, 0.01012445009844576, 0.01012445009844576, 0.01012445009844576, 0.01012445009844576, 0.01012445009844576, 0.01012445009844576, 0.01012445009844576, 0.01012445009844576, 0.01012445009844576, 0.010040652064360712, 0.010040652064360712, 0.009880593223535699, 0.009880593223535699, 0.009880593223535699, 0.009880593223535699, 0.009880593223535699, 0.009866455228475433, 0.01007206684907546, 0.01007206684907546, 0.01007206684907546, 0.01007206684907546, 0.01020036013769982, 0.01020036013769982, 0.01020036013769982, 0.01020036013769982, 0.01020036013769982, 0.01020036013769982, 0.01020036013769982, 0.01020036013769982, 0.01020036013769982, 0.01020036013769982, 0.01020036013769982, 0.01020036013769982, 0.01020036013769982, 0.01020036013769982, 0.01020036013769982, 0.01020036013769982, 0.01020036013769982, 0.01020036013769982, 0.01020036013769982, 0.01020036013769982, 0.010254237551134752, 0.010254237551134752, 0.010254237551134752, 0.010377448076065164, 0.010377448076065164, 0.010377448076065164, 0.010377448076065164, 0.010356896548795347, 0.010356896548795347, 0.010356896548795347, 0.010405728406674343, 0.010405728406674343, 0.010405728406674343, 0.010405728406674343, 0.010405728406674343, 0.010405728406674343, 0.010405728406674343, 0.010405728406674343, 0.010405728406674343, 0.010405728406674343, 0.010405728406674343, 0.010405728406674343, 0.010405728406674343, 0.010405728406674343, 0.010405728406674343, 0.010405728406674343, 0.010405728406674343, 0.010405728406674343, 0.010405728406674343, 0.010405728406674343, 0.010405728406674343, 0.010405728406674343, 0.010405728406674343, 0.010239897958675253, 0.010239897958675253, 0.010239897958675253, 0.010239897958675253, 0.010239897958675253, 0.010584933458767258, 0.010584933458767258, 0.010584933458767258, 0.010556437246862161, 0.010556437246862161, 0.010556437246862161, 0.010556437246862161, 0.010556437246862161, 0.010556437246862161, 0.010556437246862161, 0.010556437246862161, 0.010526468097716579, 0.010526468097716579, 0.010424774259778816, 0.010424774259778816, 0.010424774259778816, 0.010424774259778816, 0.010424774259778816, 0.010424774259778816, 0.010424774259778816, 0.010424774259778816, 0.010424774259778816, 0.010249220975871528, 0.010249220975871528, 0.010249220975871528, 0.010249220975871528, 0.010249220975871528, 0.010249220975871528, 0.010249220975871528, 0.010249220975871528, 0.010249220975871528, 0.010249220975871528, 0.010249220975871528, 0.010249220975871528, 0.010249220975871528, 0.010249220975871528, 0.010214035960982557, 0.010214035960982557, 0.010214035960982557, 0.010214035960982557, 0.010320654938876066, 0.010320654938876066, 0.010320654938876066, 0.010320654938876066, 0.010320654938876066, 0.010320654938876066, 0.010320654938876066, 0.010320654938876066, 0.010320654938876066, 0.010243484738693017, 0.010243484738693017, 0.010243484738693017, 0.010243484738693017, 0.010243484738693017, 0.010243484738693017, 0.010243484738693017, 0.010202520696937034, 0.010202520696937034, 0.010202520696937034, 0.010202520696937034, 0.010202520696937034, 0.010202520696937034, 0.010202520696937034, 0.010202520696937034, 0.010202520696937034, 0.01030355595443255, 0.01030355595443255, 0.01030355595443255, 0.010331327433133277, 0.010331327433133277, 0.010331327433133277, 0.010331327433133277, 0.010331327433133277, 0.01042829745236978, 0.010452926550463641, 0.010452926550463641, 0.010452926550463641, 0.010452926550463641, 0.010452926550463641, 0.010452926550463641, 0.010405728406674345, 0.010405728406674345, 0.010405728406674345, 0.010587709470737033, 0.010587709470737033, 0.010587709470737033, 0.010879975990369667, 0.010879975990369667, 0.010879975990369667, 0.010879975990369667, 0.010964060025597177, 0.010964060025597177, 0.010964060025597177, 0.010964060025597177, 0.010964060025597177, 0.010964060025597177, 0.010964060025597177, 0.010964060025597177, 0.010964060025597177, 0.010964060025597177, 0.010964060025597177, 0.010964060025597177, 0.010964060025597177, 0.010964060025597177, 0.010964060025597177, 0.010964060025597177, 0.010964060025597177, 0.010964060025597177, 0.010964060025597177, 0.010964060025597177, 0.010964060025597177, 0.010844805019840944, 0.010844805019840944, 0.010844805019840944, 0.010844805019840944, 0.010844805019840944, 0.010859022393702795, 0.010859022393702795, 0.010859022393702795, 0.010859022393702795, 0.010859022393702795, 0.010859022393702795, 0.010859022393702795, 0.010859022393702795, 0.01087186971134258, 0.01087186971134258, 0.01101753704096245, 0.01101753704096245, 0.01101753704096245, 0.01101753704096245, 0.011027535110451696, 0.011027535110451696, 0.011027535110451696, 0.011027535110451696, 0.011027535110451696, 0.010969419458900554, 0.010969419458900554, 0.010969419458900554, 0.010969419458900554, 0.010969419458900554, 0.010969419458900554, 0.010969419458900554, 0.010969419458900554, 0.010969419458900554, 0.010969419458900554, 0.010969419458900554, 0.011043513194335821, 0.010852931514064742, 0.010720112701204713, 0.010720112701204713, 0.010722168528762439, 0.010722168528762439, 0.010722168528762439, 0.010722168528762439, 0.010722168528762439, 0.010722168528762439, 0.010722168528762439, 0.010722168528762439, 0.010722168528762439, 0.010722853717025832, 0.010722853717025832, 0.01058423934201129, 0.01058423934201129, 0.01058423934201129, 0.01058423934201129, 0.01058423934201129, 0.01058423934201129, 0.01058423934201129, 0.01058423934201129, 0.010651358062304944, 0.010651358062304944, 0.010651358062304944, 0.010651358062304944, 0.01085293151406474, 0.01085293151406474, 0.01085293151406474, 0.01085293151406474, 0.01085293151406474, 0.01085293151406474, 0.01085293151406474, 0.01085293151406474, 0.01085293151406474, 0.010848191798918494, 0.010848191798918494, 0.010848191798918494, 0.010848191798918494, 0.010848191798918494, 0.010848191798918494, 0.010848191798918494, 0.010848191798918494, 0.010848191798918494, 0.010848191798918494, 0.010848191798918494, 0.010848191798918494, 0.010848191798918494, 0.011168541826514876, 0.011225626658567932, 0.011225626658567932, 0.011225626658567932, 0.011225626658567932, 0.011225626658567932, 0.011346059281728162, 0.011346059281728162, 0.011346059281728162, 0.01139967776128889, 0.01139967776128889, 0.01139967776128889, 0.01139967776128889, 0.01139967776128889, 0.01139967776128889, 0.01139967776128889, 0.01139967776128889, 0.01139967776128889, 0.01139967776128889, 0.01139967776128889, 0.01139967776128889, 0.01139967776128889, 0.01138742593335979, 0.01138742593335979, 0.01138742593335979, 0.01138742593335979, 0.01138742593335979, 0.01138742593335979, 0.01138742593335979, 0.01124393714181023, 0.01124393714181023, 0.01124393714181023, 0.011228898577567887, 0.011228898577567887, 0.011228898577567887, 0.011342821158633097, 0.011342821158633097, 0.011342821158633097, 0.011342821158633097, 0.011342821158633097, 0.011342821158633097, 0.011342821158633097, 0.011342821158633097, 0.011342821158633097, 0.011342821158633097, 0.011581900023884909, 0.011581900023884909, 0.011581900023884909, 0.011626851399643316, 0.011626851399643316, 0.011626851399643316, 0.011626851399643316, 0.011626851399643316, 0.011626851399643316, 0.011626851399643316, 0.011626851399643316, 0.011626851399643316, 0.011626851399643316, 0.011626851399643316, 0.011626851399643316, 0.011626851399643316, 0.011626851399643316, 0.011626851399643316, 0.011733155533594115, 0.011733155533594115, 0.011733155533594115, 0.011733155533594115, 0.011733155533594115, 0.011733155533594115, 0.011733155533594115, 0.011733155533594115, 0.011733155533594115, 0.011733155533594115, 0.011733155533594115, 0.011733155533594115, 0.011712473727455123, 0.011712473727455123, 0.011627483276571022, 0.011627483276571022, 0.011627483276571022, 0.011627483276571022, 0.011627483276571022, 0.011627483276571022, 0.011627483276571022, 0.011627483276571022, 0.011627483276571022, 0.011627483276571022, 0.011627483276571022, 0.011627483276571022, 0.011627483276571022, 0.011627483276571022, 0.011627483276571022, 0.011627483276571022, 0.011627483276571022, 0.011627483276571022, 0.011627483276571022, 0.011627483276571022, 0.011627483276571022, 0.011627483276571022, 0.011627483276571022, 0.011627483276571022, 0.011627483276571022, 0.011627483276571022, 0.011412560212863933, 0.011412560212863933, 0.011412560212863933, 0.011412560212863933, 0.011412560212863933, 0.011412560212863933, 0.011412560212863933, 0.011412560212863933, 0.011412560212863933, 0.011412560212863933, 0.011412560212863933, 0.011412560212863933, 0.011412560212863933, 0.011412560212863933, 0.011412560212863933, 0.011412560212863933, 0.011412560212863933, 0.011451762185046331, 0.011451762185046331, 0.011489551597793855, 0.011489551597793855, 0.011268087500475284, 0.011238708619257437]","[0.0, 0.0, 0.0, 0.000565685424949238, 0.000565685424949238, 0.000565685424949238, 0.000565685424949238, 0.000565685424949238, 0.0, 0.0, 0.0009595917499283809, 0.0007917946548886297, 0.0007917946548886297, 0.0007917946548886297, 0.0007917946548886297, 0.000565685424949238, 0.0007917946548886297, 0.0007917946548886297, 0.0009595917499283808, 0.0009595917499283808, 0.0009595917499283808, 0.0009595917499283808, 0.0009595917499283808, 0.0009595917499283808, 0.0007917946548886297, 0.0009595917499283808, 0.0014020393310154625, 0.0013130428906372638, 0.0013130428906372638, 0.0013130428906372638, 0.0013130428906372638, 0.0013130428906372638, 0.0013130428906372638, 0.0015417985786550902, 0.0015417985786550902, 0.0015417985786550902, 0.0015417985786550902, 0.001456862718169367, 0.0015417985786550902, 0.0016182631152578625, 0.0016182631152578625, 0.0013130428906372638, 0.0013130428906372638, 0.0013130428906372638, 0.0014020393310154625, 0.0014813121596360826, 0.0014813121596360826, 0.0014813121596360826, 0.0014020393310154625, 0.0013130428906372638, 0.0013130428906372638, 0.0014020393310154625, 0.0012121830534626528, 0.0012121830534626528, 0.0012121830534626528, 0.0010961900624714787, 0.0010961900624714787, 0.0010961900624714787, 0.0010961900624714787, 0.0010961900624714787, 0.0012121830534626528, 0.0013130428906372638, 0.0014020393310154625, 0.0014020393310154625, 0.0014813121596360826, 0.0014813121596360826, 0.0015523517379664143, 0.0014813121596360826, 0.0014813121596360826, 0.0014020393310154625, 0.0014020393310154625, 0.0013130428906372638, 0.0014020393310154625, 0.0014020393310154625, 0.0014020393310154625, 0.0013130428906372638, 0.0013130428906372638, 0.0013130428906372638, 0.0013130428906372638, 0.0013130428906372638, 0.0013130428906372638, 0.0013130428906372638, 0.0013130428906372638, 0.0014020393310154625, 0.0014020393310154625, 0.0014020393310154625, 0.0014020393310154625, 0.0013130428906372638, 0.0013130428906372638, 0.0012121830534626528, 0.0013130428906372638, 0.0013130428906372638, 0.0014020393310154625, 0.0014020393310154625, 0.0014020393310154625, 0.0014020393310154625, 0.0014813121596360826, 0.001750102037841549, 0.001750102037841549, 0.001750102037841549, 0.0018070158058105024, 0.0015523517379664143, 0.0014813121596360826, 0.0014020393310154625, 0.0014020393310154625, 0.0014020393310154625, 0.0014020393310154625, 0.0014020393310154625, 0.0014020393310154625, 0.0014020393310154625, 0.0014020393310154625, 0.0013130428906372638, 0.0013130428906372638, 0.0013130428906372638, 0.0013130428906372638, 0.0013130428906372638, 0.0014020393310154625, 0.0014020393310154625, 0.0014020393310154625, 0.0013130428906372638, 0.0010961900624714787, 0.0010961900624714787, 0.0009595917499283808, 0.0010961900624714787, 0.0012121830534626528, 0.0012121830534626528, 0.0010961900624714787, 0.0010961900624714787, 0.0010961900624714787, 0.0009595917499283808, 0.0010961900624714787, 0.0010961900624714787, 0.0010961900624714787, 0.0009595917499283808, 0.0012121830534626528, 0.0012121830534626528, 0.0012121830534626528, 0.0012121830534626528, 0.0012121830534626528, 0.0012121830534626528, 0.0012121830534626528, 0.0012121830534626528, 0.0012121830534626528, 0.0012121830534626528, 0.0012121830534626528, 0.0012121830534626528, 0.0012121830534626528, 0.0013130428906372638, 0.0012121830534626528, 0.0012121830534626528, 0.0013130428906372638, 0.0013130428906372638, 0.0014813121596360826, 0.0014813121596360826, 0.0014020393310154625, 0.0014020393310154625, 0.0014020393310154625, 0.0014813121596360826, 0.0014813121596360826, 0.0014813121596360826, 0.0014813121596360826, 0.0014020393310154625, 0.0014020393310154625, 0.0014020393310154625, 0.0014020393310154625, 0.0014020393310154625, 0.0014020393310154625, 0.0014020393310154625, 0.0014020393310154625, 0.0014020393310154625, 0.0014020393310154625, 0.0014813121596360826, 0.0014813121596360826, 0.0014813121596360826, 0.0014813121596360826, 0.0012121830534626528, 0.0013130428906372638, 0.0013130428906372638, 0.0014020393310154625, 0.0014020393310154625, 0.0012121830534626528, 0.0009595917499283808, 0.0009595917499283808, 0.0010961900624714787, 0.0010961900624714787, 0.0010961900624714787, 0.0010961900624714787, 0.0010961900624714787, 0.0009595917499283808, 0.0009595917499283808, 0.0012121830534626528, 0.0010961900624714787, 0.0010961900624714787, 0.0010961900624714787, 0.0010961900624714787, 0.0010961900624714787, 0.0009595917499283808, 0.0009595917499283808, 0.0009595917499283808, 0.0009595917499283808, 0.0009595917499283808, 0.0007917946548886297, 0.0007917946548886297, 0.0009595917499283808, 0.0009595917499283808, 0.0009595917499283808, 0.0012121830534626528, 0.0012121830534626528, 0.0010961900624714787, 0.0010961900624714787, 0.0010961900624714787, 0.0010961900624714787, 0.0010961900624714787, 0.0012121830534626528, 0.0012121830534626528, 0.0010961900624714787, 0.0010961900624714787, 0.0010961900624714787, 0.0010961900624714787, 0.0010961900624714787, 0.0012121830534626528, 0.0010961900624714787, 0.0013130428906372638, 0.0013130428906372638, 0.0013130428906372638, 0.0013130428906372638, 0.0012121830534626528, 0.0013130428906372638, 0.0013130428906372638, 0.0013130428906372638, 0.0013130428906372638, 0.0013130428906372638, 0.0013130428906372638, 0.0013130428906372638, 0.0014020393310154625, 0.0014020393310154625, 0.0014020393310154625, 0.0014020393310154625, 0.0013130428906372638, 0.0013130428906372638, 0.0013130428906372638, 0.0013130428906372638, 0.0013130428906372638, 0.0013130428906372638, 0.0013130428906372638, 0.0013130428906372638, 0.0014020393310154625, 0.0012121830534626528, 0.0009595917499283808, 0.0009595917499283808, 0.0009595917499283808, 0.0009595917499283808, 0.0009595917499283808, 0.0009595917499283808, 0.0010961900624714789, 0.0012121830534626528, 0.0012121830534626528, 0.0012121830534626528, 0.0012121830534626528, 0.001456862718169367, 0.0015417985786550905, 0.0012121830534626528, 0.0012121830534626528, 0.0012121830534626528, 0.0010961900624714787, 0.0010961900624714787, 0.0009595917499283808, 0.0009595917499283808, 0.0009595917499283808, 0.0010961900624714787, 0.0012121830534626528, 0.0012121830534626528, 0.0012121830534626528, 0.0010961900624714787, 0.0010961900624714787, 0.0010961900624714787, 0.0010961900624714787, 0.0010961900624714787, 0.0010961900624714787, 0.0010961900624714787, 0.0012121830534626528, 0.0012121830534626528, 0.0012121830534626528, 0.0012121830534626528, 0.0012121830534626528, 0.0012121830534626528, 0.0013130428906372638, 0.0013130428906372638, 0.0013130428906372638, 0.0013130428906372638, 0.0012121830534626528, 0.0012121830534626528, 0.0012121830534626528, 0.0012121830534626528, 0.0012121830534626528, 0.0013130428906372638, 0.0013130428906372638, 0.0013130428906372638, 0.0013130428906372638, 0.0014020393310154625, 0.0012121830534626528, 0.0012121830534626528, 0.0010961900624714789, 0.0010961900624714789, 0.0010961900624714789, 0.001456862718169367, 0.001456862718169367, 0.0015417985786550902, 0.0015417985786550902, 0.0018088219190107904, 0.0015417985786550902, 0.0015417985786550902, 0.0016182631152578625, 0.0016182631152578625, 0.0016182631152578625, 0.0016182631152578625, 0.0016182631152578625, 0.0016182631152578625, 0.0016182631152578625, 0.0016182631152578625, 0.0013130428906372638, 0.0013130428906372638, 0.0012121830534626528, 0.0013130428906372638, 0.0013130428906372638, 0.0012121830534626528, 0.0012121830534626528, 0.0010961900624714789, 0.0010961900624714789, 0.0010961900624714789, 0.0010961900624714789, 0.0010961900624714789, 0.0010961900624714789, 0.0012121830534626528, 0.0012121830534626528, 0.0013130428906372638, 0.0012121830534626528, 0.0013130428906372638, 0.0013130428906372638, 0.0013130428906372638, 0.0013130428906372638, 0.0013130428906372638, 0.0013130428906372638, 0.0013130428906372638, 0.0012121830534626528, 0.0013130428906372638, 0.0014020393310154625, 0.0014020393310154625, 0.00168740834974096, 0.0016182631152578625, 0.0016182631152578625, 0.0016182631152578625, 0.0016182631152578625, 0.0016182631152578625, 0.0016182631152578625, 0.0015417985786550905, 0.001456862718169367, 0.001456862718169367, 0.0010961900624714787, 0.0010961900624714787, 0.0009595917499283808, 0.001456862718169367, 0.0015417985786550905, 0.0015417985786550905, 0.0010961900624714789, 0.0010961900624714789, 0.0010961900624714789, 0.0009595917499283809, 0.0009595917499283809, 0.0009595917499283809, 0.0007917946548886295, 0.0007917946548886295, 0.0007917946548886295, 0.0007917946548886295, 0.0009595917499283809, 0.0009595917499283809, 0.0009595917499283809, 0.0009595917499283809, 0.0009595917499283809, 0.0009595917499283809, 0.0007917946548886295, 0.0007917946548886295, 0.0009595917499283809, 0.0010961900624714787, 0.0010961900624714787, 0.0012121830534626528, 0.0013130428906372638, 0.0013130428906372638, 0.0013130428906372638, 0.0013130428906372638, 0.0012121830534626528, 0.0012121830534626528, 0.0012121830534626528, 0.0012121830534626528, 0.0012121830534626528, 0.0012121830534626528, 0.0013130428906372638, 0.0013130428906372638, 0.0013130428906372638, 0.0013130428906372638, 0.0013130428906372638, 0.0013130428906372638, 0.0013130428906372638, 0.0012121830534626528, 0.0012121830534626528, 0.0012121830534626528, 0.0012121830534626528, 0.0012121830534626528, 0.0012121830534626528, 0.0012121830534626528, 0.0012121830534626528, 0.0012121830534626528, 0.0013130428906372638, 0.0014020393310154625, 0.0014020393310154625, 0.0014813121596360826, 0.0014813121596360826, 0.0014020393310154625, 0.0014020393310154625, 0.0014813121596360826, 0.0014813121596360826, 0.0014020393310154625, 0.0013130428906372638, 0.0014020393310154625, 0.0014020393310154625, 0.0012121830534626528, 0.0012121830534626528, 0.0012121830534626528, 0.00168740834974096, 0.00168740834974096, 0.0016182631152578625, 0.0016874083497409602, 0.0012121830534626528, 0.0012121830534626528, 0.0012121830534626528, 0.0012121830534626528, 0.0012121830534626528, 0.0010961900624714787, 0.0010961900624714787, 0.0012121830534626528, 0.0013130428906372638, 0.0013130428906372638, 0.0013130428906372638, 0.0013130428906372638, 0.0013130428906372638, 0.0013130428906372638, 0.0013130428906372638, 0.0013130428906372638, 0.0010961900624714789, 0.0012121830534626528, 0.0012121830534626528, 0.0012121830534626528, 0.0013130428906372638, 0.0013130428906372638, 0.0013130428906372638, 0.0012121830534626528, 0.0012121830534626528, 0.0012121830534626528, 0.0010961900624714787, 0.0010961900624714787, 0.0010961900624714787, 0.0010961900624714787, 0.0012121830534626528, 0.0012121830534626528, 0.0010961900624714787, 0.0009595917499283808, 0.0009595917499283808, 0.0009595917499283808, 0.0009595917499283808, 0.0009595917499283808, 0.0009595917499283808, 0.0010961900624714787, 0.0010961900624714787, 0.0009595917499283808, 0.0010961900624714789, 0.0012121830534626528, 0.0012121830534626528, 0.0013130428906372638, 0.0014020393310154625, 0.0014020393310154625, 0.0014020393310154625, 0.0013130428906372638, 0.0013130428906372638, 0.0013130428906372638, 0.0014020393310154625, 0.0013130428906372638, 0.0013130428906372638, 0.0013130428906372638, 0.0013130428906372638, 0.0014020393310154625, 0.0013130428906372638, 0.0013130428906372638, 0.0012121830534626528, 0.0012121830534626528, 0.0013130428906372638, 0.0013130428906372638, 0.0013130428906372638, 0.0012121830534626528, 0.0016182631152578625, 0.0016182631152578625, 0.00168740834974096, 0.0016182631152578625, 0.0015417985786550902, 0.0015417985786550902, 0.0015417985786550902, 0.0016182631152578625, 0.0016182631152578625, 0.0015417985786550902, 0.0012121830534626528, 0.0013130428906372638, 0.0012121830534626528, 0.0010961900624714787, 0.0010961900624714787, 0.0009595917499283808, 0.0009595917499283808, 0.0009595917499283808, 0.0009595917499283808, 0.0009595917499283808, 0.0009595917499283808, 0.0009595917499283808, 0.0009595917499283808, 0.0009595917499283808, 0.0010961900624714787, 0.0010961900624714787, 0.0007917946548886297, 0.000565685424949238, 0.0007917946548886295, 0.0007917946548886295, 0.0007917946548886295, 0.0007917946548886295, 0.0007917946548886295, 0.0007917946548886295, 0.0007917946548886295, 0.0007917946548886295, 0.0007917946548886295, 0.0007917946548886295, 0.0007917946548886295, 0.0009595917499283809, 0.0009595917499283809, 0.0009595917499283809, 0.0010961900624714787, 0.0010961900624714787, 0.0010961900624714787, 0.0010961900624714787, 0.0010961900624714787, 0.0010961900624714787, 0.0010961900624714787, 0.0010961900624714787, 0.0010961900624714787, 0.0010961900624714787, 0.0009595917499283808, 0.0009595917499283808, 0.0009595917499283808, 0.0009595917499283808, 0.0009595917499283808, 0.0009595917499283808, 0.0009595917499283808, 0.0009595917499283808, 0.0009595917499283808, 0.0009595917499283808, 0.0010961900624714787, 0.0010961900624714787, 0.0010961900624714787, 0.0013130428906372638, 0.0013130428906372638, 0.0013130428906372638, 0.0013130428906372638, 0.0013130428906372638, 0.0014020393310154625, 0.0014813121596360826, 0.0014813121596360826, 0.0014813121596360826, 0.0014813121596360826, 0.0014020393310154625, 0.0014020393310154625, 0.0013130428906372638, 0.0013130428906372638, 0.0012121830534626528, 0.0012121830534626528, 0.0012121830534626528, 0.0010961900624714787, 0.0010961900624714787, 0.0012121830534626528, 0.0012121830534626528, 0.0012121830534626528, 0.0012121830534626528, 0.0012121830534626528, 0.0012121830534626528, 0.0012121830534626528, 0.0012121830534626528, 0.0012121830534626528, 0.0012121830534626528, 0.0012121830534626528, 0.0010961900624714787, 0.0009595917499283808, 0.0010961900624714787, 0.0010961900624714787, 0.0010961900624714787, 0.0010961900624714787, 0.0010961900624714787, 0.0009595917499283808, 0.0012121830534626528, 0.0012121830534626528, 0.0012121830534626528, 0.0012121830534626528, 0.0012121830534626528, 0.0012121830534626528, 0.0012121830534626528, 0.0012121830534626528, 0.0012121830534626528, 0.0012121830534626528, 0.0012121830534626528, 0.0010961900624714787, 0.0010961900624714787, 0.0010961900624714787, 0.0010961900624714787, 0.0010961900624714787, 0.0010961900624714787, 0.0010961900624714787, 0.0010961900624714787, 0.0010961900624714787, 0.0009595917499283808, 0.0009595917499283808, 0.0009595917499283808, 0.0009595917499283808, 0.0009595917499283808, 0.0009595917499283808, 0.0009595917499283808, 0.0009595917499283808, 0.0009595917499283808, 0.0009595917499283808, 0.0009595917499283808, 0.0009595917499283808, 0.0009595917499283808, 0.0009595917499283808, 0.0009595917499283808, 0.0010961900624714787, 0.0009595917499283808, 0.0010961900624714787, 0.0010961900624714787, 0.0010961900624714787, 0.0007917946548886297, 0.0007917946548886297, 0.000565685424949238, 0.0007917946548886297, 0.0007917946548886297, 0.0007917946548886297, 0.0007917946548886297, 0.0007917946548886297, 0.0007917946548886297, 0.0007917946548886297, 0.000565685424949238, 0.000565685424949238, 0.0007917946548886297, 0.0007917946548886297, 0.0007917946548886297, 0.0007917946548886297, 0.0009595917499283808, 0.0009595917499283808, 0.0009595917499283808, 0.0009595917499283808, 0.0009595917499283808, 0.0009595917499283808, 0.0009595917499283808, 0.0009595917499283808, 0.0010961900624714787, 0.0010961900624714787, 0.0010961900624714787, 0.0010961900624714787, 0.0010961900624714787, 0.0010961900624714787, 0.0010961900624714787, 0.0010961900624714787, 0.0009595917499283808, 0.0009595917499283808, 0.0010961900624714787, 0.0010961900624714787, 0.0010961900624714787, 0.0009595917499283809, 0.0009595917499283809, 0.0010961900624714787, 0.0010961900624714787, 0.0010961900624714787, 0.0010961900624714787, 0.0010961900624714787, 0.0009595917499283808, 0.0009595917499283808, 0.0009595917499283808, 0.001361871461464341, 0.001361871461464341, 0.001361871461464341, 0.001361871461464341, 0.001361871461464341, 0.001361871461464341, 0.001361871461464341, 0.001361871461464341, 0.001361871461464341, 0.001361871461464341, 0.001456862718169367, 0.0016659862556700857, 0.0016659862556700857, 0.001740748138483179, 0.001740748138483179, 0.001456862718169367, 0.001456862718169367, 0.0015417985786550902, 0.0015417985786550902, 0.0016182631152578625, 0.0016182631152578625, 0.0016182631152578625, 0.0016874083497409602, 0.0016874083497409602, 0.0016182631152578625, 0.001361871461464341, 0.001361871461464341, 0.001361871461464341, 0.001456862718169367, 0.001456862718169367, 0.001456862718169367, 0.0015417985786550905, 0.001361871461464341, 0.001361871461464341, 0.001361871461464341, 0.001361871461464341, 0.001361871461464341, 0.0009595917499283808, 0.0009595917499283808, 0.0010961900624714787, 0.0010961900624714787, 0.0013130428906372638, 0.0013130428906372638, 0.0013130428906372638, 0.0012121830534626528, 0.0012121830534626528, 0.0012121830534626528, 0.0010961900624714787, 0.0012121830534626528, 0.0009595917499283808, 0.0009595917499283808, 0.0007917946548886295, 0.0007917946548886295, 0.0009595917499283808, 0.0009595917499283808, 0.0010961900624714787, 0.0010961900624714787, 0.0009595917499283808, 0.0009595917499283808, 0.0009595917499283808, 0.0009595917499283808, 0.0009595917499283808, 0.0009595917499283808, 0.0010961900624714787, 0.0010961900624714787, 0.0010961900624714787, 0.0010961900624714787, 0.0009595917499283808, 0.0009595917499283808, 0.0009595917499283808, 0.0009595917499283808, 0.0009595917499283808, 0.0009595917499283808, 0.0009595917499283808, 0.0009595917499283808, 0.0009595917499283808, 0.0010961900624714787, 0.001456862718169367, 0.001456862718169367, 0.0015417985786550905, 0.001456862718169367, 0.001456862718169367, 0.001456862718169367, 0.0015417985786550905, 0.0012121830534626528, 0.0012121830534626528, 0.0012121830534626528, 0.0010961900624714787, 0.0010961900624714787, 0.0010961900624714787, 0.0012121830534626528, 0.0010961900624714787, 0.0010961900624714787, 0.0012121830534626528, 0.0012121830534626528, 0.0012121830534626528, 0.0012121830534626528, 0.0012121830534626528, 0.0013130428906372638, 0.0013130428906372638, 0.0013130428906372638, 0.0014020393310154625, 0.0012121830534626528, 0.0012121830534626528, 0.0012121830534626528, 0.0012121830534626528, 0.0010961900624714789, 0.0012121830534626528, 0.0012121830534626528, 0.0012121830534626528, 0.0012121830534626528, 0.0012121830534626528, 0.0012121830534626528, 0.0012121830534626528, 0.0012121830534626528, 0.0010961900624714787, 0.0010961900624714787, 0.0010961900624714787, 0.0010961900624714787, 0.0010961900624714787, 0.0010961900624714787, 0.0010961900624714787, 0.0010961900624714787, 0.0010961900624714787, 0.0010961900624714787, 0.0010961900624714787, 0.0010961900624714787, 0.0010961900624714787, 0.0012121830534626528, 0.0012121830534626528, 0.0012121830534626528, 0.0010961900624714787, 0.0015417985786550905, 0.0015417985786550905, 0.0015417985786550905, 0.0015417985786550905, 0.0015417985786550905, 0.0014020393310154625, 0.0014020393310154625, 0.0014813121596360826, 0.0014813121596360826, 0.0014813121596360826, 0.0014813121596360826, 0.0015523517379664143, 0.0014813121596360826, 0.0014813121596360826, 0.0014020393310154625, 0.0014020393310154625, 0.0014020393310154625, 0.0014020393310154625, 0.0013130428906372638, 0.0012121830534626528, 0.0012121830534626528, 0.0010961900624714787, 0.0010961900624714787, 0.0010961900624714787, 0.0009595917499283808, 0.0009595917499283808, 0.0009595917499283808, 0.0010961900624714787, 0.0010961900624714787, 0.0010961900624714787, 0.0010961900624714787, 0.0010961900624714787, 0.0012121830534626528, 0.001212183053462653, 0.001212183053462653, 0.001212183053462653, 0.001212183053462653, 0.001212183053462653, 0.001212183053462653, 0.0013130428906372638, 0.0013130428906372638, 0.0013130428906372638, 0.0013130428906372638, 0.0013130428906372638, 0.0013130428906372638, 0.0013130428906372638, 0.0013130428906372638, 0.0013130428906372638, 0.0013130428906372638, 0.0016874083497409602, 0.0016874083497409602, 0.0016874083497409602, 0.0016874083497409602, 0.0016874083497409602, 0.001750102037841549, 0.001750102037841549, 0.0016874083497409602, 0.0016874083497409602, 0.0016874083497409602, 0.0016874083497409602, 0.0016874083497409602, 0.0016874083497409602, 0.0017501020378415492, 0.0017501020378415492, 0.0016182631152578623, 0.0016182631152578623, 0.0016182631152578623, 0.0016182631152578623, 0.0016874083497409602, 0.0016874083497409602, 0.001750102037841549, 0.001750102037841549, 0.001750102037841549, 0.001750102037841549, 0.0014813121596360826, 0.0014813121596360826, 0.0014813121596360826, 0.0014813121596360826, 0.0014813121596360826, 0.0014813121596360826, 0.0015523517379664143, 0.0015523517379664143, 0.0016162440712835374, 0.0016162440712835374, 0.0016162440712835374, 0.001858680681976068, 0.001858680681976068, 0.001858680681976068, 0.0020698023172885526, 0.0020698023172885526, 0.0020698023172885526, 0.0020267597543963656, 0.0020267597543963656, 0.0022584083251850863, 0.0020698023172885526, 0.0020698023172885526, 0.0022584083251850863, 0.0022219682394541236, 0.0017501020378415492, 0.00168740834974096, 0.00168740834974096, 0.001858680681976068, 0.0016162440712835374, 0.0016162440712835374, 0.0016162440712835374, 0.0016162440712835374, 0.0015523517379664143, 0.0015523517379664143, 0.0015523517379664143, 0.0016162440712835374, 0.0016162440712835374, 0.0016162440712835374, 0.0016162440712835374, 0.0016738078303859213, 0.0019055236572037791, 0.0019055236572037791, 0.001858680681976068, 0.001858680681976068, 0.001858680681976068, 0.0019055236572037791, 0.0019055236572037791, 0.0019055236572037791, 0.001858680681976068, 0.001858680681976068, 0.0019055236572037791, 0.0019055236572037791, 0.0016162440712835374, 0.0015523517379664143, 0.0016162440712835374, 0.0016162440712835374, 0.0015523517379664143, 0.0015523517379664143, 0.0016162440712835374, 0.001673807830385921, 0.0017256764423476, 0.001673807830385921, 0.001673807830385921, 0.001673807830385921, 0.0016162440712835374, 0.0016162440712835374, 0.0016162440712835374, 0.0015523517379664143, 0.0015523517379664143, 0.0015523517379664143, 0.0015523517379664143, 0.0015523517379664143, 0.0014813121596360824, 0.0015523517379664143, 0.0015523517379664143, 0.0015523517379664143, 0.0014813121596360826, 0.0014020393310154625, 0.0014020393310154625, 0.0014020393310154625, 0.0013130428906372638, 0.0014020393310154625, 0.0014020393310154625, 0.0014020393310154625, 0.0014020393310154625, 0.0015523517379664143, 0.0015523517379664143, 0.0014813121596360826, 0.0015523517379664143, 0.0014813121596360826, 0.0015523517379664143, 0.0016162440712835374, 0.0014813121596360824, 0.0014813121596360824, 0.0016162440712835374, 0.0015523517379664143, 0.0015523517379664143, 0.0015523517379664143, 0.0015523517379664143, 0.0015523517379664143, 0.0015523517379664143, 0.0016162440712835374, 0.0016162440712835374, 0.0016738078303859213, 0.0016738078303859213, 0.0016162440712835374, 0.0016162440712835374, 0.0015523517379664143, 0.0014020393310154625, 0.0014020393310154625, 0.0014020393310154625, 0.0014020393310154625, 0.0014813121596360826, 0.0014813121596360826, 0.0014020393310154625, 0.0014020393310154625, 0.0014020393310154625, 0.0013130428906372638, 0.0014020393310154625, 0.0013130428906372638, 0.0013130428906372638, 0.0013130428906372638, 0.0012121830534626528, 0.0012121830534626528, 0.0012121830534626528, 0.0012121830534626528, 0.0013130428906372638, 0.0013130428906372638, 0.0013130428906372638, 0.0014020393310154625, 0.0014020393310154625, 0.0013130428906372638, 0.0013130428906372638, 0.0014020393310154625, 0.0013130428906372638, 0.0012121830534626528, 0.0013130428906372638, 0.0013130428906372638, 0.0013130428906372638, 0.0013130428906372638, 0.0013130428906372638, 0.0013130428906372638, 0.0014020393310154625, 0.0014020393310154625, 0.0014020393310154625, 0.0014020393310154625, 0.0014020393310154625, 0.0014020393310154625, 0.0013130428906372638, 0.0013130428906372638, 0.0013130428906372638, 0.0013130428906372638, 0.0013130428906372638, 0.0010961900624714787, 0.0009595917499283808, 0.0009595917499283808, 0.0007917946548886297, 0.0007917946548886297, 0.0007917946548886297, 0.0007917946548886297, 0.000565685424949238, 0.0007917946548886297, 0.0007917946548886297, 0.0007917946548886297, 0.0007917946548886297, 0.0007917946548886297, 0.000565685424949238, 0.000565685424949238, 0.0007917946548886297, 0.0009595917499283808, 0.0009595917499283808, 0.0009595917499283808, 0.0007917946548886297, 0.0007917946548886297, 0.0007917946548886297, 0.0007917946548886297, 0.0007917946548886297, 0.0007917946548886297, 0.0007917946548886297, 0.0007917946548886297, 0.0007917946548886297, 0.0007917946548886297, 0.0007917946548886297, 0.0005656854249492381, 0.000565685424949238, 0.0007917946548886297, 0.0007917946548886297, 0.000565685424949238, 0.000565685424949238, 0.000565685424949238, 0.000565685424949238, 0.000565685424949238, 0.000565685424949238, 0.000565685424949238, 0.0009595917499283808, 0.0007917946548886297, 0.0009595917499283808, 0.0009595917499283808, 0.0009595917499283808, 0.0009595917499283808, 0.0010961900624714787, 0.0010961900624714787, 0.0010961900624714787, 0.0010961900624714787, 0.0009595917499283809, 0.0009595917499283809, 0.0009595917499283809, 0.0012121830534626528, 0.0012121830534626528, 0.0012121830534626528, 0.0012121830534626528, 0.0013130428906372638, 0.0014020393310154625, 0.0014020393310154625, 0.0013130428906372638, 0.0013130428906372638, 0.0013130428906372638, 0.0013130428906372638, 0.0013130428906372638, 0.0013130428906372638, 0.0013130428906372638, 0.0014020393310154625, 0.0014020393310154625, 0.0014020393310154625, 0.0014020393310154625, 0.0014813121596360826, 0.0015523517379664143, 0.0015523517379664143, 0.0014813121596360826, 0.0014813121596360826, 0.0014813121596360826, 0.0014813121596360826, 0.0014813121596360826, 0.0016874083497409602, 0.0016182631152578625, 0.0016874083497409602, 0.0016874083497409602, 0.0016874083497409602, 0.0016874083497409602, 0.0016874083497409602, 0.0016874083497409602, 0.0013130428906372638, 0.0012121830534626528, 0.0012121830534626528, 0.0012121830534626528, 0.0013130428906372638, 0.0013130428906372638, 0.0013130428906372638, 0.0014020393310154625, 0.0013130428906372638, 0.0013130428906372638, 0.0012121830534626528, 0.0010961900624714789, 0.0010961900624714789, 0.0010961900624714789, 0.0010961900624714789, 0.0012121830534626528, 0.0012121830534626528, 0.0012121830534626528, 0.0012121830534626528, 0.0010961900624714789, 0.0010961900624714789, 0.0012121830534626528, 0.0012121830534626528, 0.0012121830534626528, 0.0010961900624714789, 0.0010961900624714789, 0.0010961900624714789, 0.0010961900624714789, 0.0009595917499283808, 0.0010961900624714787, 0.0010961900624714787, 0.0009595917499283808, 0.0009595917499283808, 0.0009595917499283808, 0.0009595917499283808, 0.0009595917499283808, 0.0009595917499283808, 0.0010961900624714787, 0.0010961900624714787, 0.0010961900624714787, 0.0010961900624714787, 0.0010961900624714787, 0.0010961900624714787, 0.0009595917499283808, 0.0010961900624714787, 0.0010961900624714787, 0.0010961900624714787, 0.0010961900624714787, 0.0010961900624714787, 0.0009595917499283808, 0.0010961900624714787, 0.0009595917499283808, 0.0009595917499283808, 0.001361871461464341, 0.001361871461464341, 0.001361871461464341, 0.001361871461464341, 0.001456862718169367, 0.001361871461464341, 0.001456862718169367, 0.001456862718169367, 0.001456862718169367, 0.001456862718169367, 0.001456862718169367, 0.001456862718169367, 0.0015417985786550905, 0.0015417985786550905, 0.0015417985786550905, 0.0015417985786550905, 0.001456862718169367, 0.0015417985786550905, 0.0015417985786550905, 0.001456862718169367, 0.001456862718169367, 0.001456862718169367, 0.001456862718169367, 0.001456862718169367, 0.001456862718169367, 0.001456862718169367, 0.001456862718169367, 0.001456862718169367, 0.0013618714614643413, 0.0013618714614643413, 0.0013618714614643413, 0.001456862718169367, 0.001456862718169367, 0.001456862718169367, 0.001456862718169367, 0.0010961900624714787, 0.0009595917499283808, 0.0009595917499283808, 0.0009595917499283808, 0.0007917946548886297, 0.0007917946548886297, 0.0009595917499283809, 0.0009595917499283809, 0.0010961900624714787, 0.0010961900624714787, 0.0010961900624714787, 0.0010961900624714787, 0.0010961900624714787, 0.0010961900624714787, 0.0010961900624714787, 0.0010961900624714787, 0.0013130428906372638, 0.0013130428906372638, 0.0013130428906372638, 0.0013130428906372638, 0.0010961900624714789, 0.0010961900624714789, 0.0010961900624714789, 0.0010961900624714789, 0.0010961900624714789, 0.0009595917499283809, 0.0009595917499283809, 0.0009595917499283809, 0.0009595917499283809, 0.0009595917499283809, 0.0009595917499283809, 0.0010961900624714787, 0.0012121830534626528, 0.0014020393310154625, 0.0014020393310154625, 0.0014020393310154625, 0.0014020393310154625, 0.0014020393310154625, 0.0013130428906372638, 0.0012121830534626528, 0.0010961900624714789, 0.0010961900624714789, 0.0010961900624714789, 0.0010961900624714789, 0.0010961900624714789, 0.0010961900624714789, 0.0010961900624714789, 0.0010961900624714789, 0.0012121830534626528, 0.0012121830534626528, 0.0013130428906372638, 0.0013130428906372638, 0.0013130428906372638, 0.0010961900624714789, 0.0012121830534626528, 0.0012121830534626528, 0.0012121830534626528, 0.0013130428906372638, 0.0013130428906372638, 0.0013130428906372638, 0.0013130428906372638, 0.0014020393310154625, 0.0013130428906372638, 0.0013130428906372638, 0.0013130428906372638, 0.0013130428906372638, 0.0014020393310154625, 0.0014020393310154625, 0.0014020393310154625, 0.0014813121596360826, 0.0015523517379664143, 0.0015523517379664143, 0.0016162440712835374, 0.0016162440712835374, 0.0016162440712835374, 0.0016162440712835374, 0.0015523517379664143, 0.0015523517379664143, 0.0016162440712835374, 0.0016162440712835374, 0.0016162440712835374, 0.0016162440712835374, 0.0016162440712835374, 0.0016162440712835374, 0.0016162440712835374, 0.0016162440712835374, 0.0016162440712835374, 0.0016162440712835374, 0.0014813121596360826, 0.0014813121596360826, 0.0014813121596360826, 0.0014813121596360826, 0.0014813121596360826, 0.0016874083497409602, 0.0016874083497409602, 0.0016182631152578625, 0.0015417985786550905, 0.0015417985786550905, 0.001456862718169367, 0.001456862718169367, 0.001456862718169367, 0.001456862718169367, 0.001456862718169367, 0.001361871461464341, 0.001456862718169367, 0.001456862718169367, 0.001456862718169367, 0.001456862718169367, 0.001456862718169367, 0.0016182631152578623, 0.0016182631152578623, 0.0016182631152578623, 0.0016182631152578623, 0.0016182631152578623, 0.0016874083497409602, 0.0016874083497409602, 0.0014020393310154625, 0.0014020393310154625, 0.0014813121596360824, 0.0014020393310154625, 0.0014813121596360824, 0.0015523517379664143, 0.0016162440712835374, 0.0016162440712835374, 0.0016162440712835374, 0.0016162440712835374, 0.0015523517379664143, 0.0015523517379664143, 0.0016162440712835374, 0.0016162440712835374, 0.0016162440712835374, 0.0016162440712835374, 0.0016162440712835374, 0.0016162440712835374, 0.0016162440712835374, 0.0015523517379664143, 0.0015523517379664143, 0.0015523517379664143, 0.0015523517379664143, 0.0015523517379664143, 0.0016162440712835374, 0.0015523517379664143, 0.0015523517379664143, 0.0015523517379664143, 0.0015523517379664143, 0.0015523517379664143, 0.0016162440712835374, 0.0016162440712835374, 0.0016162440712835374, 0.0018586806819760678, 0.0018586806819760678, 0.001858680681976068, 0.001858680681976068, 0.001858680681976068, 0.001858680681976068, 0.001750102037841549, 0.001750102037841549, 0.0016182631152578625, 0.0015417985786550905, 0.0012121830534626528, 0.0012121830534626528, 0.0014020393310154625, 0.0014020393310154625, 0.0014020393310154625, 0.0014020393310154625, 0.0014020393310154625, 0.0016874083497409602, 0.0016874083497409602, 0.0016874083497409602, 0.0016874083497409602, 0.0017501020378415492, 0.0017501020378415492, 0.001979486637221574, 0.0020267597543963656, 0.0020267597543963656, 0.0020267597543963656, 0.0020267597543963656, 0.0020267597543963656, 0.0020267597543963656, 0.0020267597543963656, 0.0020267597543963656, 0.0020267597543963656, 0.0020267597543963656, 0.0020698023172885526, 0.0020698023172885526, 0.0020267597543963656, 0.0020267597543963656, 0.0020698023172885526, 0.0020698023172885526, 0.001979486637221574, 0.001979486637221574, 0.001979486637221574, 0.001979486637221574, 0.0020267597543963656, 0.0020267597543963656, 0.0020698023172885526, 0.0021088733813995355, 0.0021088733813995355, 0.0021088733813995355, 0.002144190061633568, 0.0021088733813995355, 0.0020267597543963656, 0.0018070158058105024, 0.0016874083497409602, 0.0016182631152578625, 0.0016182631152578625, 0.0015417985786550905, 0.001456862718169367, 0.0015417985786550905, 0.001456862718169367, 0.0015417985786550905, 0.0016874083497409602, 0.0016874083497409602, 0.0016182631152578625, 0.0016182631152578625, 0.0016182631152578625, 0.0015417985786550905, 0.0015417985786550905, 0.0015417985786550905, 0.0012121830534626528, 0.0012121830534626528, 0.0012121830534626528, 0.0010961900624714787, 0.0010961900624714787, 0.0010961900624714787, 0.0009595917499283808, 0.0009595917499283808, 0.0009595917499283808, 0.0009595917499283808, 0.0007917946548886297, 0.000565685424949238, 0.0007917946548886297, 0.0007917946548886297, 0.0007917946548886297, 0.0007917946548886297, 0.0007917946548886297, 0.0007917946548886297, 0.0007917946548886297, 0.0007917946548886297, 0.0007917946548886297, 0.0007917946548886297, 0.0007917946548886297, 0.0007917946548886297, 0.0007917946548886297, 0.0007917946548886297, 0.0007917946548886297, 0.0009595917499283808, 0.0009595917499283808, 0.0009595917499283808, 0.0009595917499283808, 0.0009595917499283808, 0.0007917946548886297, 0.0007917946548886297, 0.0007917946548886297, 0.0007917946548886297, 0.0007917946548886297, 0.0007917946548886297, 0.0007917946548886297, 0.0007917946548886297, 0.0007917946548886297, 0.0007917946548886297, 0.0007917946548886297, 0.0007917946548886297, 0.000565685424949238, 0.000565685424949238, 0.0007917946548886297, 0.0009595917499283808, 0.0009595917499283808, 0.0010961900624714787, 0.0010961900624714787, 0.0010961900624714787, 0.0010961900624714787, 0.0010961900624714787, 0.0010961900624714787, 0.0009595917499283808, 0.0009595917499283808, 0.0009595917499283808, 0.0007917946548886297, 0.0007917946548886297, 0.0009595917499283808, 0.0009595917499283808, 0.0009595917499283808, 0.0009595917499283808, 0.0009595917499283808, 0.0009595917499283808, 0.0010961900624714787, 0.0012121830534626528, 0.0012121830534626528, 0.0012121830534626528, 0.0012121830534626528, 0.0010961900624714787, 0.0013130428906372638, 0.0013130428906372638, 0.0013130428906372638, 0.0013130428906372638, 0.0013130428906372638, 0.0014020393310154625, 0.0014813121596360826, 0.0014813121596360826, 0.0014020393310154625, 0.0013130428906372638, 0.0013130428906372638, 0.0013130428906372638, 0.0016182631152578625, 0.0016182631152578625, 0.0016182631152578625, 0.0016182631152578625, 0.0016182631152578625, 0.0016182631152578625, 0.0016182631152578625, 0.0016182631152578625, 0.0016182631152578625, 0.0016182631152578625, 0.0016182631152578625, 0.0016182631152578625, 0.001456862718169367, 0.001456862718169367, 0.0010961900624714787, 0.0007917946548886297, 0.0007917946548886297, 0.0007917946548886297, 0.0007917946548886297, 0.0007917946548886297, 0.0007917946548886297, 0.0007917946548886297, 0.0007917946548886297, 0.0007917946548886297, 0.0007917946548886297, 0.0007917946548886297, 0.0007917946548886297, 0.0007917946548886297, 0.0007917946548886297, 0.0007917946548886297, 0.0007917946548886297, 0.0007917946548886297, 0.0007917946548886297, 0.0007917946548886297, 0.0007917946548886297, 0.0007917946548886297, 0.0009595917499283808, 0.0010961900624714787, 0.0009595917499283808, 0.0009595917499283808, 0.0010961900624714787, 0.0010961900624714787, 0.0010961900624714787, 0.001456862718169367, 0.001456862718169367, 0.0015417985786550905, 0.0015417985786550905, 0.0015417985786550905, 0.0015417985786550905, 0.0015417985786550905, 0.0015417985786550905, 0.0016182631152578625, 0.0016182631152578625, 0.0016182631152578625, 0.0016182631152578625, 0.0016874083497409602, 0.0016874083497409602, 0.0016874083497409602, 0.0016874083497409602, 0.0016874083497409602, 0.0016874083497409602, 0.0016874083497409602, 0.0016874083497409602, 0.0016874083497409602, 0.0016874083497409602, 0.0016874083497409602, 0.0016182631152578625, 0.0015417985786550905, 0.0015417985786550905, 0.0012121830534626528, 0.0012121830534626528, 0.0012121830534626528, 0.0012121830534626528, 0.0012121830534626528, 0.0012121830534626528, 0.0012121830534626528, 0.0010961900624714787, 0.0012121830534626528, 0.0012121830534626528, 0.0013130428906372638, 0.0013130428906372638, 0.0013130428906372638, 0.0012121830534626528, 0.0012121830534626528, 0.0013130428906372638, 0.0013130428906372638, 0.0012121830534626528, 0.0012121830534626528, 0.0012121830534626528, 0.0012121830534626528, 0.0010961900624714787, 0.0010961900624714787, 0.0010961900624714787, 0.0010961900624714787, 0.0010961900624714787, 0.0012121830534626528, 0.0012121830534626528, 0.0012121830534626528, 0.0012121830534626528, 0.0012121830534626528, 0.0012121830534626528, 0.0010961900624714789, 0.0012121830534626528, 0.0010961900624714787, 0.0009595917499283808, 0.0009595917499283808, 0.0009595917499283808, 0.0010961900624714787, 0.0009595917499283808, 0.0009595917499283808, 0.0009595917499283808, 0.0009595917499283808, 0.0009595917499283808, 0.0010961900624714787, 0.0010961900624714787, 0.0010961900624714787, 0.0010961900624714787, 0.0010961900624714787, 0.0010961900624714787, 0.0009595917499283808, 0.0009595917499283808, 0.0009595917499283808, 0.0009595917499283808, 0.0009595917499283808, 0.0010961900624714787, 0.0010961900624714787, 0.0010961900624714787, 0.0010961900624714787, 0.0009595917499283808, 0.0010961900624714789, 0.0010961900624714789, 0.0010961900624714787, 0.0010961900624714787, 0.0012121830534626528, 0.0012121830534626528, 0.0012121830534626528, 0.0013130428906372638, 0.0013130428906372638, 0.0012121830534626528, 0.0010961900624714787, 0.0010961900624714787, 0.0010961900624714787, 0.0012121830534626528, 0.001456862718169367, 0.001456862718169367, 0.001456862718169367, 0.001456862718169367, 0.0015417985786550905, 0.0015417985786550905, 0.0016182631152578625, 0.0016874083497409602, 0.0016874083497409602, 0.0016874083497409602, 0.0016874083497409602, 0.001979486637221574, 0.001979486637221574, 0.001979486637221574, 0.001979486637221574, 0.001750102037841549, 0.001750102037841549, 0.001750102037841549, 0.0018070158058105024, 0.001750102037841549, 0.0014813121596360826, 0.0014020393310154625, 0.0014020393310154625, 0.0014020393310154625, 0.0014020393310154625, 0.0013130428906372638, 0.0014020393310154625, 0.0014020393310154625, 0.0013130428906372638, 0.0013130428906372638, 0.0013130428906372638, 0.0013130428906372638, 0.0013130428906372638, 0.0013130428906372638, 0.0014020393310154625, 0.0014020393310154625, 0.0014020393310154625, 0.0016182631152578625, 0.0016874083497409602, 0.0016182631152578625, 0.0016182631152578625, 0.0016182631152578625, 0.0016182631152578625, 0.0016182631152578625, 0.0016182631152578625, 0.0013130428906372638, 0.0013130428906372638, 0.0013130428906372638, 0.0013130428906372638, 0.0013130428906372638, 0.0012121830534626528, 0.0012121830534626528, 0.0010961900624714787, 0.0010961900624714787, 0.0012121830534626528, 0.0012121830534626528, 0.0013130428906372638, 0.0013130428906372638, 0.0013130428906372638, 0.0013130428906372638, 0.0014813121596360826, 0.0015523517379664143, 0.0015523517379664143, 0.0014020393310154625, 0.0014020393310154625, 0.0014020393310154625, 0.0014020393310154625, 0.0013130428906372638, 0.0013130428906372638, 0.0013130428906372638, 0.0014020393310154625, 0.0014020393310154625, 0.0013130428906372638, 0.0012121830534626528, 0.0014020393310154625, 0.0014020393310154625, 0.0014020393310154625, 0.0014020393310154625, 0.0014020393310154625, 0.0014020393310154625, 0.0014020393310154625, 0.0014813121596360826, 0.0014020393310154625, 0.0014813121596360826, 0.0014813121596360826, 0.0014020393310154625, 0.0014020393310154625, 0.0013130428906372638, 0.0013130428906372638, 0.0013130428906372638, 0.0013130428906372638, 0.0013130428906372638, 0.0013130428906372638, 0.0013130428906372638, 0.0014020393310154625, 0.0014020393310154625, 0.0014020393310154625, 0.0014813121596360826, 0.0015523517379664143, 0.0014813121596360826, 0.0014813121596360826, 0.0014813121596360826, 0.0014020393310154625, 0.0014020393310154625, 0.0014020393310154625, 0.0013130428906372638, 0.0013130428906372638, 0.0013130428906372638, 0.0012121830534626528, 0.0012121830534626528, 0.0012121830534626528, 0.0010961900624714787, 0.0010961900624714787, 0.0010961900624714787, 0.0010961900624714787, 0.0013130428906372638, 0.0013130428906372638, 0.0012121830534626528, 0.0010961900624714787, 0.0010961900624714787, 0.0010961900624714787, 0.0010961900624714787, 0.0010961900624714787, 0.0012121830534626528, 0.0012121830534626528, 0.0012121830534626528, 0.0012121830534626528, 0.0012121830534626528, 0.0012121830534626528, 0.0012121830534626528, 0.0012121830534626528, 0.0012121830534626528, 0.0012121830534626528, 0.0013130428906372638, 0.0013130428906372638, 0.0013130428906372638, 0.0013130428906372638, 0.0013130428906372638, 0.0013130428906372638, 0.0013130428906372638, 0.0013130428906372638, 0.0013130428906372638, 0.0013130428906372638, 0.0010961900624714787, 0.0010961900624714787, 0.0012121830534626528, 0.0013130428906372638, 0.0014020393310154625, 0.0014020393310154625, 0.0014020393310154625, 0.0014020393310154625, 0.0014020393310154625, 0.0014020393310154625, 0.00168740834974096, 0.00168740834974096, 0.00168740834974096, 0.00168740834974096, 0.00168740834974096, 0.001750102037841549, 0.0018070158058105024, 0.0018070158058105024, 0.001750102037841549, 0.0018070158058105024, 0.0018586806819760678, 0.0018586806819760678, 0.0018586806819760678, 0.0018586806819760678, 0.0018070158058105024, 0.001858680681976068, 0.001858680681976068, 0.001858680681976068, 0.0016162440712835374, 0.0016162440712835374, 0.0016162440712835374, 0.0016738078303859213, 0.0016738078303859213, 0.0016738078303859213, 0.0016738078303859213, 0.001858680681976068, 0.001858680681976068, 0.0018070158058105024, 0.001979486637221574, 0.001979486637221574, 0.001750102037841549, 0.001750102037841549, 0.001750102037841549, 0.0021819294962327753, 0.0021819294962327753, 0.0021819294962327753, 0.0021819294962327753, 0.002138089935299395, 0.002326774065314552, 0.0026260857812745275, 0.0026851063141647385, 0.002398639069921755, 0.0023643612417802514, 0.002398639069921755, 0.0023643612417802514, 0.0023643612417802514, 0.0023643612417802514, 0.0027771663726223698, 0.0027771663726223698, 0.0027771663726223698, 0.0026260857812745275, 0.002592296279363144, 0.0026260857812745275, 0.0026260857812745275, 0.0026851063141647385, 0.0026569892428714675, 0.0026260857812745275, 0.002592296279363144, 0.0025555062599997595, 0.0025555062599997595, 0.0025555062599997595, 0.002592296279363144, 0.0026260857812745275, 0.002592296279363144, 0.0025555062599997595, 0.0025555062599997595, 0.0025555062599997595, 0.0025155840803491587, 0.0025155840803491587, 0.0025155840803491587, 0.0025555062599997595, 0.0025555062599997595, 0.002592296279363144, 0.0026260857812745275, 0.0027771663726223693, 0.002747614921182013, 0.002138089935299395, 0.0020902104180767866, 0.0020902104180767866, 0.0020380062285859438, 0.0016182631152578623, 0.0019276717478209143, 0.0021819294962327753, 0.0021819294962327753, 0.0019276717478209143, 0.0016874083497409602, 0.0014020393310154625, 0.0014813121596360826, 0.0015523517379664143, 0.0015523517379664143, 0.0015523517379664143, 0.0015523517379664143, 0.0015523517379664143, 0.0015523517379664143, 0.0018070158058105024, 0.0018070158058105024, 0.0020267597543963656, 0.002026759754396366, 0.002026759754396366, 0.0020698023172885526, 0.0020267597543963656, 0.0020267597543963656, 0.0020267597543963656, 0.0021380899352993954, 0.0021380899352993954, 0.0021819294962327753, 0.0021819294962327753, 0.0021819294962327753, 0.0026260857812745275, 0.0026260857812745275, 0.0026260857812745275, 0.002656989242871468, 0.002656989242871468, 0.0026260857812745275, 0.0026260857812745275, 0.0027771663726223698, 0.0023643612417802514, 0.0020267597543963656, 0.0020698023172885526, 0.0020698023172885526, 0.0020698023172885526, 0.0020698023172885526, 0.0020698023172885526, 0.0020698023172885526, 0.0021088733813995355, 0.0024578072191550364, 0.002204263031084104, 0.002204263031084104, 0.002204263031084104, 0.0023477301239056155, 0.0023477301239056155, 0.0023477301239056155, 0.0023477301239056155, 0.002175935173103974, 0.002175935173103974, 0.002204263031084104, 0.002204263031084104, 0.002204263031084104, 0.0022293039089292753, 0.0022511674975533953, 0.00239182280416644, 0.002371256448142449, 0.002371256448142449, 0.002204263031084104, 0.002371256448142449, 0.002371256448142449, 0.002321153829895989, 0.002482921255131478, 0.002482921255131478, 0.0022584083251850863, 0.0022584083251850863, 0.0022584083251850863, 0.0022914214463729625, 0.0025872528966106906, 0.002560612171703781, 0.0025872528966106906, 0.002560612171703781, 0.002560612171703781, 0.0025872528966106906, 0.0025872528966106906, 0.0027712812921102037, 0.0027535505835786876, 0.0024578072191550364, 0.0024297476143393484, 0.0024297476143393484, 0.0024297476143393484, 0.0022584083251850863, 0.0022584083251850863, 0.0022584083251850863, 0.0022914214463729625, 0.0022584083251850863, 0.0022584083251850863, 0.0022584083251850863, 0.0022584083251850863, 0.002026759754396366, 0.002026759754396366, 0.0022219682394541236, 0.0020267597543963656, 0.0020267597543963656, 0.0021088733813995355, 0.002144190061633568, 0.002204263031084104, 0.002541412109478524, 0.002505178310489483, 0.002505178310489483, 0.002482921255131478, 0.002175935173103974, 0.002144190061633568, 0.0019055236572037791, 0.0019055236572037791, 0.002144190061633568, 0.002144190061633568, 0.002144190061633568, 0.002144190061633568, 0.002144190061633568, 0.0020267597543963656, 0.0020267597543963656, 0.0020267597543963656, 0.0020698023172885526, 0.0020698023172885526, 0.0020267597543963656, 0.0020698023172885526, 0.0015523517379664143, 0.0016162440712835374, 0.0020698023172885526, 0.002560612171703781, 0.002560612171703781, 0.002560612171703781, 0.0025311125246114405, 0.0025311125246114405, 0.0025311125246114405, 0.0025311125246114405, 0.0025872528966106906, 0.0026111222077247684, 0.002482921255131478, 0.002482921255131478, 0.002505178310489483, 0.002505178310489483, 0.0026508373725127317, 0.002371256448142449, 0.0022293039089292753, 0.0022699456075475663, 0.0022699456075475663, 0.0022699456075475663, 0.0024364577834660394, 0.0024364577834660394, 0.002285714285714286, 0.002285714285714286, 0.002285714285714286, 0.0022511674975533953, 0.0022699456075475663, 0.002424366106925306, 0.002409504987692345, 0.0022293039089292753, 0.0022293039089292753, 0.0020507838222772984, 0.00239182280416644, 0.002371256448142449, 0.00239182280416644, 0.00252465394678566, 0.0025414121094785237, 0.00255550625999976, 0.002541412109478524, 0.00239182280416644, 0.00239182280416644, 0.00239182280416644, 0.00239182280416644, 0.0020203050891044218, 0.002175935173103974, 0.0022293039089292753, 0.0022293039089292753, 0.0022293039089292753, 0.0025246539467856594, 0.0025246539467856594, 0.0026668027176178365, 0.0026668027176178365, 0.0026668027176178365, 0.002175935173103974, 0.002144190061633568, 0.001947892634178207, 0.0019055236572037791, 0.0018586806819760678, 0.0019055236572037791, 0.001858680681976068, 0.0020698023172885526, 0.0020698023172885526, 0.0020698023172885526, 0.0020698023172885526, 0.0020267597543963656, 0.0020267597543963656, 0.001858680681976068, 0.0019055236572037791, 0.001947892634178207, 0.001986073965369459, 0.002175935173103974, 0.002204263031084104, 0.002204263031084104, 0.001986073965369459, 0.0021759351731039742, 0.0020698023172885526, 0.0020698023172885526, 0.0024297476143393484, 0.0024297476143393484, 0.00282842712474619, 0.00282842712474619, 0.0029626243192721648, 0.0025872528966106906, 0.0025872528966106906, 0.002611122207724769, 0.002321153829895989, 0.002321153829895989, 0.0021759351731039742, 0.002204263031084104, 0.0020507838222772984, 0.0020507838222772984, 0.0022293039089292753, 0.00255550625999976, 0.002505178310489483, 0.002505178310489483, 0.0023477301239056155, 0.002175935173103974, 0.002144190061633568, 0.002175935173103974, 0.002175935173103974, 0.0022293039089292753, 0.0022293039089292753, 0.0018516401995451032, 0.001884848285996645, 0.002204263031084104, 0.0021759351731039742, 0.0021759351731039742, 0.0021759351731039742, 0.002144190061633568, 0.0021088733813995355, 0.0020507838222772984, 0.0020507838222772984, 0.0020507838222772984, 0.0020203050891044218, 0.001986073965369459, 0.0020507838222772984, 0.002101117292668598, 0.002101117292668598, 0.0020776753100226106, 0.001884848285996645, 0.0020776753100226106, 0.0022511674975533953, 0.002409504987692345, 0.00255550625999976, 0.002541412109478524, 0.002505178310489483, 0.002482921255131478, 0.002321153829895989, 0.002321153829895989, 0.002321153829895989, 0.002505178310489483, 0.002650837372512732, 0.002650837372512732, 0.0026322954985785194, 0.002650837372512732, 0.0026668027176178365, 0.002886704214929163, 0.002710523708715754, 0.002560612171703781, 0.00253111252461144, 0.00253111252461144, 0.002560612171703781, 0.002560612171703781, 0.0025872528966106906, 0.0025872528966106906, 0.0027535505835786876, 0.0027535505835786876, 0.0027535505835786876, 0.0027333167412803196, 0.0027535505835786876, 0.0029976861825380574, 0.0029976861825380574, 0.0029976861825380574, 0.0029976861825380574, 0.0030118134749953, 0.003023715784073818, 0.002913725436338734, 0.00292379401267795, 0.00292379401267795, 0.00292379401267795, 0.0029316012202012937, 0.0029316012202012937, 0.0026911798489866554, 0.002541412109478524, 0.0023918228041664396, 0.0023477301239056155, 0.002371256448142449, 0.002611122207724769, 0.0026322954985785194, 0.0023477301239056155, 0.002321153829895989, 0.002371256448142449, 0.00239182280416644, 0.00239182280416644, 0.0024095049876923444, 0.0022511674975533953, 0.0022293039089292753, 0.0022293039089292753, 0.0020776753100226106, 0.0020507838222772984, 0.0022511674975533953, 0.00239182280416644, 0.002409504987692345, 0.00239182280416644, 0.0020507838222772984, 0.0020507838222772984, 0.0020507838222772984, 0.0020507838222772984, 0.001884848285996645, 0.0022699456075475663, 0.002436457783466039, 0.002436457783466039, 0.0022985354698421448, 0.0024524872838714213, 0.0024524872838714213, 0.002456478315451963, 0.002456478315451963, 0.0025872528966106906, 0.0025859905140536597, 0.002582199663473144, 0.0025669802794532804, 0.002541412109478524, 0.00239182280416644, 0.002482921255131478, 0.0026322954985785194, 0.0025872528966106906, 0.002611122207724769, 0.002482921255131478, 0.002505178310489483, 0.0023477301239056155, 0.002371256448142449, 0.002371256448142449, 0.002204263031084104, 0.002204263031084104, 0.0020203050891044218, 0.0022293039089292753, 0.00239182280416644, 0.00239182280416644, 0.002371256448142449, 0.002371256448142449, 0.00239182280416644, 0.002371256448142449, 0.0022293039089292753, 0.002409504987692345, 0.002409504987692345, 0.002541412109478524, 0.00239182280416644, 0.0024095049876923444, 0.0024095049876923444, 0.002424366106925306, 0.0025669802794532804, 0.002705700708971821, 0.0025758691816193473, 0.0027057007089718206, 0.0027057007089718206, 0.0025758691816193473, 0.002285714285714286, 0.0022985354698421448, 0.002285714285714286, 0.0022985354698421448, 0.002101117292668598, 0.0020776753100226106, 0.002285714285714286, 0.0022985354698421448, 0.0024458210924608796, 0.0024524872838714213, 0.0023084582716256176, 0.0024524872838714213, 0.0022985354698421448, 0.0022511674975533953, 0.002204263031084104, 0.0022511674975533953, 0.0022511674975533953, 0.0022699456075475663, 0.0022511674975533953, 0.0022511674975533953, 0.0024243661069253057, 0.0024095049876923444, 0.0022511674975533953, 0.0024095049876923444, 0.00239182280416644, 0.00239182280416644, 0.0022293039089292753, 0.0022293039089292753, 0.002204263031084104, 0.002144190061633568, 0.002144190061633568, 0.002347730123905616, 0.0021759351731039742, 0.0021759351731039742, 0.002144190061633568, 0.0019055236572037791, 0.001947892634178207, 0.001947892634178207, 0.0020203050891044218, 0.0020203050891044218, 0.001986073965369459, 0.0021759351731039742, 0.0021759351731039742, 0.0021759351731039742, 0.0021759351731039742, 0.0021088733813995355, 0.0021088733813995355, 0.0019055236572037791, 0.0020698023172885526, 0.0020698023172885526, 0.0021088733813995355, 0.0019055236572037791, 0.0019055236572037791, 0.001986073965369459, 0.001986073965369459, 0.0020507838222772984, 0.0020507838222772984, 0.001986073965369459, 0.001986073965369459, 0.002175935173103974, 0.002371256448142449, 0.00239182280416644, 0.0020507838222772984, 0.0020203050891044218, 0.0020203050891044218, 0.0020203050891044218, 0.0020203050891044218, 0.001986073965369459, 0.001986073965369459, 0.0021759351731039742, 0.0021759351731039742, 0.0020203050891044218, 0.0020203050891044218, 0.0018142294704442906, 0.0017723499907738082, 0.0017256764423476, 0.0016162440712835374, 0.001673807830385921, 0.0017256764423476, 0.0017256764423476, 0.0018142294704442906, 0.0018516401995451032, 0.001884848285996645, 0.0018516401995451032, 0.0018142294704442906, 0.0020203050891044218, 0.0020203050891044218, 0.0017723499907738082, 0.0017723499907738082, 0.0016738078303859213, 0.0016738078303859213, 0.0019055236572037791, 0.001947892634178207, 0.001986073965369459, 0.001986073965369459, 0.0020203050891044213, 0.0020203050891044213, 0.0020203050891044213, 0.0018142294704442906, 0.0020507838222772984, 0.002101117292668598, 0.002101117292668598, 0.0022699456075475663, 0.0022699456075475663, 0.0022511674975533953, 0.0022699456075475663, 0.0022511674975533953, 0.0022699456075475663, 0.0022699456075475663, 0.0022699456075475663, 0.002436457783466039, 0.002436457783466039, 0.002436457783466039, 0.002424366106925306, 0.002424366106925306, 0.0022699456075475663, 0.002285714285714286, 0.002424366106925306, 0.002436457783466039, 0.002436457783466039, 0.002582199663473144, 0.002582199663473144, 0.0025821996634731435, 0.0025821996634731435, 0.0027093187636867883, 0.0027093187636867883, 0.0029316012202012937, 0.0028238055087099053, 0.002699659842518335, 0.0029013719485225385, 0.002997686182538058, 0.002962624319272165, 0.0029416086117105716, 0.0030280322970266905, 0.003313300346131251, 0.003236526230515725, 0.003192849153074056, 0.0028867042149291634]"
10,"[1.0, 2.0, 3.0, 4.0, 5.0, 6.0, 7.0, 8.0, 9.0, 10.0, 11.0, 12.0, 13.0, 14.0, 15.0, 16.0, 17.0, 18.0, 19.0, 20.0, 21.0, 22.0, 23.0, 24.0, 25.0, 26.0, 27.0, 28.0, 29.0, 30.0, 31.0, 32.0, 33.0, 34.0, 35.0, 36.0, 37.0, 38.0, 39.0, 40.0, 41.0, 42.0, 43.0, 44.0, 45.0, 46.0, 47.0, 48.0, 49.0, 50.0, 51.0, 52.0, 53.0, 54.0, 55.0, 56.0, 57.0, 58.0, 59.0, 60.0, 61.0, 62.0, 63.0, 64.0, 65.0, 66.0, 67.0, 68.0, 69.0, 70.0, 71.0, 72.0, 73.0, 74.0, 75.0, 76.0, 77.0, 78.0, 79.0, 80.0, 81.0, 82.0, 83.0, 84.0, 85.0, 86.0, 87.0, 88.0, 89.0, 90.0, 91.0, 92.0, 93.0, 94.0, 95.0, 96.0, 97.0, 98.0, 99.0, 100.0, 101.0, 102.0, 103.0, 104.0, 105.0, 106.0, 107.0, 108.0, 109.0, 110.0, 111.0, 112.0, 113.0, 114.0, 115.0, 116.0, 117.0, 118.0, 119.0, 120.0, 121.0, 122.0, 123.0, 124.0, 125.0, 126.0, 127.0, 128.0, 129.0, 130.0, 131.0, 132.0, 133.0, 134.0, 135.0, 136.0, 137.0, 138.0, 139.0, 140.0, 141.0, 142.0, 143.0, 144.0, 145.0, 146.0, 147.0, 148.0, 149.0, 150.0, 151.0, 152.0, 153.0, 154.0, 155.0, 156.0, 157.0, 158.0, 159.0, 160.0, 161.0, 162.0, 163.0, 164.0, 165.0, 166.0, 167.0, 168.0, 169.0, 170.0, 171.0, 172.0, 173.0, 174.0, 175.0, 176.0, 177.0, 178.0, 179.0, 180.0, 181.0, 182.0, 183.0, 184.0, 185.0, 186.0, 187.0, 188.0, 189.0, 190.0, 191.0, 192.0, 193.0, 194.0, 195.0, 196.0, 197.0, 198.0, 199.0, 200.0, 201.0, 202.0, 203.0, 204.0, 205.0, 206.0, 207.0, 208.0, 209.0, 210.0, 211.0, 212.0, 213.0, 214.0, 215.0, 216.0, 217.0, 218.0, 219.0, 220.0, 221.0, 222.0, 223.0, 224.0, 225.0, 226.0, 227.0, 228.0, 229.0, 230.0, 231.0, 232.0, 233.0, 234.0, 235.0, 236.0, 237.0, 238.0, 239.0, 240.0, 241.0, 242.0, 243.0, 244.0, 245.0, 246.0, 247.0, 248.0, 249.0, 250.0, 251.0, 252.0, 253.0, 254.0, 255.0, 256.0, 257.0, 258.0, 259.0, 260.0, 261.0, 262.0, 263.0, 264.0, 265.0, 266.0, 267.0, 268.0, 269.0, 270.0, 271.0, 272.0, 273.0, 274.0, 275.0, 276.0, 277.0, 278.0, 279.0, 280.0, 281.0, 282.0, 283.0, 284.0, 285.0, 286.0, 287.0, 288.0, 289.0, 290.0, 291.0, 292.0, 293.0, 294.0, 295.0, 296.0, 297.0, 298.0, 299.0, 300.0, 301.0, 302.0, 303.0, 304.0, 305.0, 306.0, 307.0, 308.0, 309.0, 310.0, 311.0, 312.0, 313.0, 314.0, 315.0, 316.0, 317.0, 318.0, 319.0, 320.0, 321.0, 322.0, 323.0, 324.0, 325.0, 326.0, 327.0, 328.0, 329.0, 330.0, 331.0, 332.0, 333.0, 334.0, 335.0, 336.0, 337.0, 338.0, 339.0, 340.0, 341.0, 342.0, 343.0, 344.0, 345.0, 346.0, 347.0, 348.0, 349.0, 350.0, 351.0, 352.0, 353.0, 354.0, 355.0, 356.0, 357.0, 358.0, 359.0, 360.0, 361.0, 362.0, 363.0, 364.0, 365.0, 366.0, 367.0, 368.0, 369.0, 370.0, 371.0, 372.0, 373.0, 374.0, 375.0, 376.0, 377.0, 378.0, 379.0, 380.0, 381.0, 382.0, 383.0, 384.0, 385.0, 386.0, 387.0, 388.0, 389.0, 390.0, 391.0, 392.0, 393.0, 394.0, 395.0, 396.0, 397.0, 398.0, 399.0, 400.0, 401.0, 402.0, 403.0, 404.0, 405.0, 406.0, 407.0, 408.0, 409.0, 410.0, 411.0, 412.0, 413.0, 414.0, 415.0, 416.0, 417.0, 418.0, 419.0, 420.0, 421.0, 422.0, 423.0, 424.0, 425.0, 426.0, 427.0, 428.0, 429.0, 430.0, 431.0, 432.0, 433.0, 434.0, 435.0, 436.0, 437.0, 438.0, 439.0, 440.0, 441.0, 442.0, 443.0, 444.0, 445.0, 446.0, 447.0, 448.0, 449.0, 450.0, 451.0, 452.0, 453.0, 454.0, 455.0, 456.0, 457.0, 458.0, 459.0, 460.0, 461.0, 462.0, 463.0, 464.0, 465.0, 466.0, 467.0, 468.0, 469.0, 470.0, 471.0, 472.0, 473.0, 474.0, 475.0, 476.0, 477.0, 478.0, 479.0, 480.0, 481.0, 482.0, 483.0, 484.0, 485.0, 486.0, 487.0, 488.0, 489.0, 490.0, 491.0, 492.0, 493.0, 494.0, 495.0, 496.0, 497.0, 498.0, 499.0, 500.0, 501.0, 502.0, 503.0, 504.0, 505.0, 506.0, 507.0, 508.0, 509.0, 510.0, 511.0, 512.0, 513.0, 514.0, 515.0, 516.0, 517.0, 518.0, 519.0, 520.0, 521.0, 522.0, 523.0, 524.0, 525.0, 526.0, 527.0, 528.0, 529.0, 530.0, 531.0, 532.0, 533.0, 534.0, 535.0, 536.0, 537.0, 538.0, 539.0, 540.0, 541.0, 542.0, 543.0, 544.0, 545.0, 546.0, 547.0, 548.0, 549.0, 550.0, 551.0, 552.0, 553.0, 554.0, 555.0, 556.0, 557.0, 558.0, 559.0, 560.0, 561.0, 562.0, 563.0, 564.0, 565.0, 566.0, 567.0, 568.0, 569.0, 570.0, 571.0, 572.0, 573.0, 574.0, 575.0, 576.0, 577.0, 578.0, 579.0, 580.0, 581.0, 582.0, 583.0, 584.0, 585.0, 586.0, 587.0, 588.0, 589.0, 590.0, 591.0, 592.0, 593.0, 594.0, 595.0, 596.0, 597.0, 598.0, 599.0, 600.0, 601.0, 602.0, 603.0, 604.0, 605.0, 606.0, 607.0, 608.0, 609.0, 610.0, 611.0, 612.0, 613.0, 614.0, 615.0, 616.0, 617.0, 618.0, 619.0, 620.0, 621.0, 622.0, 623.0, 624.0, 625.0, 626.0, 627.0, 628.0, 629.0, 630.0, 631.0, 632.0, 633.0, 634.0, 635.0, 636.0, 637.0, 638.0, 639.0, 640.0, 641.0, 642.0, 643.0, 644.0, 645.0, 646.0, 647.0, 648.0, 649.0, 650.0, 651.0, 652.0, 653.0, 654.0, 655.0, 656.0, 657.0, 658.0, 659.0, 660.0, 661.0, 662.0, 663.0, 664.0, 665.0, 666.0, 667.0, 668.0, 669.0, 670.0, 671.0, 672.0, 673.0, 674.0, 675.0, 676.0, 677.0, 678.0, 679.0, 680.0, 681.0, 682.0, 683.0, 684.0, 685.0, 686.0, 687.0, 688.0, 689.0, 690.0, 691.0, 692.0, 693.0, 694.0, 695.0, 696.0, 697.0, 698.0, 699.0, 700.0, 701.0, 702.0, 703.0, 704.0, 705.0, 706.0, 707.0, 708.0, 709.0, 710.0, 711.0, 712.0, 713.0, 714.0, 715.0, 716.0, 717.0, 718.0, 719.0, 720.0, 721.0, 722.0, 723.0, 724.0, 725.0, 726.0, 727.0, 728.0, 729.0, 730.0, 731.0, 732.0, 733.0, 734.0, 735.0, 736.0, 737.0, 738.0, 739.0, 740.0, 741.0, 742.0, 743.0, 744.0, 745.0, 746.0, 747.0, 748.0, 749.0, 750.0, 751.0, 752.0, 753.0, 754.0, 755.0, 756.0, 757.0, 758.0, 759.0, 760.0, 761.0, 762.0, 763.0, 764.0, 765.0, 766.0, 767.0, 768.0, 769.0, 770.0, 771.0, 772.0, 773.0, 774.0, 775.0, 776.0, 777.0, 778.0, 779.0, 780.0, 781.0, 782.0, 783.0, 784.0, 785.0, 786.0, 787.0, 788.0, 789.0, 790.0, 791.0, 792.0, 793.0, 794.0, 795.0, 796.0, 797.0, 798.0, 799.0, 800.0, 801.0, 802.0, 803.0, 804.0, 805.0, 806.0, 807.0, 808.0, 809.0, 810.0, 811.0, 812.0, 813.0, 814.0, 815.0, 816.0, 817.0, 818.0, 819.0, 820.0, 821.0, 822.0, 823.0, 824.0, 825.0, 826.0, 827.0, 828.0, 829.0, 830.0, 831.0, 832.0, 833.0, 834.0, 835.0, 836.0, 837.0, 838.0, 839.0, 840.0, 841.0, 842.0, 843.0, 844.0, 845.0, 846.0, 847.0, 848.0, 849.0, 850.0, 851.0, 852.0, 853.0, 854.0, 855.0, 856.0, 857.0, 858.0, 859.0, 860.0, 861.0, 862.0, 863.0, 864.0, 865.0, 866.0, 867.0, 868.0, 869.0, 870.0, 871.0, 872.0, 873.0, 874.0, 875.0, 876.0, 877.0, 878.0, 879.0, 880.0, 881.0, 882.0, 883.0, 884.0, 885.0, 886.0, 887.0, 888.0, 889.0, 890.0, 891.0, 892.0, 893.0, 894.0, 895.0, 896.0, 897.0, 898.0, 899.0, 900.0, 901.0, 902.0, 903.0, 904.0, 905.0, 906.0, 907.0, 908.0, 909.0, 910.0, 911.0, 912.0, 913.0, 914.0, 915.0, 916.0, 917.0, 918.0, 919.0, 920.0, 921.0, 922.0, 923.0, 924.0, 925.0, 926.0, 927.0, 928.0, 929.0, 930.0, 931.0, 932.0, 933.0, 934.0, 935.0, 936.0, 937.0, 938.0, 939.0, 940.0, 941.0, 942.0, 943.0, 944.0, 945.0, 946.0, 947.0, 948.0, 949.0, 950.0, 951.0, 952.0, 953.0, 954.0, 955.0, 956.0, 957.0, 958.0, 959.0, 960.0, 961.0, 962.0, 963.0, 964.0, 965.0, 966.0, 967.0, 968.0, 969.0, 970.0, 971.0, 972.0, 973.0, 974.0, 975.0, 976.0, 977.0, 978.0, 979.0, 980.0, 981.0, 982.0, 983.0, 984.0, 985.0, 986.0, 987.0, 988.0, 989.0, 990.0, 991.0, 992.0, 993.0, 994.0, 995.0, 996.0, 997.0, 998.0, 999.0, 1000.0, 1001.0, 1002.0, 1003.0, 1004.0, 1005.0, 1006.0, 1007.0, 1008.0, 1009.0, 1010.0, 1011.0, 1012.0, 1013.0, 1014.0, 1015.0, 1016.0, 1017.0, 1018.0, 1019.0, 1020.0, 1021.0, 1022.0, 1023.0, 1024.0, 1025.0, 1026.0, 1027.0, 1028.0, 1029.0, 1030.0, 1031.0, 1032.0, 1033.0, 1034.0, 1035.0, 1036.0, 1037.0, 1038.0, 1039.0, 1040.0, 1041.0, 1042.0, 1043.0, 1044.0, 1045.0, 1046.0, 1047.0, 1048.0, 1049.0, 1050.0, 1051.0, 1052.0, 1053.0, 1054.0, 1055.0, 1056.0, 1057.0, 1058.0, 1059.0, 1060.0, 1061.0, 1062.0, 1063.0, 1064.0, 1065.0, 1066.0, 1067.0, 1068.0, 1069.0, 1070.0, 1071.0, 1072.0, 1073.0, 1074.0, 1075.0, 1076.0, 1077.0, 1078.0, 1079.0, 1080.0, 1081.0, 1082.0, 1083.0, 1084.0, 1085.0, 1086.0, 1087.0, 1088.0, 1089.0, 1090.0, 1091.0, 1092.0, 1093.0, 1094.0, 1095.0, 1096.0, 1097.0, 1098.0, 1099.0, 1100.0, 1101.0, 1102.0, 1103.0, 1104.0, 1105.0, 1106.0, 1107.0, 1108.0, 1109.0, 1110.0, 1111.0, 1112.0, 1113.0, 1114.0, 1115.0, 1116.0, 1117.0, 1118.0, 1119.0, 1120.0, 1121.0, 1122.0, 1123.0, 1124.0, 1125.0, 1126.0, 1127.0, 1128.0, 1129.0, 1130.0, 1131.0, 1132.0, 1133.0, 1134.0, 1135.0, 1136.0, 1137.0, 1138.0, 1139.0, 1140.0, 1141.0, 1142.0, 1143.0, 1144.0, 1145.0, 1146.0, 1147.0, 1148.0, 1149.0, 1150.0, 1151.0, 1152.0, 1153.0, 1154.0, 1155.0, 1156.0, 1157.0, 1158.0, 1159.0, 1160.0, 1161.0, 1162.0, 1163.0, 1164.0, 1165.0, 1166.0, 1167.0, 1168.0, 1169.0, 1170.0, 1171.0, 1172.0, 1173.0, 1174.0, 1175.0, 1176.0, 1177.0, 1178.0, 1179.0, 1180.0, 1181.0, 1182.0, 1183.0, 1184.0, 1185.0, 1186.0, 1187.0, 1188.0, 1189.0, 1190.0, 1191.0, 1192.0, 1193.0, 1194.0, 1195.0, 1196.0, 1197.0, 1198.0, 1199.0, 1200.0, 1201.0, 1202.0, 1203.0, 1204.0, 1205.0, 1206.0, 1207.0, 1208.0, 1209.0, 1210.0, 1211.0, 1212.0, 1213.0, 1214.0, 1215.0, 1216.0, 1217.0, 1218.0, 1219.0, 1220.0, 1221.0, 1222.0, 1223.0, 1224.0, 1225.0, 1226.0, 1227.0, 1228.0, 1229.0, 1230.0, 1231.0, 1232.0, 1233.0, 1234.0, 1235.0, 1236.0, 1237.0, 1238.0, 1239.0, 1240.0, 1241.0, 1242.0, 1243.0, 1244.0, 1245.0, 1246.0, 1247.0, 1248.0, 1249.0, 1250.0, 1251.0, 1252.0, 1253.0, 1254.0, 1255.0, 1256.0, 1257.0, 1258.0, 1259.0, 1260.0, 1261.0, 1262.0, 1263.0, 1264.0, 1265.0, 1266.0, 1267.0, 1268.0, 1269.0, 1270.0, 1271.0, 1272.0, 1273.0, 1274.0, 1275.0, 1276.0, 1277.0, 1278.0, 1279.0, 1280.0, 1281.0, 1282.0, 1283.0, 1284.0, 1285.0, 1286.0, 1287.0, 1288.0, 1289.0, 1290.0, 1291.0, 1292.0, 1293.0, 1294.0, 1295.0, 1296.0, 1297.0, 1298.0, 1299.0, 1300.0, 1301.0, 1302.0, 1303.0, 1304.0, 1305.0, 1306.0, 1307.0, 1308.0, 1309.0, 1310.0, 1311.0, 1312.0, 1313.0, 1314.0, 1315.0, 1316.0, 1317.0, 1318.0, 1319.0, 1320.0, 1321.0, 1322.0, 1323.0, 1324.0, 1325.0, 1326.0, 1327.0, 1328.0, 1329.0, 1330.0, 1331.0, 1332.0, 1333.0, 1334.0, 1335.0, 1336.0, 1337.0, 1338.0, 1339.0, 1340.0, 1341.0, 1342.0, 1343.0, 1344.0, 1345.0, 1346.0, 1347.0, 1348.0, 1349.0, 1350.0, 1351.0, 1352.0, 1353.0, 1354.0, 1355.0, 1356.0, 1357.0, 1358.0, 1359.0, 1360.0, 1361.0, 1362.0, 1363.0, 1364.0, 1365.0, 1366.0, 1367.0, 1368.0, 1369.0, 1370.0, 1371.0, 1372.0, 1373.0, 1374.0, 1375.0, 1376.0, 1377.0, 1378.0, 1379.0, 1380.0, 1381.0, 1382.0, 1383.0, 1384.0, 1385.0, 1386.0, 1387.0, 1388.0, 1389.0, 1390.0, 1391.0, 1392.0, 1393.0, 1394.0, 1395.0, 1396.0, 1397.0, 1398.0, 1399.0, 1400.0, 1401.0, 1402.0, 1403.0, 1404.0, 1405.0, 1406.0, 1407.0, 1408.0, 1409.0, 1410.0, 1411.0, 1412.0, 1413.0, 1414.0, 1415.0, 1416.0, 1417.0, 1418.0, 1419.0, 1420.0, 1421.0, 1422.0, 1423.0, 1424.0, 1425.0, 1426.0, 1427.0, 1428.0, 1429.0, 1430.0, 1431.0, 1432.0, 1433.0, 1434.0, 1435.0, 1436.0, 1437.0, 1438.0, 1439.0, 1440.0, 1441.0, 1442.0, 1443.0, 1444.0, 1445.0, 1446.0, 1447.0, 1448.0, 1449.0, 1450.0, 1451.0, 1452.0, 1453.0, 1454.0, 1455.0, 1456.0, 1457.0, 1458.0, 1459.0, 1460.0, 1461.0, 1462.0, 1463.0, 1464.0, 1465.0, 1466.0, 1467.0, 1468.0, 1469.0, 1470.0, 1471.0, 1472.0, 1473.0, 1474.0, 1475.0, 1476.0, 1477.0, 1478.0, 1479.0, 1480.0, 1481.0, 1482.0, 1483.0, 1484.0, 1485.0, 1486.0, 1487.0, 1488.0, 1489.0, 1490.0, 1491.0, 1492.0, 1493.0, 1494.0, 1495.0, 1496.0, 1497.0, 1498.0, 1499.0, 1500.0, 1501.0, 1502.0, 1503.0, 1504.0, 1505.0, 1506.0, 1507.0, 1508.0, 1509.0, 1510.0, 1511.0, 1512.0, 1513.0, 1514.0, 1515.0, 1516.0, 1517.0, 1518.0, 1519.0, 1520.0, 1521.0, 1522.0, 1523.0, 1524.0, 1525.0, 1526.0, 1527.0, 1528.0, 1529.0, 1530.0, 1531.0, 1532.0, 1533.0, 1534.0, 1535.0, 1536.0, 1537.0, 1538.0, 1539.0, 1540.0, 1541.0, 1542.0, 1543.0, 1544.0, 1545.0, 1546.0, 1547.0, 1548.0, 1549.0, 1550.0, 1551.0, 1552.0, 1553.0, 1554.0, 1555.0, 1556.0, 1557.0, 1558.0, 1559.0, 1560.0, 1561.0, 1562.0, 1563.0, 1564.0, 1565.0, 1566.0, 1567.0, 1568.0, 1569.0, 1570.0, 1571.0, 1572.0, 1573.0, 1574.0, 1575.0, 1576.0, 1577.0, 1578.0, 1579.0, 1580.0, 1581.0, 1582.0, 1583.0, 1584.0, 1585.0, 1586.0, 1587.0, 1588.0, 1589.0, 1590.0, 1591.0, 1592.0, 1593.0, 1594.0, 1595.0, 1596.0, 1597.0, 1598.0, 1599.0, 1600.0, 1601.0, 1602.0, 1603.0, 1604.0, 1605.0, 1606.0, 1607.0, 1608.0, 1609.0, 1610.0, 1611.0, 1612.0, 1613.0, 1614.0, 1615.0, 1616.0, 1617.0, 1618.0, 1619.0, 1620.0, 1621.0, 1622.0, 1623.0, 1624.0, 1625.0, 1626.0, 1627.0, 1628.0, 1629.0, 1630.0, 1631.0, 1632.0, 1633.0, 1634.0, 1635.0, 1636.0, 1637.0, 1638.0, 1639.0, 1640.0, 1641.0, 1642.0, 1643.0, 1644.0, 1645.0, 1646.0, 1647.0, 1648.0, 1649.0, 1650.0, 1651.0, 1652.0, 1653.0, 1654.0, 1655.0, 1656.0, 1657.0, 1658.0, 1659.0, 1660.0, 1661.0, 1662.0, 1663.0, 1664.0, 1665.0, 1666.0, 1667.0, 1668.0, 1669.0, 1670.0, 1671.0, 1672.0, 1673.0, 1674.0, 1675.0, 1676.0, 1677.0, 1678.0, 1679.0, 1680.0, 1681.0, 1682.0, 1683.0, 1684.0, 1685.0, 1686.0, 1687.0, 1688.0, 1689.0, 1690.0, 1691.0, 1692.0, 1693.0, 1694.0, 1695.0, 1696.0, 1697.0, 1698.0, 1699.0, 1700.0, 1701.0, 1702.0, 1703.0, 1704.0, 1705.0, 1706.0, 1707.0, 1708.0, 1709.0, 1710.0, 1711.0, 1712.0, 1713.0, 1714.0, 1715.0, 1716.0, 1717.0, 1718.0, 1719.0, 1720.0, 1721.0, 1722.0, 1723.0, 1724.0, 1725.0, 1726.0, 1727.0, 1728.0, 1729.0, 1730.0, 1731.0, 1732.0, 1733.0, 1734.0, 1735.0, 1736.0, 1737.0, 1738.0, 1739.0, 1740.0, 1741.0, 1742.0, 1743.0, 1744.0, 1745.0, 1746.0, 1747.0, 1748.0, 1749.0, 1750.0, 1751.0, 1752.0, 1753.0, 1754.0, 1755.0, 1756.0, 1757.0, 1758.0, 1759.0, 1760.0, 1761.0, 1762.0, 1763.0, 1764.0, 1765.0, 1766.0, 1767.0, 1768.0, 1769.0, 1770.0, 1771.0, 1772.0, 1773.0, 1774.0, 1775.0, 1776.0, 1777.0, 1778.0, 1779.0, 1780.0, 1781.0, 1782.0, 1783.0, 1784.0, 1785.0, 1786.0, 1787.0, 1788.0, 1789.0, 1790.0, 1791.0, 1792.0, 1793.0, 1794.0, 1795.0, 1796.0, 1797.0, 1798.0, 1799.0, 1800.0, 1801.0, 1802.0, 1803.0, 1804.0, 1805.0, 1806.0, 1807.0, 1808.0, 1809.0, 1810.0, 1811.0, 1812.0, 1813.0, 1814.0, 1815.0, 1816.0, 1817.0, 1818.0, 1819.0, 1820.0, 1821.0, 1822.0, 1823.0, 1824.0, 1825.0, 1826.0, 1827.0, 1828.0, 1829.0, 1830.0, 1831.0, 1832.0, 1833.0, 1834.0, 1835.0, 1836.0, 1837.0, 1838.0, 1839.0, 1840.0, 1841.0, 1842.0, 1843.0, 1844.0, 1845.0, 1846.0, 1847.0, 1848.0, 1849.0, 1850.0, 1851.0, 1852.0, 1853.0, 1854.0, 1855.0, 1856.0, 1857.0, 1858.0, 1859.0, 1860.0, 1861.0, 1862.0, 1863.0, 1864.0, 1865.0, 1866.0, 1867.0, 1868.0, 1869.0, 1870.0, 1871.0, 1872.0, 1873.0, 1874.0, 1875.0, 1876.0, 1877.0, 1878.0, 1879.0, 1880.0, 1881.0, 1882.0, 1883.0, 1884.0, 1885.0, 1886.0, 1887.0, 1888.0, 1889.0, 1890.0, 1891.0, 1892.0, 1893.0, 1894.0, 1895.0, 1896.0, 1897.0, 1898.0, 1899.0, 1900.0, 1901.0, 1902.0, 1903.0, 1904.0, 1905.0, 1906.0, 1907.0, 1908.0, 1909.0, 1910.0, 1911.0, 1912.0, 1913.0, 1914.0, 1915.0, 1916.0, 1917.0, 1918.0, 1919.0, 1920.0, 1921.0, 1922.0, 1923.0, 1924.0, 1925.0, 1926.0, 1927.0, 1928.0, 1929.0, 1930.0, 1931.0, 1932.0, 1933.0, 1934.0, 1935.0, 1936.0, 1937.0, 1938.0, 1939.0, 1940.0, 1941.0, 1942.0, 1943.0, 1944.0, 1945.0, 1946.0, 1947.0, 1948.0, 1949.0, 1950.0, 1951.0, 1952.0, 1953.0, 1954.0, 1955.0, 1956.0, 1957.0, 1958.0, 1959.0, 1960.0, 1961.0, 1962.0, 1963.0, 1964.0, 1965.0, 1966.0, 1967.0, 1968.0, 1969.0, 1970.0, 1971.0, 1972.0, 1973.0, 1974.0, 1975.0, 1976.0, 1977.0, 1978.0, 1979.0, 1980.0, 1981.0, 1982.0, 1983.0, 1984.0, 1985.0, 1986.0, 1987.0, 1988.0, 1989.0, 1990.0, 1991.0, 1992.0, 1993.0, 1994.0, 1995.0, 1996.0, 1997.0, 1998.0, 1999.0, 2000.0, 2001.0, 2002.0, 2003.0, 2004.0, 2005.0, 2006.0, 2007.0, 2008.0, 2009.0, 2010.0, 2011.0, 2012.0, 2013.0, 2014.0, 2015.0, 2016.0, 2017.0, 2018.0, 2019.0, 2020.0, 2021.0, 2022.0, 2023.0, 2024.0, 2025.0, 2026.0, 2027.0, 2028.0, 2029.0, 2030.0, 2031.0, 2032.0, 2033.0, 2034.0, 2035.0, 2036.0, 2037.0, 2038.0, 2039.0, 2040.0, 2041.0, 2042.0, 2043.0, 2044.0, 2045.0, 2046.0, 2047.0, 2048.0, 2049.0, 2050.0, 2051.0, 2052.0, 2053.0, 2054.0, 2055.0, 2056.0, 2057.0, 2058.0, 2059.0, 2060.0, 2061.0, 2062.0, 2063.0, 2064.0, 2065.0, 2066.0, 2067.0, 2068.0, 2069.0, 2070.0, 2071.0, 2072.0, 2073.0, 2074.0, 2075.0, 2076.0, 2077.0, 2078.0, 2079.0, 2080.0, 2081.0, 2082.0, 2083.0, 2084.0, 2085.0, 2086.0, 2087.0, 2088.0, 2089.0, 2090.0, 2091.0, 2092.0, 2093.0, 2094.0, 2095.0, 2096.0, 2097.0, 2098.0, 2099.0, 2100.0, 2101.0, 2102.0, 2103.0, 2104.0, 2105.0, 2106.0, 2107.0, 2108.0, 2109.0, 2110.0, 2111.0, 2112.0, 2113.0, 2114.0, 2115.0, 2116.0, 2117.0, 2118.0, 2119.0, 2120.0, 2121.0, 2122.0, 2123.0, 2124.0, 2125.0, 2126.0, 2127.0, 2128.0, 2129.0, 2130.0, 2131.0, 2132.0, 2133.0, 2134.0, 2135.0, 2136.0, 2137.0, 2138.0, 2139.0, 2140.0, 2141.0, 2142.0, 2143.0, 2144.0, 2145.0, 2146.0, 2147.0, 2148.0, 2149.0, 2150.0, 2151.0, 2152.0, 2153.0, 2154.0, 2155.0, 2156.0, 2157.0, 2158.0, 2159.0, 2160.0, 2161.0, 2162.0, 2163.0, 2164.0, 2165.0, 2166.0, 2167.0, 2168.0, 2169.0, 2170.0, 2171.0, 2172.0, 2173.0, 2174.0, 2175.0, 2176.0, 2177.0, 2178.0, 2179.0, 2180.0, 2181.0, 2182.0, 2183.0, 2184.0, 2185.0, 2186.0, 2187.0, 2188.0, 2189.0, 2190.0, 2191.0, 2192.0, 2193.0, 2194.0, 2195.0, 2196.0, 2197.0, 2198.0, 2199.0, 2200.0, 2201.0, 2202.0, 2203.0, 2204.0, 2205.0, 2206.0, 2207.0, 2208.0, 2209.0, 2210.0, 2211.0, 2212.0, 2213.0, 2214.0, 2215.0, 2216.0, 2217.0, 2218.0, 2219.0, 2220.0, 2221.0, 2222.0, 2223.0, 2224.0, 2225.0, 2226.0, 2227.0, 2228.0, 2229.0, 2230.0, 2231.0, 2232.0, 2233.0, 2234.0, 2235.0, 2236.0, 2237.0, 2238.0, 2239.0, 2240.0, 2241.0, 2242.0, 2243.0, 2244.0, 2245.0, 2246.0, 2247.0, 2248.0, 2249.0, 2250.0, 2251.0, 2252.0, 2253.0, 2254.0, 2255.0, 2256.0, 2257.0, 2258.0, 2259.0, 2260.0, 2261.0, 2262.0, 2263.0, 2264.0, 2265.0, 2266.0, 2267.0, 2268.0, 2269.0, 2270.0, 2271.0, 2272.0, 2273.0, 2274.0, 2275.0, 2276.0, 2277.0, 2278.0, 2279.0, 2280.0, 2281.0, 2282.0, 2283.0, 2284.0, 2285.0, 2286.0, 2287.0, 2288.0, 2289.0, 2290.0, 2291.0, 2292.0, 2293.0, 2294.0, 2295.0, 2296.0, 2297.0, 2298.0, 2299.0, 2300.0, 2301.0, 2302.0, 2303.0, 2304.0, 2305.0, 2306.0, 2307.0, 2308.0, 2309.0, 2310.0, 2311.0, 2312.0, 2313.0, 2314.0, 2315.0, 2316.0, 2317.0, 2318.0, 2319.0, 2320.0, 2321.0, 2322.0, 2323.0, 2324.0, 2325.0, 2326.0, 2327.0, 2328.0, 2329.0, 2330.0, 2331.0, 2332.0, 2333.0, 2334.0, 2335.0, 2336.0, 2337.0, 2338.0, 2339.0, 2340.0, 2341.0, 2342.0, 2343.0, 2344.0, 2345.0, 2346.0, 2347.0, 2348.0, 2349.0, 2350.0, 2351.0, 2352.0, 2353.0, 2354.0, 2355.0, 2356.0, 2357.0, 2358.0, 2359.0, 2360.0, 2361.0, 2362.0, 2363.0, 2364.0, 2365.0, 2366.0, 2367.0, 2368.0, 2369.0, 2370.0, 2371.0, 2372.0, 2373.0, 2374.0, 2375.0, 2376.0, 2377.0, 2378.0, 2379.0, 2380.0, 2381.0, 2382.0, 2383.0, 2384.0, 2385.0, 2386.0, 2387.0, 2388.0, 2389.0, 2390.0, 2391.0, 2392.0, 2393.0, 2394.0, 2395.0, 2396.0, 2397.0, 2398.0, 2399.0, 2400.0]","[0.0, 0.0, 0.0, 0.0, 0.0, 0.0, 0.0, 0.0, 0.0, 0.0, 0.0, 0.0, 0.0, 0.0, 0.00012, 0.00012, 0.00012, 0.00012, 0.00012, 0.00012, 0.00012, 0.00012, 0.00012, 0.00012, 0.00012, 0.00012, 0.00012, 0.00012, 0.00012, 0.00012, 0.00012, 0.00012, 0.00012, 0.00012, 0.00012, 0.00012, 0.00012, 0.00012, 0.00012, 0.00012, 0.00012, 0.00012, 0.00012, 0.00012, 0.00012, 0.00012, 0.00012, 0.00012, 0.00012, 0.00012, 0.00012, 0.00012, 0.00024, 0.00024, 0.00024, 0.00024, 0.00036, 0.00036, 0.00036, 0.00036, 0.00036, 0.00036, 0.00036, 0.00036, 0.00036, 0.00036, 0.00036, 0.00048, 0.00048, 0.00048, 0.00048, 0.00048, 0.00048, 0.00048, 0.0006000000000000001, 0.0006000000000000001, 0.0006000000000000001, 0.0006000000000000001, 0.0006000000000000001, 0.0006000000000000001, 0.0006000000000000001, 0.0006000000000000001, 0.0006000000000000001, 0.0006000000000000001, 0.0006000000000000001, 0.0006000000000000001, 0.0006000000000000001, 0.0006000000000000001, 0.0006000000000000001, 0.0006000000000000001, 0.00072, 0.00072, 0.00072, 0.00072, 0.00072, 0.00072, 0.00072, 0.00072, 0.00072, 0.00072, 0.00072, 0.00072, 0.00072, 0.00072, 0.00072, 0.00072, 0.00072, 0.00072, 0.00072, 0.00072, 0.00072, 0.00072, 0.00084, 0.00084, 0.00084, 0.00084, 0.00084, 0.00084, 0.00084, 0.00084, 0.00084, 0.00084, 0.00084, 0.00084, 0.00084, 0.00084, 0.00084, 0.00084, 0.00084, 0.00084, 0.00084, 0.00084, 0.00084, 0.00084, 0.00084, 0.00084, 0.00084, 0.00084, 0.00084, 0.00084, 0.00084, 0.00084, 0.00084, 0.00084, 0.00084, 0.00084, 0.00096, 0.00096, 0.00096, 0.00096, 0.00096, 0.0010800000000000002, 0.0010800000000000002, 0.0010800000000000002, 0.0010800000000000002, 0.0010800000000000002, 0.0010800000000000002, 0.0010800000000000002, 0.0010800000000000002, 0.0010800000000000002, 0.0010800000000000002, 0.0010800000000000002, 0.0010800000000000002, 0.0010800000000000002, 0.0010800000000000002, 0.0010800000000000002, 0.0010800000000000002, 0.0012000000000000001, 0.0012000000000000001, 0.0012000000000000001, 0.0012000000000000001, 0.0012000000000000001, 0.0012000000000000001, 0.0012000000000000001, 0.0012000000000000001, 0.0012000000000000001, 0.0012000000000000001, 0.0012000000000000001, 0.0012000000000000001, 0.0012000000000000001, 0.0012000000000000001, 0.0012000000000000001, 0.0012000000000000001, 0.0012000000000000001, 0.0012000000000000001, 0.0012000000000000001, 0.0012000000000000001, 0.0012000000000000001, 0.0012000000000000001, 0.0012000000000000001, 0.0012000000000000001, 0.0012000000000000001, 0.0012000000000000001, 0.0012000000000000001, 0.0012000000000000001, 0.0012000000000000001, 0.0012000000000000001, 0.0012000000000000001, 0.0012000000000000001, 0.0012000000000000001, 0.0012000000000000001, 0.0012000000000000001, 0.0012000000000000001, 0.0012000000000000001, 0.0012000000000000001, 0.0012000000000000001, 0.0012000000000000001, 0.0012000000000000001, 0.00132, 0.00132, 0.00132, 0.00132, 0.00132, 0.00132, 0.00132, 0.00132, 0.00132, 0.00132, 0.00132, 0.00132, 0.00132, 0.00132, 0.00132, 0.00132, 0.00132, 0.00132, 0.00132, 0.00132, 0.00132, 0.00132, 0.00132, 0.00132, 0.00132, 0.00132, 0.00132, 0.00132, 0.00132, 0.00132, 0.00132, 0.00132, 0.00132, 0.00132, 0.00132, 0.00132, 0.00132, 0.00132, 0.00132, 0.00132, 0.00132, 0.00132, 0.00132, 0.00132, 0.00132, 0.00144, 0.00156, 0.00156, 0.00156, 0.00156, 0.00156, 0.00156, 0.00156, 0.00156, 0.00156, 0.00156, 0.00168, 0.00168, 0.00168, 0.00168, 0.00168, 0.00168, 0.00168, 0.00168, 0.0018, 0.0018, 0.0018, 0.0018, 0.00192, 0.00192, 0.00192, 0.00192, 0.00192, 0.00192, 0.00192, 0.00192, 0.00192, 0.00192, 0.00192, 0.00192, 0.00192, 0.00192, 0.00192, 0.00192, 0.00192, 0.00192, 0.00192, 0.00192, 0.00192, 0.00192, 0.00192, 0.00192, 0.00204, 0.00204, 0.00204, 0.00204, 0.00204, 0.00204, 0.00204, 0.00204, 0.00204, 0.00204, 0.00204, 0.00204, 0.00204, 0.00204, 0.00204, 0.00204, 0.00204, 0.00204, 0.00204, 0.00204, 0.00204, 0.00204, 0.00204, 0.00204, 0.00204, 0.00204, 0.00204, 0.00204, 0.00204, 0.00204, 0.00204, 0.00204, 0.00204, 0.00204, 0.00204, 0.0021600000000000005, 0.0021600000000000005, 0.0021600000000000005, 0.0021600000000000005, 0.0021600000000000005, 0.0021600000000000005, 0.0021600000000000005, 0.0021600000000000005, 0.0021600000000000005, 0.0021600000000000005, 0.0021600000000000005, 0.00228, 0.00228, 0.00228, 0.00228, 0.0024000000000000002, 0.0024000000000000002, 0.0024000000000000002, 0.0024000000000000002, 0.0024000000000000002, 0.0024000000000000002, 0.0024000000000000002, 0.0024000000000000002, 0.0024000000000000002, 0.0024000000000000002, 0.0024000000000000002, 0.0024000000000000002, 0.0024000000000000002, 0.0024000000000000002, 0.0024000000000000002, 0.0024000000000000002, 0.0024000000000000002, 0.0024000000000000002, 0.0024000000000000002, 0.0024000000000000002, 0.0024000000000000002, 0.0024000000000000002, 0.0024000000000000002, 0.0024000000000000002, 0.0024000000000000002, 0.0024000000000000002, 0.0024000000000000002, 0.0024000000000000002, 0.0024000000000000002, 0.0024000000000000002, 0.0024000000000000002, 0.0024000000000000002, 0.0024000000000000002, 0.0024000000000000002, 0.0024000000000000002, 0.00252, 0.00252, 0.00252, 0.00252, 0.00252, 0.00252, 0.00252, 0.00252, 0.00252, 0.00252, 0.00252, 0.00252, 0.00264, 0.00264, 0.00264, 0.0027600000000000003, 0.0027600000000000003, 0.0027600000000000003, 0.0027600000000000003, 0.0027600000000000003, 0.0027600000000000003, 0.0027600000000000003, 0.0027600000000000003, 0.0027600000000000003, 0.0027600000000000003, 0.00288, 0.00288, 0.00288, 0.00288, 0.00288, 0.00288, 0.00288, 0.00288, 0.00288, 0.00288, 0.00288, 0.00288, 0.00288, 0.00288, 0.00288, 0.00288, 0.00288, 0.00288, 0.00288, 0.00288, 0.00288, 0.00288, 0.00288, 0.00288, 0.0030000000000000005, 0.0030000000000000005, 0.0030000000000000005, 0.0030000000000000005, 0.0030000000000000005, 0.0030000000000000005, 0.0030000000000000005, 0.0030000000000000005, 0.00312, 0.00312, 0.00312, 0.00312, 0.00312, 0.00312, 0.00312, 0.00312, 0.00312, 0.00312, 0.00312, 0.00312, 0.00312, 0.00312, 0.00312, 0.00312, 0.00312, 0.00312, 0.00312, 0.00312, 0.00312, 0.00312, 0.00312, 0.00312, 0.00312, 0.00312, 0.00312, 0.00312, 0.00312, 0.00312, 0.00312, 0.00312, 0.00312, 0.00312, 0.00312, 0.00312, 0.00312, 0.00312, 0.00312, 0.00312, 0.00312, 0.0032400000000000003, 0.0032400000000000003, 0.0032400000000000003, 0.0032400000000000003, 0.0032400000000000003, 0.0032400000000000003, 0.0032400000000000003, 0.0032400000000000003, 0.0032400000000000003, 0.0032400000000000003, 0.0032400000000000003, 0.0032400000000000003, 0.0032400000000000003, 0.0032400000000000003, 0.0032400000000000003, 0.0032400000000000003, 0.0032400000000000003, 0.0032400000000000003, 0.0034799999999999996, 0.0034799999999999996, 0.0034799999999999996, 0.0034799999999999996, 0.0034799999999999996, 0.0034799999999999996, 0.0036, 0.0036, 0.0036, 0.0036, 0.0036, 0.0036, 0.0036, 0.0036, 0.0036, 0.0036, 0.0037199999999999998, 0.0037199999999999998, 0.0037199999999999998, 0.0037199999999999998, 0.00384, 0.00396, 0.00396, 0.00396, 0.00396, 0.00396, 0.00396, 0.00396, 0.00396, 0.00396, 0.00396, 0.00396, 0.00396, 0.00396, 0.00396, 0.00396, 0.00396, 0.00396, 0.00396, 0.00396, 0.00396, 0.00396, 0.00396, 0.00396, 0.00396, 0.00396, 0.00396, 0.00396, 0.00396, 0.00396, 0.00396, 0.00396, 0.00396, 0.00396, 0.00396, 0.00396, 0.00396, 0.00396, 0.00396, 0.00396, 0.00396, 0.00396, 0.00396, 0.00408, 0.00408, 0.00408, 0.00408, 0.00408, 0.00408, 0.00408, 0.004200000000000001, 0.004200000000000001, 0.004200000000000001, 0.004200000000000001, 0.00432, 0.00432, 0.00432, 0.00432, 0.00432, 0.00432, 0.00432, 0.00432, 0.00432, 0.00432, 0.00432, 0.00432, 0.00432, 0.00432, 0.00432, 0.00432, 0.00432, 0.00432, 0.00432, 0.00432, 0.00432, 0.00432, 0.00432, 0.00432, 0.00432, 0.00432, 0.00444, 0.00444, 0.00444, 0.00444, 0.00444, 0.00444, 0.00444, 0.00444, 0.00444, 0.00456, 0.00468, 0.00468, 0.00468, 0.00468, 0.00468, 0.0048000000000000004, 0.0048000000000000004, 0.0048000000000000004, 0.0048000000000000004, 0.0048000000000000004, 0.0048000000000000004, 0.0048000000000000004, 0.0048000000000000004, 0.0048000000000000004, 0.0048000000000000004, 0.0048000000000000004, 0.0048000000000000004, 0.0048000000000000004, 0.0048000000000000004, 0.0048000000000000004, 0.0048000000000000004, 0.0048000000000000004, 0.0048000000000000004, 0.0048000000000000004, 0.0048000000000000004, 0.0048000000000000004, 0.0048000000000000004, 0.0048000000000000004, 0.004920000000000001, 0.004920000000000001, 0.004920000000000001, 0.004920000000000001, 0.004920000000000001, 0.004920000000000001, 0.004920000000000001, 0.004920000000000001, 0.004920000000000001, 0.004920000000000001, 0.004920000000000001, 0.004920000000000001, 0.004920000000000001, 0.004920000000000001, 0.00504, 0.00504, 0.00504, 0.00504, 0.00504, 0.00504, 0.00504, 0.00504, 0.00504, 0.00504, 0.00504, 0.00504, 0.00504, 0.00504, 0.00504, 0.00504, 0.0051600000000000005, 0.0051600000000000005, 0.0051600000000000005, 0.0051600000000000005, 0.0051600000000000005, 0.0051600000000000005, 0.0051600000000000005, 0.0051600000000000005, 0.0051600000000000005, 0.0051600000000000005, 0.0051600000000000005, 0.0051600000000000005, 0.0051600000000000005, 0.0051600000000000005, 0.0051600000000000005, 0.0051600000000000005, 0.0051600000000000005, 0.0051600000000000005, 0.0051600000000000005, 0.0051600000000000005, 0.0051600000000000005, 0.0051600000000000005, 0.0051600000000000005, 0.0051600000000000005, 0.0051600000000000005, 0.0051600000000000005, 0.0051600000000000005, 0.0051600000000000005, 0.0051600000000000005, 0.0051600000000000005, 0.0051600000000000005, 0.0051600000000000005, 0.0051600000000000005, 0.0051600000000000005, 0.0051600000000000005, 0.0051600000000000005, 0.0051600000000000005, 0.0051600000000000005, 0.0051600000000000005, 0.0051600000000000005, 0.0051600000000000005, 0.0051600000000000005, 0.0051600000000000005, 0.0051600000000000005, 0.0051600000000000005, 0.0051600000000000005, 0.0051600000000000005, 0.0051600000000000005, 0.0051600000000000005, 0.0051600000000000005, 0.0051600000000000005, 0.0051600000000000005, 0.0051600000000000005, 0.0051600000000000005, 0.0051600000000000005, 0.0051600000000000005, 0.0051600000000000005, 0.00528, 0.00528, 0.00528, 0.00528, 0.00528, 0.00528, 0.00528, 0.00528, 0.00528, 0.00528, 0.00528, 0.00528, 0.00528, 0.00528, 0.00528, 0.00528, 0.00528, 0.00528, 0.00528, 0.00528, 0.00528, 0.00528, 0.00528, 0.00528, 0.00528, 0.00528, 0.00528, 0.00528, 0.00528, 0.00528, 0.00528, 0.00528, 0.00528, 0.00528, 0.0054, 0.0054, 0.0054, 0.0054, 0.0054, 0.0054, 0.005520000000000001, 0.005520000000000001, 0.005520000000000001, 0.005520000000000001, 0.005520000000000001, 0.005520000000000001, 0.005520000000000001, 0.005520000000000001, 0.005520000000000001, 0.005520000000000001, 0.005520000000000001, 0.005520000000000001, 0.005520000000000001, 0.005520000000000001, 0.005520000000000001, 0.005520000000000001, 0.005520000000000001, 0.005520000000000001, 0.005520000000000001, 0.005520000000000001, 0.005520000000000001, 0.005520000000000001, 0.005520000000000001, 0.005520000000000001, 0.005520000000000001, 0.005520000000000001, 0.005520000000000001, 0.005520000000000001, 0.005520000000000001, 0.005520000000000001, 0.005520000000000001, 0.005520000000000001, 0.005520000000000001, 0.005520000000000001, 0.005520000000000001, 0.005640000000000001, 0.005640000000000001, 0.005640000000000001, 0.005640000000000001, 0.00576, 0.00576, 0.00576, 0.00576, 0.00576, 0.00576, 0.00576, 0.00576, 0.00576, 0.00576, 0.00576, 0.00576, 0.00576, 0.00576, 0.00576, 0.00576, 0.00576, 0.00576, 0.00576, 0.00576, 0.00576, 0.00576, 0.005880000000000001, 0.005880000000000001, 0.005880000000000001, 0.005880000000000001, 0.005880000000000001, 0.006000000000000001, 0.006000000000000001, 0.006000000000000001, 0.006000000000000001, 0.006000000000000001, 0.006000000000000001, 0.006000000000000001, 0.006000000000000001, 0.006000000000000001, 0.006000000000000001, 0.006000000000000001, 0.006000000000000001, 0.006000000000000001, 0.006000000000000001, 0.006000000000000001, 0.006000000000000001, 0.006000000000000001, 0.006000000000000001, 0.006000000000000001, 0.006000000000000001, 0.006000000000000001, 0.006000000000000001, 0.006000000000000001, 0.006000000000000001, 0.006000000000000001, 0.006000000000000001, 0.006120000000000001, 0.006120000000000001, 0.006120000000000001, 0.006120000000000001, 0.006120000000000001, 0.006120000000000001, 0.006120000000000001, 0.006120000000000001, 0.006120000000000001, 0.006120000000000001, 0.006120000000000001, 0.006120000000000001, 0.006120000000000001, 0.006120000000000001, 0.006120000000000001, 0.006120000000000001, 0.006120000000000001, 0.006120000000000001, 0.006120000000000001, 0.006120000000000001, 0.006120000000000001, 0.006120000000000001, 0.006120000000000001, 0.006120000000000001, 0.006120000000000001, 0.006120000000000001, 0.006120000000000001, 0.006120000000000001, 0.006240000000000001, 0.006360000000000001, 0.006360000000000001, 0.006360000000000001, 0.006360000000000001, 0.006480000000000001, 0.006480000000000001, 0.006480000000000001, 0.006480000000000001, 0.0066, 0.0066, 0.0066, 0.0066, 0.0066, 0.0066, 0.0066, 0.0066, 0.0066, 0.0066, 0.0066, 0.0066, 0.0066, 0.0066, 0.0066, 0.0066, 0.0066, 0.0066, 0.0066, 0.0066, 0.0066, 0.0066, 0.0066, 0.0066, 0.0066, 0.0066, 0.0066, 0.0066, 0.0066, 0.0066, 0.0066, 0.0066, 0.0066, 0.0066, 0.0066, 0.0066, 0.0066, 0.0066, 0.0066, 0.0066, 0.0066, 0.006719999999999999, 0.00684, 0.00684, 0.00684, 0.00684, 0.00684, 0.00684, 0.00684, 0.00684, 0.00684, 0.00684, 0.00684, 0.00684, 0.00684, 0.00684, 0.00684, 0.00684, 0.00684, 0.00684, 0.00684, 0.00684, 0.00684, 0.00684, 0.00684, 0.00684, 0.00684, 0.00684, 0.00684, 0.00684, 0.00684, 0.00684, 0.00684, 0.00684, 0.00684, 0.00684, 0.00684, 0.00684, 0.00684, 0.00684, 0.00684, 0.00684, 0.00684, 0.00684, 0.00684, 0.00684, 0.00684, 0.00684, 0.00684, 0.00684, 0.00684, 0.00684, 0.00684, 0.00684, 0.00684, 0.00684, 0.00684, 0.00684, 0.00684, 0.006959999999999999, 0.006959999999999999, 0.006959999999999999, 0.006959999999999999, 0.006959999999999999, 0.006959999999999999, 0.006959999999999999, 0.006959999999999999, 0.0070799999999999995, 0.0070799999999999995, 0.0070799999999999995, 0.0072, 0.0072, 0.0072, 0.0072, 0.0072, 0.0072, 0.0072, 0.0072, 0.0072, 0.0072, 0.0072, 0.0072, 0.0072, 0.0072, 0.0072, 0.0072, 0.0072, 0.0072, 0.0072, 0.0072, 0.0072, 0.0072, 0.0072, 0.00732, 0.00732, 0.00732, 0.00732, 0.00732, 0.00732, 0.00732, 0.00732, 0.00732, 0.00732, 0.00732, 0.00732, 0.00732, 0.00732, 0.0074399999999999996, 0.0074399999999999996, 0.0074399999999999996, 0.0074399999999999996, 0.0074399999999999996, 0.0074399999999999996, 0.0074399999999999996, 0.0074399999999999996, 0.0074399999999999996, 0.0074399999999999996, 0.0074399999999999996, 0.0074399999999999996, 0.0074399999999999996, 0.0074399999999999996, 0.0074399999999999996, 0.0074399999999999996, 0.0074399999999999996, 0.0074399999999999996, 0.0074399999999999996, 0.0074399999999999996, 0.0074399999999999996, 0.0074399999999999996, 0.0074399999999999996, 0.0074399999999999996, 0.0074399999999999996, 0.0074399999999999996, 0.00756, 0.00756, 0.00756, 0.00756, 0.00768, 0.00768, 0.00768, 0.00768, 0.00768, 0.00768, 0.00768, 0.00768, 0.0078000000000000005, 0.0078000000000000005, 0.0078000000000000005, 0.0078000000000000005, 0.0078000000000000005, 0.0078000000000000005, 0.0078000000000000005, 0.0078000000000000005, 0.0078000000000000005, 0.0078000000000000005, 0.0078000000000000005, 0.0078000000000000005, 0.0078000000000000005, 0.0078000000000000005, 0.0078000000000000005, 0.0078000000000000005, 0.0078000000000000005, 0.0078000000000000005, 0.0078000000000000005, 0.00792, 0.00792, 0.00792, 0.00792, 0.00792, 0.00792, 0.00792, 0.00792, 0.00792, 0.00792, 0.00792, 0.00792, 0.00792, 0.00792, 0.00792, 0.00792, 0.00792, 0.00792, 0.00792, 0.00792, 0.00792, 0.00792, 0.00792, 0.00792, 0.00792, 0.00792, 0.00792, 0.00792, 0.00792, 0.00804, 0.00804, 0.00804, 0.00804, 0.00804, 0.00804, 0.00804, 0.00804, 0.00804, 0.00804, 0.00804, 0.00804, 0.00804, 0.00804, 0.00804, 0.00804, 0.00816, 0.00816, 0.00816, 0.00816, 0.00816, 0.00816, 0.00816, 0.00816, 0.00816, 0.00816, 0.00816, 0.00816, 0.00816, 0.00816, 0.00816, 0.00816, 0.00816, 0.00816, 0.00816, 0.00816, 0.00816, 0.00816, 0.00816, 0.00816, 0.00816, 0.00816, 0.00816, 0.00816, 0.00816, 0.00816, 0.00816, 0.00816, 0.00816, 0.00816, 0.00816, 0.00816, 0.00816, 0.00816, 0.00816, 0.00816, 0.00816, 0.00816, 0.00816, 0.00816, 0.008280000000000001, 0.008280000000000001, 0.008280000000000001, 0.008280000000000001, 0.008400000000000001, 0.008400000000000001, 0.008400000000000001, 0.008400000000000001, 0.008400000000000001, 0.008400000000000001, 0.008400000000000001, 0.008400000000000001, 0.008520000000000002, 0.008520000000000002, 0.008520000000000002, 0.008520000000000002, 0.008520000000000002, 0.008520000000000002, 0.008520000000000002, 0.008640000000000002, 0.008640000000000002, 0.008640000000000002, 0.008640000000000002, 0.008640000000000002, 0.008640000000000002, 0.008640000000000002, 0.008640000000000002, 0.008640000000000002, 0.008640000000000002, 0.008640000000000002, 0.008640000000000002, 0.008640000000000002, 0.008640000000000002, 0.008640000000000002, 0.008640000000000002, 0.008640000000000002, 0.008640000000000002, 0.008640000000000002, 0.008640000000000002, 0.008640000000000002, 0.008640000000000002, 0.008640000000000002, 0.008640000000000002, 0.008640000000000002, 0.008640000000000002, 0.008640000000000002, 0.00876, 0.00876, 0.00876, 0.00876, 0.00876, 0.00876, 0.00888, 0.00888, 0.009000000000000001, 0.009000000000000001, 0.009000000000000001, 0.009120000000000001, 0.009120000000000001, 0.009120000000000001, 0.009120000000000001, 0.009120000000000001, 0.009120000000000001, 0.009120000000000001, 0.009120000000000001, 0.009120000000000001, 0.009120000000000001, 0.009120000000000001, 0.009120000000000001, 0.009240000000000002, 0.009240000000000002, 0.009240000000000002, 0.009240000000000002, 0.00936, 0.00936, 0.00936, 0.00936, 0.00936, 0.00936, 0.00936, 0.00936, 0.00936, 0.00936, 0.00936, 0.00936, 0.00936, 0.009479999999999999, 0.009479999999999999, 0.009479999999999999, 0.009479999999999999, 0.009479999999999999, 0.009479999999999999, 0.009479999999999999, 0.009479999999999999, 0.009479999999999999, 0.009479999999999999, 0.009479999999999999, 0.009479999999999999, 0.009479999999999999, 0.009479999999999999, 0.009479999999999999, 0.009479999999999999, 0.009479999999999999, 0.009479999999999999, 0.00936, 0.00936, 0.00936, 0.009479999999999999, 0.009479999999999999, 0.009479999999999999, 0.009479999999999999, 0.009479999999999999, 0.0096, 0.0096, 0.0096, 0.0096, 0.0096, 0.0096, 0.0096, 0.0096, 0.0096, 0.0096, 0.0096, 0.0096, 0.0096, 0.0096, 0.0096, 0.0096, 0.0096, 0.0096, 0.0096, 0.0096, 0.0096, 0.0096, 0.0096, 0.0096, 0.0096, 0.0096, 0.0096, 0.0096, 0.0096, 0.0096, 0.0096, 0.0096, 0.00972, 0.00972, 0.00972, 0.00972, 0.00972, 0.00972, 0.00972, 0.00972, 0.00972, 0.00972, 0.00972, 0.00972, 0.00972, 0.00972, 0.00972, 0.00972, 0.00972, 0.00972, 0.00972, 0.00972, 0.00972, 0.00972, 0.00972, 0.00972, 0.00972, 0.00972, 0.00972, 0.00972, 0.00972, 0.00972, 0.00972, 0.00972, 0.00972, 0.00972, 0.00984, 0.00984, 0.01008, 0.01008, 0.01008, 0.01008, 0.01008, 0.01008, 0.01008, 0.01008, 0.01008, 0.01008, 0.01008, 0.01008, 0.0102, 0.0102, 0.0102, 0.0102, 0.0102, 0.0102, 0.0102, 0.0102, 0.0102, 0.010320000000000001, 0.010320000000000001, 0.010320000000000001, 0.010320000000000001, 0.010320000000000001, 0.010320000000000001, 0.010320000000000001, 0.010320000000000001, 0.010320000000000001, 0.010320000000000001, 0.010320000000000001, 0.010320000000000001, 0.010320000000000001, 0.01044, 0.01044, 0.01044, 0.01044, 0.01044, 0.01044, 0.01044, 0.01044, 0.01044, 0.01044, 0.01044, 0.01044, 0.01044, 0.01044, 0.01044, 0.01044, 0.01044, 0.01044, 0.01056, 0.01056, 0.01056, 0.01056, 0.01056, 0.01056, 0.01056, 0.01056, 0.01056, 0.01068, 0.01068, 0.01068, 0.01068, 0.01068, 0.01068, 0.01068, 0.01068, 0.01068, 0.01068, 0.01068, 0.01068, 0.01068, 0.01068, 0.01068, 0.01068, 0.01068, 0.01068, 0.01068, 0.01068, 0.01068, 0.01068, 0.01068, 0.01068, 0.0108, 0.0108, 0.0108, 0.0108, 0.0108, 0.0108, 0.0108, 0.0108, 0.0108, 0.0108, 0.0108, 0.0108, 0.0108, 0.0108, 0.0108, 0.0108, 0.0108, 0.0108, 0.010920000000000001, 0.010920000000000001, 0.011040000000000001, 0.011040000000000001, 0.011040000000000001, 0.011040000000000001, 0.011040000000000001, 0.011040000000000001, 0.011040000000000001, 0.011040000000000001, 0.011160000000000002, 0.011160000000000002, 0.011160000000000002, 0.011160000000000002, 0.011160000000000002, 0.011160000000000002, 0.011160000000000002, 0.011160000000000002, 0.011160000000000002, 0.011160000000000002, 0.011160000000000002, 0.011160000000000002, 0.011160000000000002, 0.011160000000000002, 0.011160000000000002, 0.011160000000000002, 0.011160000000000002, 0.011160000000000002, 0.011160000000000002, 0.011280000000000002, 0.011280000000000002, 0.011280000000000002, 0.011280000000000002, 0.011280000000000002, 0.011280000000000002, 0.011280000000000002, 0.011280000000000002, 0.011280000000000002, 0.011280000000000002, 0.011280000000000002, 0.011280000000000002, 0.011280000000000002, 0.011280000000000002, 0.011280000000000002, 0.011280000000000002, 0.011280000000000002, 0.011280000000000002, 0.011280000000000002, 0.011280000000000002, 0.011280000000000002, 0.0114, 0.0114, 0.0114, 0.0114, 0.0114, 0.0114, 0.0114, 0.0114, 0.0114, 0.0114, 0.0114, 0.0114, 0.0114, 0.0114, 0.0114, 0.0114, 0.0114, 0.0114, 0.0114, 0.0114, 0.0114, 0.0114, 0.0114, 0.0114, 0.0114, 0.0114, 0.0114, 0.0114, 0.0114, 0.0114, 0.0114, 0.0114, 0.0114, 0.0114, 0.0114, 0.0114, 0.0114, 0.0114, 0.0114, 0.0114, 0.0114, 0.0114, 0.0114, 0.0114, 0.0114, 0.0114, 0.0114, 0.0114, 0.0114, 0.0114, 0.0114, 0.0114, 0.0114, 0.0114, 0.0114, 0.0114, 0.0114, 0.0114, 0.0114, 0.0114, 0.0114, 0.0114, 0.0114, 0.0114, 0.0114, 0.0114, 0.0114, 0.01152, 0.01152, 0.01152, 0.01152, 0.01152, 0.01152, 0.01152, 0.01152, 0.01152, 0.01152, 0.01152, 0.01152, 0.01152, 0.01152, 0.01152, 0.01152, 0.01152, 0.01152, 0.01152, 0.01152, 0.01152, 0.01152, 0.01152, 0.011640000000000001, 0.011640000000000001, 0.011640000000000001, 0.011760000000000001, 0.011760000000000001, 0.011760000000000001, 0.011760000000000001, 0.011760000000000001, 0.011760000000000001, 0.011760000000000001, 0.011760000000000001, 0.011760000000000001, 0.011760000000000001, 0.011760000000000001, 0.011760000000000001, 0.011760000000000001, 0.011760000000000001, 0.011760000000000001, 0.011760000000000001, 0.011760000000000001, 0.011760000000000001, 0.011760000000000001, 0.011760000000000001, 0.011760000000000001, 0.011760000000000001, 0.011760000000000001, 0.011760000000000001, 0.011760000000000001, 0.011760000000000001, 0.011760000000000001, 0.011760000000000001, 0.011760000000000001, 0.011760000000000001, 0.011760000000000001, 0.011760000000000001, 0.011760000000000001, 0.011760000000000001, 0.011760000000000001, 0.011760000000000001, 0.011760000000000001, 0.011760000000000001, 0.011760000000000001, 0.011760000000000001, 0.011760000000000001, 0.011760000000000001, 0.011760000000000001, 0.011760000000000001, 0.011760000000000001, 0.011760000000000001, 0.011760000000000001, 0.011760000000000001, 0.011760000000000001, 0.011760000000000001, 0.011760000000000001, 0.011760000000000001, 0.011760000000000001, 0.011760000000000001, 0.011760000000000001, 0.011760000000000001, 0.011760000000000001, 0.011760000000000001, 0.011760000000000001, 0.011760000000000001, 0.011760000000000001, 0.011760000000000001, 0.011760000000000001, 0.011880000000000002, 0.011880000000000002, 0.011880000000000002, 0.011880000000000002, 0.011880000000000002, 0.011880000000000002, 0.011880000000000002, 0.011880000000000002, 0.011880000000000002, 0.011880000000000002, 0.011880000000000002, 0.012000000000000002, 0.012000000000000002, 0.012000000000000002, 0.012000000000000002, 0.012000000000000002, 0.012000000000000002, 0.012000000000000002, 0.012000000000000002, 0.012000000000000002, 0.012000000000000002, 0.012000000000000002, 0.012000000000000002, 0.012000000000000002, 0.012000000000000002, 0.012000000000000002, 0.012000000000000002, 0.012000000000000002, 0.012000000000000002, 0.012000000000000002, 0.012000000000000002, 0.012000000000000002, 0.012000000000000002, 0.012000000000000002, 0.012000000000000002, 0.012000000000000002, 0.012000000000000002, 0.012000000000000002, 0.012000000000000002, 0.012000000000000002, 0.012000000000000002, 0.012000000000000002, 0.012000000000000002, 0.012000000000000002, 0.012000000000000002, 0.012000000000000002, 0.012000000000000002, 0.012120000000000002, 0.012120000000000002, 0.012120000000000002, 0.012120000000000002, 0.012120000000000002, 0.01224, 0.01224, 0.01224, 0.01224, 0.01224, 0.01224, 0.01224, 0.01224, 0.01224, 0.01224, 0.01224, 0.01224, 0.01224, 0.01224, 0.01224, 0.01224, 0.01224, 0.01224, 0.01224, 0.01224, 0.01224, 0.01224, 0.01224, 0.01224, 0.01224, 0.01224, 0.01224, 0.01224, 0.01224, 0.01224, 0.01224, 0.01224, 0.01224, 0.01236, 0.01236, 0.01236, 0.01236, 0.01236, 0.01248, 0.01248, 0.01248, 0.01248, 0.01248, 0.01248, 0.01248, 0.01248, 0.01248, 0.01248, 0.01248, 0.01248, 0.0126, 0.0126, 0.0126, 0.0126, 0.0126, 0.0126, 0.0126, 0.0126, 0.0126, 0.0126, 0.0126, 0.0126, 0.0126, 0.01272, 0.01272, 0.01272, 0.01272, 0.01272, 0.01272, 0.01272, 0.01272, 0.01272, 0.01272, 0.01272, 0.01272, 0.01272, 0.01272, 0.01272, 0.01272, 0.01272, 0.01272, 0.01272, 0.01272, 0.01272, 0.01272, 0.01272, 0.01272, 0.01272, 0.01272, 0.01272, 0.01272, 0.01272, 0.01272, 0.01272, 0.01272, 0.01272, 0.01272, 0.0126, 0.0126, 0.0126, 0.0126, 0.0126, 0.0126, 0.0126, 0.0126, 0.0126, 0.0126, 0.0126, 0.0126, 0.0126, 0.0126, 0.012839999999999997, 0.012839999999999997, 0.012839999999999997, 0.012839999999999997, 0.012839999999999997, 0.012839999999999997, 0.012839999999999997, 0.012839999999999997, 0.012959999999999998, 0.012959999999999998, 0.012959999999999998, 0.013079999999999998, 0.013079999999999998, 0.013079999999999998, 0.013199999999999998, 0.013319999999999999, 0.013319999999999999, 0.013319999999999999, 0.013319999999999999, 0.013319999999999999, 0.013319999999999999, 0.013319999999999999, 0.013319999999999999, 0.013319999999999999, 0.013319999999999999, 0.013319999999999999, 0.013319999999999999, 0.013439999999999999, 0.013439999999999999, 0.013439999999999999, 0.013439999999999999, 0.013439999999999999, 0.01356, 0.01356, 0.01356, 0.01356, 0.01356, 0.01356, 0.01356, 0.01356, 0.01368, 0.01368, 0.01368, 0.01368, 0.013919999999999998, 0.014039999999999999, 0.014039999999999999, 0.014039999999999999, 0.014039999999999999, 0.014039999999999999, 0.014159999999999999, 0.014159999999999999, 0.014159999999999999, 0.01428, 0.01428, 0.0144, 0.0144, 0.0144, 0.0144, 0.0144, 0.0144, 0.0144, 0.0144, 0.0144, 0.0144, 0.0144, 0.01452, 0.01476, 0.01476, 0.01476, 0.01476, 0.015, 0.01512, 0.01512, 0.01512, 0.01524, 0.01524, 0.01524, 0.01524, 0.01524, 0.01524, 0.01548, 0.01548, 0.01548, 0.01548, 0.01548, 0.01548, 0.01548, 0.01548, 0.01572, 0.01572, 0.01572, 0.01572, 0.01584, 0.01584, 0.01584, 0.01584, 0.01608, 0.01608, 0.01608, 0.016200000000000003, 0.016200000000000003, 0.016200000000000003, 0.016200000000000003, 0.016200000000000003, 0.016200000000000003, 0.016200000000000003, 0.01632, 0.01632, 0.01644, 0.01644, 0.01644, 0.01644, 0.01644, 0.016560000000000002, 0.016560000000000002, 0.016560000000000002, 0.016560000000000002, 0.016560000000000002, 0.016560000000000002, 0.016560000000000002, 0.01668, 0.01668, 0.01668, 0.01668, 0.016800000000000002, 0.01692, 0.01716, 0.017280000000000004, 0.01752, 0.01752, 0.017640000000000003, 0.017640000000000003, 0.017640000000000003, 0.017640000000000003, 0.01776, 0.01776, 0.01776, 0.017880000000000004, 0.017880000000000004, 0.017880000000000004, 0.017880000000000004, 0.017880000000000004, 0.017880000000000004, 0.018000000000000002, 0.018000000000000002, 0.018000000000000002, 0.018120000000000004, 0.018120000000000004, 0.018120000000000004, 0.018120000000000004, 0.01824, 0.01836, 0.01848, 0.018600000000000002, 0.018600000000000002, 0.018600000000000002, 0.018600000000000002, 0.018600000000000002, 0.018600000000000002, 0.018600000000000002, 0.01872, 0.01872, 0.01884, 0.01884, 0.01908, 0.01908, 0.01908, 0.01908, 0.0192, 0.0192, 0.0192, 0.01932, 0.01932, 0.01932, 0.01944, 0.01944, 0.01944, 0.01944, 0.01944, 0.01944, 0.01944, 0.01944, 0.01944, 0.01956, 0.01956, 0.01956, 0.01956, 0.01956, 0.01956, 0.01956, 0.01956, 0.01968, 0.01968, 0.01968, 0.01968, 0.01968, 0.01968, 0.01968, 0.01992, 0.02016, 0.02016, 0.02016, 0.02052, 0.020640000000000002, 0.02076, 0.02088, 0.021, 0.02112, 0.02112, 0.02112, 0.02112, 0.021240000000000002, 0.02136, 0.021480000000000003, 0.021480000000000003, 0.021480000000000003, 0.021480000000000003, 0.021480000000000003, 0.0216, 0.0216, 0.0216, 0.021840000000000002, 0.022080000000000002, 0.0222, 0.022320000000000003, 0.022320000000000003, 0.02244, 0.02244, 0.022560000000000004, 0.022560000000000004, 0.022680000000000002, 0.022680000000000002, 0.02304, 0.02304, 0.02316, 0.02316, 0.02316, 0.023280000000000002, 0.023520000000000003, 0.023520000000000003, 0.023520000000000003, 0.023760000000000003, 0.02388, 0.02388, 0.024000000000000004, 0.02412, 0.02412, 0.02436, 0.02436, 0.02436, 0.02436, 0.024480000000000005, 0.024480000000000005, 0.0246, 0.0246, 0.0246, 0.0246, 0.0246, 0.0246, 0.0246, 0.0246, 0.024720000000000006, 0.024720000000000006, 0.024720000000000006, 0.02484, 0.02484, 0.02484, 0.02484, 0.02484, 0.02484, 0.024960000000000003, 0.025200000000000004, 0.025200000000000004, 0.02556, 0.02556, 0.02556, 0.025679999999999994, 0.025679999999999994, 0.025679999999999994, 0.0258, 0.0258, 0.0258, 0.0258, 0.025919999999999995, 0.025919999999999995, 0.02604, 0.026279999999999998, 0.026279999999999998, 0.026279999999999998, 0.026279999999999998, 0.026399999999999996, 0.02652, 0.02652, 0.02652, 0.02652, 0.02652, 0.02652, 0.02652, 0.02652, 0.026639999999999997, 0.026759999999999996, 0.026999999999999996, 0.026999999999999996, 0.026999999999999996, 0.026999999999999996, 0.026999999999999996, 0.02712, 0.02712, 0.027239999999999997, 0.027239999999999997, 0.027239999999999997, 0.02736, 0.02736, 0.02736, 0.02736, 0.02736, 0.02736, 0.02736, 0.02736, 0.02736, 0.02736, 0.02736, 0.02736, 0.02736, 0.02736, 0.02736, 0.02736, 0.02736, 0.02736, 0.027479999999999997, 0.027479999999999997, 0.0276, 0.0276, 0.0276, 0.027719999999999998, 0.027719999999999998, 0.027719999999999998, 0.027719999999999998, 0.027719999999999998, 0.027719999999999998, 0.027719999999999998, 0.027719999999999998, 0.02796, 0.028319999999999998, 0.028319999999999998, 0.028319999999999998, 0.028319999999999998, 0.0282, 0.02844, 0.02844, 0.02844, 0.02856, 0.02856, 0.0288, 0.0288, 0.0288, 0.02904, 0.02916, 0.02928, 0.0294, 0.0294, 0.02952, 0.02952, 0.02952, 0.02952, 0.02964, 0.029759999999999998, 0.03, 0.03, 0.03, 0.03, 0.03, 0.03, 0.03, 0.03, 0.03012, 0.03012, 0.03012, 0.03012, 0.03024, 0.03024, 0.03036, 0.03036, 0.030600000000000002, 0.030600000000000002, 0.03072, 0.03072, 0.03084, 0.03096, 0.03108, 0.031200000000000002, 0.031200000000000002, 0.031200000000000002, 0.031200000000000002, 0.031200000000000002, 0.03132, 0.03132, 0.03144, 0.03144, 0.031560000000000005, 0.031560000000000005, 0.031560000000000005, 0.031560000000000005, 0.03168, 0.03168, 0.03168, 0.03168, 0.03168, 0.03168, 0.0318, 0.0318, 0.031920000000000004, 0.03204, 0.03204, 0.03216, 0.03216, 0.03228, 0.032400000000000005, 0.032400000000000005, 0.032400000000000005, 0.03252, 0.03264, 0.032760000000000004, 0.03288, 0.033120000000000004, 0.033120000000000004, 0.03324, 0.03336, 0.03336, 0.033600000000000005, 0.03372, 0.03372, 0.03372, 0.03372, 0.03396, 0.03396, 0.034080000000000006, 0.03432, 0.03432, 0.03432, 0.03444, 0.03456000000000001, 0.03468, 0.03468, 0.03456000000000001, 0.03456000000000001, 0.03468, 0.03468, 0.034800000000000005, 0.03492, 0.03504, 0.03504, 0.03504, 0.03516, 0.03516, 0.035280000000000006, 0.035280000000000006, 0.0354, 0.0354, 0.0354, 0.03552, 0.03564, 0.03576000000000001, 0.03576000000000001, 0.03576000000000001, 0.03588, 0.03588, 0.03588, 0.036000000000000004, 0.036000000000000004, 0.036000000000000004, 0.03612, 0.03624, 0.03624, 0.03624, 0.03636, 0.03648, 0.0366, 0.0366, 0.0366, 0.036840000000000005, 0.03696, 0.03708, 0.03708, 0.03708, 0.03708, 0.03708, 0.037200000000000004, 0.037200000000000004, 0.037200000000000004, 0.037200000000000004, 0.037200000000000004, 0.037200000000000004, 0.037200000000000004, 0.03744, 0.03744, 0.03744, 0.03756, 0.037680000000000005, 0.03792, 0.03792, 0.03792, 0.038040000000000004, 0.038040000000000004, 0.038040000000000004, 0.03828, 0.03828, 0.03828, 0.038520000000000006, 0.03888, 0.039, 0.039, 0.039, 0.039, 0.03912, 0.03912, 0.03912, 0.03912, 0.03912, 0.03924, 0.03924, 0.03948, 0.03948, 0.03948, 0.03948, 0.03948, 0.03948, 0.03948, 0.03972, 0.03972, 0.03972, 0.03984, 0.03996, 0.03996, 0.03996, 0.04008, 0.04008, 0.04019999999999999, 0.04019999999999999, 0.04019999999999999, 0.04032, 0.040440000000000004, 0.04056, 0.04056, 0.0408, 0.04104, 0.041159999999999995, 0.041159999999999995, 0.041159999999999995, 0.041280000000000004, 0.041280000000000004, 0.041280000000000004, 0.04152, 0.04152, 0.04152, 0.04152, 0.04152, 0.04152, 0.04152]","[0.0, 0.0, 0.0, 0.0, 0.0, 0.0, 8.0e-5, 0.00016, 0.00024, 0.00024, 0.00024, 0.00024, 0.00032, 0.00032, 0.00024, 0.00024, 0.00024, 0.00016, 0.00016, 0.00016, 0.00024, 0.00024, 0.00032, 0.00032, 0.0004, 0.0004, 0.0004, 0.0004, 0.00032, 0.0004, 0.00024, 0.00024, 0.00024, 0.00024, 0.00016, 0.00024, 0.00016, 0.00016, 0.00016, 0.00024, 0.00032, 0.00032, 0.00032, 0.0004, 0.0004, 0.00048, 0.00048, 0.0004, 0.0004, 0.0004, 0.0004, 0.0004, 0.00032, 0.00032, 0.00032, 0.00032, 0.00016, 0.00016, 0.00016, 0.00016, 0.00016, 0.00016, 0.00032, 0.00032, 0.00032, 0.00032, 0.0004, 0.00048, 0.00048, 0.00048, 0.0005600000000000001, 0.0005600000000000001, 0.00064, 0.00064, 0.0005600000000000001, 0.0005600000000000001, 0.0005600000000000001, 0.00064, 0.00064, 0.0005600000000000001, 0.00064, 0.00064, 0.00064, 0.0005600000000000001, 0.0005600000000000001, 0.0005600000000000001, 0.0005600000000000001, 0.00064, 0.00072, 0.00072, 0.0005600000000000001, 0.0005600000000000001, 0.0005600000000000001, 0.00048, 0.0005600000000000001, 0.0004, 0.00032, 0.00032, 0.00032, 0.00032, 0.00032, 0.00032, 0.00024, 0.00024, 0.00024, 0.00024, 0.00024, 0.00024, 0.00024, 0.00024, 0.0004, 0.0004, 0.00032, 0.00032, 0.00032, 0.00032, 0.0004, 0.00048, 0.00048, 0.0004, 0.00048, 0.0005600000000000001, 0.0005600000000000001, 0.00048, 0.00048, 0.0005600000000000001, 0.0005600000000000001, 0.0005600000000000001, 0.0005600000000000001, 0.0005600000000000001, 0.0005600000000000001, 0.00048, 0.00048, 0.00048, 0.00048, 0.00048, 0.00048, 0.00048, 0.00048, 0.0004, 0.0004, 0.0004, 0.0004, 0.00048, 0.00048, 0.0005600000000000001, 0.00064, 0.00064, 0.00064, 0.00072, 0.00072, 0.00064, 0.00072, 0.00072, 0.00064, 0.00064, 0.0005600000000000001, 0.0005600000000000001, 0.0005600000000000001, 0.0005600000000000001, 0.00048, 0.00048, 0.00048, 0.0005600000000000001, 0.0005600000000000001, 0.0005600000000000001, 0.0005600000000000001, 0.00048, 0.0005600000000000001, 0.0005600000000000001, 0.0005600000000000001, 0.0005600000000000001, 0.00064, 0.00072, 0.00072, 0.00064, 0.00064, 0.00072, 0.00072, 0.0008000000000000001, 0.00072, 0.0008, 0.0008, 0.0008, 0.00072, 0.00072, 0.00072, 0.00072, 0.00072, 0.00064, 0.00072, 0.00072, 0.00072, 0.00072, 0.00072, 0.00072, 0.00072, 0.00072, 0.00072, 0.00072, 0.0008, 0.0008, 0.00072, 0.00072, 0.00072, 0.00064, 0.00064, 0.00064, 0.0005600000000000001, 0.00048, 0.0005600000000000001, 0.0005600000000000001, 0.0005600000000000001, 0.0004, 0.0004, 0.0004, 0.0004, 0.0004, 0.0004, 0.00072, 0.00064, 0.00072, 0.00072, 0.0008, 0.0008, 0.0008799999999999999, 0.0008, 0.00072, 0.00072, 0.00064, 0.00064, 0.00072, 0.00072, 0.00072, 0.00072, 0.00064, 0.00072, 0.00072, 0.00072, 0.0008799999999999999, 0.0008799999999999999, 0.0008799999999999999, 0.0008799999999999999, 0.0008799999999999999, 0.0008799999999999999, 0.00096, 0.00096, 0.0008799999999999999, 0.00072, 0.00064, 0.00064, 0.00064, 0.00064, 0.0005600000000000001, 0.00048, 0.0005600000000000001, 0.0005600000000000001, 0.0005600000000000001, 0.0005600000000000001, 0.0005600000000000001, 0.00048, 0.0004, 0.0005600000000000001, 0.0005600000000000001, 0.00048, 0.00048, 0.00048, 0.0004, 0.0004, 0.0004, 0.0004, 0.0004, 0.0004, 0.0004, 0.0004, 0.0004, 0.00032, 0.00032, 0.00032, 0.0004, 0.00032, 0.00024, 0.00024, 0.00024, 0.00024, 0.00024, 0.00032, 0.00032, 0.00032, 0.00032, 0.00032, 0.0004, 0.00048, 0.00048, 0.00048, 0.00048, 0.00048, 0.0005600000000000001, 0.00064, 0.00064, 0.0005600000000000001, 0.0005600000000000001, 0.00048, 0.0004, 0.0004, 0.0004, 0.00032, 0.00024, 0.00032, 0.00032, 0.00032, 0.00032, 0.00032, 0.00032, 0.00032, 0.00032, 0.00032, 0.00024, 0.00024, 0.00024, 0.00024, 0.00024, 0.00032, 0.00032, 0.00032, 0.00024, 0.00024, 0.00024, 0.00024, 0.00024, 0.00024, 0.00024, 0.00024, 0.00024, 0.00032, 0.00024, 0.00032, 0.00048, 0.00048, 0.00048, 0.00048, 0.00048, 0.00048, 0.0004, 0.0004, 0.0004, 0.00032, 0.0004, 0.00048, 0.00048, 0.0004, 0.0004, 0.0004, 0.00032, 0.00032, 0.00032, 0.00032, 0.00032, 0.00032, 0.00032, 0.00032, 0.00048, 0.0004, 0.0004, 0.00032, 0.0004, 0.00048, 0.00048, 0.0005600000000000001, 0.00048, 0.00048, 0.0005600000000000001, 0.0005600000000000001, 0.0005600000000000001, 0.00048, 0.0005600000000000001, 0.0005600000000000001, 0.0005600000000000001, 0.0005600000000000001, 0.0005600000000000001, 0.0005600000000000001, 0.00048, 0.00048, 0.00048, 0.00048, 0.00048, 0.00048, 0.0004, 0.0004, 0.0004, 0.00032, 0.00032, 0.00032, 0.00024, 0.00024, 0.00032, 0.00032, 0.00024, 0.00024, 0.00024, 0.00016, 0.00016, 0.00024, 0.00024, 0.00024, 0.00032, 0.0004, 0.00048, 0.00048, 0.00048, 0.0004, 0.00032, 0.00032, 0.0004, 0.0004, 0.0004, 0.00048, 0.00048, 0.00048, 0.0005600000000000001, 0.0005600000000000001, 0.00064, 0.00064, 0.00064, 0.00064, 0.0005600000000000001, 0.0005600000000000001, 0.00048, 0.00048, 0.00048, 0.00048, 0.00048, 0.00048, 0.0005600000000000001, 0.00048, 0.00048, 0.00048, 0.00064, 0.0005600000000000001, 0.0005600000000000001, 0.0005600000000000001, 0.0005600000000000001, 0.00048, 0.00048, 0.00048, 0.00048, 0.00048, 0.00048, 0.00048, 0.00048, 0.0004, 0.0004, 0.0004, 0.00048, 0.00048, 0.0004, 0.0004, 0.0004, 0.00048, 0.0004, 0.0004, 0.0004, 0.0004, 0.0004, 0.0004, 0.0004, 0.0004, 0.0004, 0.00048, 0.00048, 0.0005600000000000001, 0.0005600000000000001, 0.00048, 0.00048, 0.0004, 0.0004, 0.0004, 0.00032, 0.00032, 0.0004, 0.0004, 0.0004, 0.00048, 0.00032, 0.00032, 0.00032, 0.0004, 0.0004, 0.00032, 0.0004, 0.0004, 0.0004, 0.00048, 0.00048, 0.00048, 0.0004, 0.00048, 0.00048, 0.0005600000000000001, 0.00064, 0.00064, 0.0004, 0.00048, 0.00048, 0.00048, 0.00048, 0.00048, 0.0004, 0.0004, 0.0005600000000000001, 0.0005600000000000001, 0.0005600000000000001, 0.0005600000000000001, 0.0005600000000000001, 0.00064, 0.00072, 0.00072, 0.00072, 0.0008, 0.0008, 0.0008, 0.00072, 0.00048, 0.0005600000000000001, 0.0005600000000000001, 0.0005600000000000001, 0.00072, 0.00064, 0.00064, 0.00072, 0.00072, 0.00072, 0.00072, 0.00072, 0.0008, 0.0008, 0.0008, 0.00072, 0.00072, 0.00072, 0.00064, 0.00064, 0.00064, 0.0005600000000000001, 0.0005600000000000001, 0.0005600000000000001, 0.00064, 0.00064, 0.00048, 0.00048, 0.0004, 0.00032, 0.0004, 0.0004, 0.00048, 0.00048, 0.00048, 0.00048, 0.00064, 0.00064, 0.0005600000000000001, 0.00064, 0.00064, 0.00072, 0.00064, 0.00064, 0.00064, 0.00064, 0.0008, 0.0008, 0.0008, 0.00072, 0.00072, 0.00072, 0.00064, 0.0005600000000000001, 0.00064, 0.00072, 0.00072, 0.0008, 0.00072, 0.00072, 0.00072, 0.0008, 0.00072, 0.00064, 0.00064, 0.00072, 0.00064, 0.00072, 0.00072, 0.00072, 0.00072, 0.00072, 0.00072, 0.00072, 0.0008, 0.0008, 0.0008, 0.0008799999999999999, 0.0008799999999999999, 0.0008799999999999999, 0.0008, 0.0008, 0.0008, 0.0008, 0.00072, 0.00072, 0.00072, 0.00072, 0.00064, 0.0005600000000000001, 0.00048, 0.00048, 0.0004, 0.0004, 0.00032, 0.0004, 0.0004, 0.0005600000000000001, 0.0005600000000000001, 0.0005600000000000001, 0.0005600000000000001, 0.00064, 0.00064, 0.0008, 0.0008799999999999999, 0.0008799999999999999, 0.0008, 0.0008799999999999999, 0.0008799999999999999, 0.0008799999999999999, 0.0008, 0.0005600000000000001, 0.0005600000000000001, 0.0005600000000000001, 0.0005600000000000001, 0.0005600000000000001, 0.00064, 0.00064, 0.00064, 0.0005600000000000001, 0.0005600000000000001, 0.00064, 0.0005600000000000001, 0.0005600000000000001, 0.00064, 0.00064, 0.00064, 0.00064, 0.0005600000000000001, 0.0005600000000000001, 0.0005600000000000001, 0.00048, 0.00048, 0.00048, 0.00048, 0.00048, 0.0004, 0.0004, 0.0004, 0.0004, 0.0004, 0.0004, 0.00048, 0.0005600000000000001, 0.0005600000000000001, 0.00064, 0.00064, 0.0005600000000000001, 0.00048, 0.00048, 0.0004, 0.0004, 0.0004, 0.0004, 0.0004, 0.0004, 0.0004, 0.0004, 0.0004, 0.0004, 0.00048, 0.00048, 0.00048, 0.00048, 0.00048, 0.00048, 0.00048, 0.00048, 0.00048, 0.00048, 0.00048, 0.00048, 0.00048, 0.00048, 0.00048, 0.00048, 0.0005600000000000001, 0.00064, 0.0005600000000000001, 0.0005600000000000001, 0.0005600000000000001, 0.0005600000000000001, 0.00064, 0.00064, 0.00064, 0.0005600000000000001, 0.0005600000000000001, 0.0005600000000000001, 0.0005600000000000001, 0.0005600000000000001, 0.0004, 0.0004, 0.0004, 0.00048, 0.00048, 0.00048, 0.00048, 0.0004, 0.0004, 0.0004, 0.0004, 0.00032, 0.0004, 0.0004, 0.00048, 0.0005600000000000001, 0.0005600000000000001, 0.0005600000000000001, 0.0005600000000000001, 0.00072, 0.00072, 0.0008, 0.0008, 0.00072, 0.0008799999999999999, 0.0008799999999999999, 0.0008799999999999999, 0.0008799999999999999, 0.00096, 0.00096, 0.00096, 0.00096, 0.00096, 0.00096, 0.00096, 0.00096, 0.00096, 0.00096, 0.00096, 0.0010400000000000001, 0.0010400000000000001, 0.0010400000000000001, 0.0011200000000000001, 0.0011200000000000001, 0.0011200000000000001, 0.0011200000000000001, 0.0011200000000000001, 0.0011200000000000001, 0.0010400000000000001, 0.0010400000000000001, 0.0010400000000000001, 0.0010400000000000001, 0.00096, 0.0008799999999999999, 0.0008, 0.0008, 0.0008, 0.0008, 0.0008, 0.00072, 0.0008, 0.00072, 0.0008, 0.00096, 0.00096, 0.00096, 0.00096, 0.00096, 0.00096, 0.00096, 0.0008799999999999999, 0.0008799999999999999, 0.0008799999999999999, 0.0008799999999999999, 0.0008799999999999999, 0.0008799999999999999, 0.0008799999999999999, 0.0008799999999999999, 0.0008, 0.0008799999999999999, 0.0008799999999999999, 0.0008799999999999999, 0.0008799999999999999, 0.0008, 0.0008, 0.0008, 0.0008799999999999999, 0.0008, 0.0008, 0.0005600000000000001, 0.0005600000000000001, 0.0005600000000000001, 0.00048, 0.0004, 0.0004, 0.0004, 0.00032, 0.00032, 0.0004, 0.00048, 0.00048, 0.00048, 0.00032, 0.00032, 0.0004, 0.0004, 0.0004, 0.0004, 0.00032, 0.0004, 0.0004, 0.0004, 0.0004, 0.0004, 0.0004, 0.00032, 0.00032, 0.00032, 0.00032, 0.00032, 0.00024, 0.00024, 0.00024, 0.00024, 0.0004, 0.0004, 0.0004, 0.0004, 0.0005600000000000001, 0.00048, 0.00048, 0.00048, 0.0004, 0.00032, 0.00032, 0.00048, 0.00048, 0.00048, 0.00048, 0.00064, 0.00064, 0.00064, 0.00064, 0.0005600000000000001, 0.0005600000000000001, 0.00048, 0.0004, 0.00032, 0.00032, 0.00032, 0.00032, 0.00032, 0.00032, 0.00032, 0.00032, 0.00032, 0.00032, 0.0004, 0.00048, 0.00048, 0.00048, 0.00048, 0.00048, 0.00048, 0.0005600000000000001, 0.0005600000000000001, 0.0005600000000000001, 0.00064, 0.00064, 0.00064, 0.00064, 0.00072, 0.0008, 0.0008799999999999999, 0.0008, 0.00072, 0.00072, 0.00064, 0.0005600000000000001, 0.00048, 0.00048, 0.00048, 0.00048, 0.00032, 0.00032, 0.00024, 0.00024, 0.00024, 0.00024, 0.00016, 0.00024, 0.00024, 0.00024, 0.00024, 0.00032, 0.00032, 0.00032, 0.0004, 0.00048, 0.0004, 0.00032, 0.00032, 0.0004, 0.0004, 0.00048, 0.00048, 0.00048, 0.0005600000000000001, 0.0005600000000000001, 0.0005600000000000001, 0.0005600000000000001, 0.00064, 0.00064, 0.00064, 0.0008, 0.0008, 0.0008, 0.0008, 0.0008, 0.0008, 0.0008, 0.0008, 0.0008, 0.00072, 0.00072, 0.00064, 0.00064, 0.00064, 0.00064, 0.00064, 0.00072, 0.00072, 0.00072, 0.0005600000000000001, 0.00064, 0.00064, 0.00064, 0.00064, 0.00064, 0.00064, 0.00064, 0.00064, 0.00064, 0.00064, 0.00072, 0.00072, 0.00072, 0.00072, 0.00072, 0.00072, 0.00072, 0.00072, 0.00072, 0.00072, 0.00072, 0.00072, 0.00072, 0.0008, 0.0008, 0.0008, 0.0008, 0.0008, 0.0008, 0.00072, 0.00072, 0.00072, 0.0008, 0.0008, 0.00072, 0.00064, 0.0005600000000000001, 0.0005600000000000001, 0.0005600000000000001, 0.0005600000000000001, 0.0004, 0.0004, 0.00032, 0.00032, 0.00032, 0.00032, 0.00032, 0.00032, 0.00024, 0.00032, 0.00032, 0.00032, 0.00032, 0.00032, 0.00032, 0.00032, 0.00032, 0.00032, 0.0004, 0.00032, 0.00032, 0.00032, 0.00032, 0.00032, 0.00032, 0.00032, 0.0004, 0.00048, 0.0005600000000000001, 0.00072, 0.00072, 0.0008, 0.0008, 0.0008799999999999999, 0.00096, 0.00096, 0.00096, 0.0010400000000000001, 0.0008799999999999999, 0.00096, 0.00096, 0.00096, 0.0008799999999999999, 0.0008799999999999999, 0.0008, 0.00072, 0.00064, 0.00064, 0.00064, 0.0005600000000000001, 0.00072, 0.00072, 0.00064, 0.00064, 0.00064, 0.00064, 0.0005600000000000001, 0.0005600000000000001, 0.00064, 0.00064, 0.0005600000000000001, 0.00064, 0.00064, 0.00048, 0.0005600000000000001, 0.0005600000000000001, 0.0005600000000000001, 0.00064, 0.0005600000000000001, 0.0005600000000000001, 0.0005600000000000001, 0.0005600000000000001, 0.00048, 0.00048, 0.00048, 0.00048, 0.00048, 0.00048, 0.0005600000000000001, 0.0005600000000000001, 0.00064, 0.00064, 0.0005600000000000001, 0.0005600000000000001, 0.00048, 0.00048, 0.00048, 0.00048, 0.00048, 0.0005600000000000001, 0.0005600000000000001, 0.0005600000000000001, 0.00064, 0.00064, 0.00064, 0.00064, 0.00064, 0.00064, 0.00064, 0.00064, 0.00064, 0.0005600000000000001, 0.0005600000000000001, 0.00048, 0.00048, 0.0004, 0.0004, 0.0004, 0.0004, 0.0004, 0.0004, 0.0004, 0.00032, 0.00024, 0.00024, 0.00024, 0.00024, 0.00024, 0.00024, 0.00024, 0.00032, 0.00032, 0.00024, 0.00024, 0.00024, 0.00048, 0.0004, 0.0004, 0.0004, 0.0004, 0.0004, 0.00048, 0.00048, 0.00048, 0.00048, 0.00048, 0.00048, 0.0004, 0.0004, 0.0004, 0.0004, 0.0004, 0.00032, 0.0004, 0.0004, 0.0004, 0.0004, 0.0004, 0.0004, 0.0004, 0.0004, 0.0004, 0.00032, 0.00032, 0.00032, 0.00032, 0.00032, 0.00024, 0.00024, 0.00024, 0.00024, 0.00024, 0.00024, 0.00024, 0.00024, 0.00024, 0.00024, 0.00024, 0.00024, 0.00024, 0.00024, 0.00024, 0.00024, 0.00024, 0.00024, 0.00032, 0.00032, 0.00032, 0.00032, 0.00032, 0.0004, 0.0004, 0.00032, 0.0004, 0.0004, 0.0004, 0.0004, 0.0004, 0.00032, 0.00032, 0.00032, 0.00024, 0.00016, 0.00016, 0.00024, 0.00024, 0.00024, 0.00032, 0.00032, 0.00032, 0.00032, 0.00032, 0.00032, 0.00032, 0.0004, 0.0004, 0.0004, 0.0004, 0.0004, 0.0004, 0.0004, 0.0004, 0.0004, 0.0004, 0.0004, 0.0004, 0.0004, 0.0004, 0.0004, 0.00048, 0.00048, 0.0004, 0.0004, 0.0004, 0.0004, 0.00032, 0.00032, 0.0004, 0.0005600000000000001, 0.00064, 0.00064, 0.00064, 0.00064, 0.00064, 0.00064, 0.00064, 0.00064, 0.00064, 0.00072, 0.00072, 0.00072, 0.00072, 0.00072, 0.00072, 0.0008799999999999999, 0.0008799999999999999, 0.00096, 0.0011200000000000001, 0.0011200000000000001, 0.0011200000000000001, 0.0011200000000000001, 0.0011200000000000001, 0.0011200000000000001, 0.0011200000000000001, 0.0011200000000000001, 0.0011200000000000001, 0.0010400000000000001, 0.0008799999999999999, 0.0008799999999999999, 0.0008, 0.0008, 0.0008, 0.0008, 0.00072, 0.00072, 0.00072, 0.00072, 0.0008, 0.0008, 0.0008, 0.0008, 0.00072, 0.00064, 0.0008, 0.0008, 0.00072, 0.00064, 0.00072, 0.00072, 0.00072, 0.00064, 0.00064, 0.0005600000000000001, 0.00048, 0.00048, 0.00048, 0.00048, 0.00048, 0.0005600000000000001, 0.0005600000000000001, 0.0005600000000000001, 0.0005600000000000001, 0.00048, 0.0005600000000000001, 0.0005600000000000001, 0.00064, 0.00064, 0.00048, 0.0004, 0.0004, 0.00048, 0.00048, 0.00048, 0.00048, 0.0004, 0.0004, 0.00048, 0.0005600000000000001, 0.0005600000000000001, 0.00048, 0.00048, 0.0005600000000000001, 0.00048, 0.00048, 0.0004, 0.0005600000000000001, 0.00064, 0.00064, 0.00064, 0.0005600000000000001, 0.0005600000000000001, 0.0005600000000000001, 0.0005600000000000001, 0.0005600000000000001, 0.0005600000000000001, 0.0005600000000000001, 0.0005600000000000001, 0.00048, 0.00048, 0.00048, 0.0004, 0.0004, 0.0004, 0.0004, 0.00048, 0.00048, 0.00048, 0.0005600000000000001, 0.00048, 0.00048, 0.00048, 0.00048, 0.0004, 0.0004, 0.00048, 0.00048, 0.0004, 0.0004, 0.0004, 0.0004, 0.00048, 0.00048, 0.0005600000000000001, 0.00064, 0.00064, 0.00064, 0.00072, 0.00072, 0.0008, 0.00072, 0.00072, 0.00064, 0.00072, 0.00072, 0.00072, 0.00072, 0.00072, 0.00072, 0.00072, 0.00072, 0.0008, 0.0008, 0.00072, 0.00072, 0.00072, 0.0008, 0.00072, 0.00072, 0.00072, 0.00072, 0.00064, 0.00064, 0.0004, 0.0004, 0.00032, 0.00032, 0.00032, 0.00032, 0.00024, 0.00024, 0.00024, 0.00024, 0.00024, 0.0004, 0.00032, 0.00024, 0.00032, 0.00024, 0.00024, 0.00024, 0.00024, 0.00032, 0.00032, 0.00024, 0.00032, 0.00032, 0.00032, 0.00032, 0.00032, 0.00032, 0.00032, 0.00032, 0.00032, 0.0004, 0.00048, 0.00048, 0.00032, 0.00032, 0.00032, 0.00032, 0.0004, 0.0004, 0.0004, 0.00048, 0.00048, 0.00048, 0.00048, 0.0005600000000000001, 0.0005600000000000001, 0.0005600000000000001, 0.0005600000000000001, 0.0005600000000000001, 0.0005600000000000001, 0.0005600000000000001, 0.00048, 0.00048, 0.00048, 0.0005600000000000001, 0.0005600000000000001, 0.0005600000000000001, 0.00072, 0.00072, 0.00072, 0.00064, 0.00072, 0.00072, 0.0008, 0.0008, 0.0008, 0.00072, 0.00072, 0.0005600000000000001, 0.0005600000000000001, 0.0005600000000000001, 0.0005600000000000001, 0.00048, 0.00048, 0.0005600000000000001, 0.0005600000000000001, 0.0005600000000000001, 0.00064, 0.0005600000000000001, 0.0005600000000000001, 0.0005600000000000001, 0.0005600000000000001, 0.0005600000000000001, 0.0008, 0.0008, 0.0008, 0.0008799999999999999, 0.0008799999999999999, 0.0008799999999999999, 0.0008, 0.0008, 0.00072, 0.0008, 0.0008, 0.0008799999999999999, 0.0008799999999999999, 0.00096, 0.00096, 0.0010400000000000001, 0.0010400000000000001, 0.0010400000000000001, 0.0010400000000000001, 0.00096, 0.00096, 0.0008799999999999999, 0.0008, 0.0008, 0.0008, 0.0008799999999999999, 0.0008799999999999999, 0.0008799999999999999, 0.0008799999999999999, 0.0008, 0.0008, 0.0008, 0.00072, 0.00072, 0.00064, 0.00064, 0.0005600000000000001, 0.00064, 0.0005600000000000001, 0.0005600000000000001, 0.00072, 0.00072, 0.00072, 0.00072, 0.00072, 0.00064, 0.00064, 0.00072, 0.00064, 0.00064, 0.00064, 0.00072, 0.00072, 0.00064, 0.00064, 0.00064, 0.00064, 0.00064, 0.00064, 0.00064, 0.00064, 0.00064, 0.00064, 0.0005600000000000001, 0.0005600000000000001, 0.0005600000000000001, 0.0005600000000000001, 0.00064, 0.00064, 0.00064, 0.00064, 0.00064, 0.00064, 0.00064, 0.00064, 0.00064, 0.00064, 0.0005600000000000001, 0.0005600000000000001, 0.0005600000000000001, 0.0005600000000000001, 0.0005600000000000001, 0.00048, 0.00048, 0.00048, 0.00048, 0.00048, 0.0004, 0.0004, 0.00048, 0.0005600000000000001, 0.00064, 0.0005600000000000001, 0.0005600000000000001, 0.0005600000000000001, 0.0005600000000000001, 0.0005600000000000001, 0.0005600000000000001, 0.0005600000000000001, 0.0005600000000000001, 0.0005600000000000001, 0.0005600000000000001, 0.0005600000000000001, 0.0005600000000000001, 0.0005600000000000001, 0.0005600000000000001, 0.00064, 0.00064, 0.00064, 0.00064, 0.00064, 0.00064, 0.0005600000000000001, 0.00064, 0.00064, 0.00064, 0.00064, 0.00064, 0.00064, 0.00064, 0.00064, 0.00064, 0.00064, 0.00064, 0.00064, 0.00064, 0.00064, 0.00064, 0.00064, 0.00064, 0.00064, 0.0005600000000000001, 0.0005600000000000001, 0.00048, 0.00048, 0.00048, 0.0004, 0.0004, 0.0004, 0.0004, 0.0004, 0.0004, 0.0004, 0.0004, 0.0004, 0.00032, 0.00032, 0.00032, 0.0004, 0.0004, 0.0004, 0.0004, 0.00048, 0.0005600000000000001, 0.00048, 0.0005600000000000001, 0.0005600000000000001, 0.00064, 0.00064, 0.00048, 0.00048, 0.00048, 0.0004, 0.00032, 0.0004, 0.0004, 0.00024, 0.00024, 0.00024, 0.00024, 0.00024, 0.00024, 0.00024, 0.00024, 0.00032, 0.00024, 0.00024, 0.00016, 0.00016, 0.00016, 0.00016, 0.00024, 0.00016, 0.00016, 0.00016, 0.00016, 0.00024, 0.00024, 0.00016, 0.00024, 0.00016, 0.00016, 8.0e-5, 8.0e-5, 8.0e-5, 0.0, 0.0, 0.0, 8.0e-5, 0.00016, 0.00016, 0.00016, 0.00016, 0.00016, 0.00016, 0.00016, 0.00016, 0.00016, 0.00016, 0.00016, 0.00016, 0.00016, 0.00016, 0.00016, 0.00016, 0.00016, 0.00016, 0.00016, 0.00016, 0.00016, 0.00016, 0.00016, 0.00024, 0.00024, 0.00024, 0.00016, 0.00016, 0.00016, 0.00016, 0.00016, 0.00024, 0.00024, 0.00032, 0.0004, 0.0004, 0.0004, 0.00032, 0.00032, 0.00032, 0.00032, 0.00048, 0.00048, 0.00048, 0.00048, 0.00048, 0.0005600000000000001, 0.0005600000000000001, 0.0005600000000000001, 0.00048, 0.0004, 0.0004, 0.00048, 0.00048, 0.00048, 0.0005600000000000001, 0.0005600000000000001, 0.0005600000000000001, 0.0005600000000000001, 0.00048, 0.00048, 0.00048, 0.00048, 0.00048, 0.0005600000000000001, 0.0005600000000000001, 0.0005600000000000001, 0.00048, 0.00048, 0.0005600000000000001, 0.0005600000000000001, 0.0005600000000000001, 0.0008, 0.0008, 0.0008, 0.00072, 0.00072, 0.00064, 0.0005600000000000001, 0.00064, 0.00064, 0.00064, 0.00064, 0.00064, 0.00064, 0.00072, 0.0008, 0.0008, 0.0008, 0.0008, 0.00072, 0.00072, 0.00064, 0.00064, 0.00064, 0.0005600000000000001, 0.0005600000000000001, 0.00064, 0.00064, 0.00064, 0.00064, 0.0008, 0.0008, 0.00096, 0.0008799999999999999, 0.00072, 0.00064, 0.00072, 0.00072, 0.00072, 0.00072, 0.00064, 0.00064, 0.0005600000000000001, 0.0005600000000000001, 0.0005600000000000001, 0.0005600000000000001, 0.00048, 0.0004, 0.0004, 0.00024, 0.00024, 0.00024, 0.00024, 0.00024, 0.00024, 0.00024, 0.00024, 0.00024, 0.00024, 0.00024, 0.00024, 0.00032, 0.00032, 0.00032, 0.00032, 0.00032, 0.00032, 0.00032, 0.00032, 0.00032, 0.00024, 0.00016, 0.00016, 0.00016, 0.00024, 0.00024, 0.00032, 0.00032, 0.0004, 0.0004, 0.0004, 0.0004, 0.00048, 0.0005600000000000001, 0.00048, 0.00048, 0.0005600000000000001, 0.00064, 0.00072, 0.0008, 0.0008, 0.0008, 0.0008, 0.0008, 0.00072, 0.00064, 0.00064, 0.00064, 0.00072, 0.0008, 0.0008799999999999999, 0.00096, 0.00096, 0.0008800000000000001, 0.00096, 0.0008800000000000001, 0.00096, 0.00112, 0.00112, 0.0011200000000000001, 0.0011200000000000001, 0.0012, 0.00128, 0.00128, 0.00128, 0.00136, 0.00136, 0.0015200000000000003, 0.00136, 0.00136, 0.00128, 0.00136, 0.00144, 0.0015199999999999999, 0.0016, 0.00168, 0.00168, 0.0016, 0.0015199999999999999, 0.0012, 0.00128, 0.00128, 0.00128, 0.0012000000000000001, 0.00136, 0.00144, 0.0015200000000000003, 0.0015200000000000003, 0.0015200000000000003, 0.0016, 0.00168, 0.00192, 0.00192, 0.0020800000000000003, 0.0021600000000000005, 0.0020800000000000003, 0.002, 0.00192, 0.00192, 0.00192, 0.0017599999999999998, 0.0017599999999999998, 0.00184, 0.00184, 0.00184, 0.0017599999999999998, 0.0017599999999999998, 0.00184, 0.0017599999999999998, 0.00168, 0.0017600000000000003, 0.0016800000000000003, 0.0017600000000000003, 0.00168, 0.00168, 0.0017599999999999998, 0.0020800000000000003, 0.0021600000000000005, 0.002, 0.00184, 0.00192, 0.00192, 0.0017600000000000003, 0.00168, 0.0020800000000000003, 0.0021600000000000005, 0.00216, 0.00208, 0.00208, 0.00216, 0.00216, 0.00216, 0.00216, 0.00208, 0.00192, 0.00184, 0.00192, 0.002, 0.0022400000000000002, 0.002, 0.002, 0.00192, 0.0020800000000000003, 0.00192, 0.002, 0.00208, 0.00216, 0.00232, 0.00248, 0.0022400000000000002, 0.00232, 0.00232, 0.0022400000000000002, 0.0024800000000000004, 0.00256, 0.00248, 0.00248, 0.0024800000000000004, 0.0024000000000000002, 0.00256, 0.00264, 0.00264, 0.00264, 0.0028000000000000004, 0.00288, 0.00272, 0.00264, 0.00288, 0.00288, 0.00288, 0.0028000000000000004, 0.0028000000000000004, 0.00264, 0.0024800000000000004, 0.0024800000000000004, 0.0024000000000000002, 0.0024000000000000002, 0.00232, 0.00248, 0.00248, 0.0023200000000000004, 0.0023200000000000004, 0.0024, 0.00248, 0.0028000000000000004, 0.0029600000000000004, 0.0031200000000000004, 0.0032, 0.0030400000000000006, 0.00288, 0.0028000000000000004, 0.00288, 0.0031200000000000004, 0.0030400000000000006, 0.0029600000000000004, 0.0028000000000000004, 0.0028000000000000004, 0.00296, 0.0030399999999999997, 0.0030399999999999997, 0.0030400000000000006, 0.0029600000000000004, 0.00288, 0.00272, 0.00264, 0.00264, 0.0027199999999999998, 0.0028799999999999997, 0.00296, 0.0030399999999999997, 0.0031200000000000004, 0.0031200000000000004, 0.0030400000000000006, 0.0030400000000000006, 0.00288, 0.00264, 0.00248, 0.0024, 0.00248, 0.00232, 0.00232, 0.00232, 0.0022400000000000002, 0.0024000000000000002, 0.00232, 0.00232, 0.0024800000000000004, 0.0024000000000000002, 0.0024000000000000002, 0.00232, 0.00232, 0.00232, 0.00232, 0.002, 0.0020800000000000003, 0.0021600000000000005, 0.00232, 0.0022400000000000002, 0.00232, 0.0022400000000000002, 0.00216, 0.00216, 0.0020800000000000003, 0.0020800000000000003, 0.0020800000000000003, 0.0020800000000000003, 0.0020800000000000003, 0.0020800000000000003, 0.002, 0.002, 0.00192, 0.00192, 0.0017599999999999998, 0.00192, 0.00192, 0.0018400000000000003, 0.00192, 0.0022400000000000002, 0.00232, 0.00248, 0.0024000000000000002, 0.0024800000000000004, 0.0024000000000000002, 0.0024000000000000002, 0.0024800000000000004, 0.0024000000000000002, 0.0024800000000000004, 0.0024000000000000002, 0.0024000000000000002, 0.00256, 0.00264, 0.0024000000000000002, 0.00232, 0.0024000000000000002, 0.00232, 0.0020800000000000003, 0.002, 0.002, 0.00192, 0.00192, 0.002, 0.002, 0.00192, 0.0021600000000000005, 0.0024000000000000002, 0.00264, 0.00264, 0.00248, 0.00248, 0.00264, 0.0024800000000000004, 0.00256, 0.00256, 0.00248, 0.00264, 0.0028000000000000004, 0.00288, 0.00272, 0.00288, 0.00296, 0.00312, 0.00288, 0.0029600000000000004, 0.00288, 0.0032, 0.0032, 0.0030399999999999997, 0.00312, 0.0029600000000000004, 0.0030400000000000006, 0.0028000000000000004, 0.0028799999999999997, 0.0029600000000000004, 0.00288, 0.00272, 0.00272, 0.00272, 0.0030400000000000006, 0.0029600000000000004, 0.0029600000000000004, 0.0030400000000000006, 0.0031999999999999997, 0.00328, 0.0032, 0.0032, 0.0032, 0.0032, 0.0032000000000000006, 0.0034400000000000003, 0.0035199999999999997, 0.0036, 0.00368, 0.00392, 0.004, 0.00408, 0.004320000000000001, 0.0044800000000000005, 0.0044, 0.004320000000000001, 0.004240000000000001, 0.004320000000000001, 0.004240000000000001, 0.004240000000000001, 0.0044, 0.0044800000000000005, 0.0048, 0.00488, 0.0048, 0.00464, 0.00464, 0.00464, 0.00464, 0.00464, 0.00464, 0.00464, 0.00432, 0.00448, 0.00448, 0.0048, 0.0048, 0.004719999999999999, 0.00472, 0.004880000000000001, 0.00488, 0.004880000000000001, 0.00472, 0.00472, 0.00464, 0.0044800000000000005, 0.0044, 0.00392, 0.00408, 0.00384, 0.00392, 0.0036, 0.0035200000000000006, 0.0034400000000000003, 0.00344, 0.00344, 0.0035199999999999997, 0.00336, 0.003280000000000001, 0.00336, 0.0036000000000000003, 0.0035200000000000006, 0.0036000000000000003, 0.00368, 0.0036, 0.0036, 0.00368, 0.00384, 0.00384, 0.00384, 0.00368, 0.00368, 0.00368, 0.00392, 0.004, 0.00392, 0.00376, 0.00376, 0.00384, 0.004, 0.00384, 0.00392, 0.00392, 0.00392, 0.00392, 0.00408, 0.00408, 0.00408, 0.00384, 0.0034400000000000003, 0.00328, 0.00336, 0.00336, 0.0035200000000000006, 0.003280000000000001, 0.0033599999999999997, 0.00328, 0.0032, 0.00344, 0.0034400000000000003, 0.00344, 0.0036, 0.00344, 0.0036, 0.00376, 0.00376, 0.0041600000000000005, 0.0041600000000000005, 0.0044, 0.0044800000000000005, 0.0044800000000000005, 0.0044, 0.004240000000000001, 0.0041600000000000005, 0.00424, 0.00432, 0.00424, 0.004320000000000001, 0.004240000000000001, 0.0041600000000000005, 0.00408, 0.004320000000000001, 0.004560000000000001, 0.00464, 0.0048000000000000004, 0.004960000000000001, 0.004960000000000001, 0.00536, 0.00528, 0.004880000000000001, 0.004880000000000001, 0.0048000000000000004, 0.00472, 0.00472, 0.00464, 0.00464, 0.00456, 0.004560000000000001, 0.0048, 0.00488, 0.00496, 0.004879999999999999, 0.0048000000000000004, 0.00504, 0.005520000000000001, 0.00512, 0.00496, 0.004960000000000001, 0.00512, 0.00512, 0.00512, 0.0057599999999999995, 0.005600000000000001, 0.00592, 0.00616, 0.0060799999999999995, 0.005840000000000001, 0.00592, 0.00576, 0.00592, 0.0057599999999999995, 0.005680000000000001, 0.005600000000000001, 0.00536, 0.005600000000000001, 0.00536, 0.0052, 0.0052, 0.00512, 0.00512, 0.00528, 0.00544, 0.00544, 0.005520000000000001, 0.005600000000000001, 0.00528, 0.0052, 0.0052, 0.00528, 0.00536, 0.00536, 0.00544, 0.00528, 0.00504, 0.00488, 0.00488, 0.00488, 0.00512, 0.00488, 0.004719999999999999, 0.0048, 0.004719999999999999, 0.00464, 0.004719999999999999, 0.00456, 0.0044800000000000005, 0.004320000000000001, 0.0044, 0.0044800000000000005, 0.00464, 0.00472, 0.0044800000000000005, 0.004240000000000001, 0.004, 0.00392, 0.00392, 0.00376, 0.0036000000000000003, 0.00376, 0.00408, 0.0041600000000000005, 0.00408, 0.004240000000000001, 0.0044, 0.00432, 0.004240000000000001, 0.004320000000000001, 0.00408, 0.00392, 0.00384, 0.00384, 0.00408, 0.004, 0.004240000000000001, 0.0044, 0.0048, 0.00464, 0.004560000000000001, 0.004720000000000001, 0.00496, 0.00496, 0.00512, 0.00512, 0.00488, 0.004719999999999999, 0.00464, 0.00504, 0.00512, 0.0048, 0.00488, 0.00496, 0.00504, 0.00496, 0.004880000000000001, 0.0048, 0.00464, 0.00472, 0.004719999999999999, 0.004719999999999999, 0.00488, 0.0048, 0.004719999999999999, 0.00456, 0.004320000000000001, 0.0044, 0.004240000000000001, 0.00408, 0.0041600000000000005, 0.0044800000000000005, 0.00456, 0.00488, 0.00488, 0.00464, 0.00472, 0.00496, 0.00504, 0.00536, 0.00504, 0.00504, 0.00504, 0.00496, 0.00496, 0.00496, 0.00504, 0.00504, 0.00504, 0.004960000000000001, 0.004880000000000001, 0.00472, 0.00472, 0.00496, 0.00456, 0.004240000000000001, 0.0044800000000000005, 0.004560000000000001, 0.004560000000000001, 0.00464, 0.00464, 0.0044800000000000005, 0.0044800000000000005, 0.00432, 0.0044, 0.0044, 0.004320000000000001, 0.00432, 0.004320000000000001, 0.0044, 0.00464, 0.00432, 0.00456, 0.00456, 0.00456, 0.0044800000000000005, 0.0048, 0.0044800000000000005]","[0.0, 0.0, 0.0, 0.0, 0.0, 0.0, 0.0, 0.0, 0.0, 0.0, 0.0, 0.0, 0.0, 0.0, 0.000848528137423857, 0.000848528137423857, 0.000848528137423857, 0.000848528137423857, 0.000848528137423857, 0.000848528137423857, 0.000848528137423857, 0.000848528137423857, 0.000848528137423857, 0.000848528137423857, 0.000848528137423857, 0.000848528137423857, 0.000848528137423857, 0.000848528137423857, 0.000848528137423857, 0.000848528137423857, 0.000848528137423857, 0.000848528137423857, 0.000848528137423857, 0.000848528137423857, 0.000848528137423857, 0.000848528137423857, 0.000848528137423857, 0.000848528137423857, 0.000848528137423857, 0.000848528137423857, 0.000848528137423857, 0.000848528137423857, 0.000848528137423857, 0.000848528137423857, 0.000848528137423857, 0.000848528137423857, 0.000848528137423857, 0.000848528137423857, 0.000848528137423857, 0.000848528137423857, 0.000848528137423857, 0.000848528137423857, 0.0011876919823329444, 0.0011876919823329444, 0.0011876919823329444, 0.0011876919823329444, 0.0014393876248925712, 0.0014393876248925712, 0.0014393876248925712, 0.0014393876248925712, 0.0014393876248925712, 0.0014393876248925712, 0.0014393876248925712, 0.0014393876248925712, 0.0014393876248925712, 0.0014393876248925712, 0.0014393876248925712, 0.0016442850937072179, 0.0016442850937072179, 0.0016442850937072179, 0.0016442850937072179, 0.0016442850937072179, 0.0016442850937072179, 0.0016442850937072179, 0.0018182745801939796, 0.0018182745801939796, 0.0018182745801939796, 0.0018182745801939796, 0.0018182745801939796, 0.0018182745801939796, 0.0018182745801939796, 0.0018182745801939796, 0.0018182745801939796, 0.0018182745801939796, 0.0018182745801939796, 0.0018182745801939796, 0.0018182745801939796, 0.0018182745801939796, 0.0018182745801939796, 0.0018182745801939796, 0.0019695643359558955, 0.0019695643359558955, 0.0019695643359558955, 0.0019695643359558955, 0.0019695643359558955, 0.0019695643359558955, 0.0019695643359558955, 0.0019695643359558955, 0.0019695643359558955, 0.0019695643359558955, 0.0019695643359558955, 0.0019695643359558955, 0.0019695643359558955, 0.0019695643359558955, 0.0019695643359558955, 0.0019695643359558955, 0.0019695643359558955, 0.0019695643359558955, 0.0019695643359558955, 0.0019695643359558955, 0.0019695643359558955, 0.0019695643359558955, 0.002103058996523194, 0.002103058996523194, 0.002103058996523194, 0.002103058996523194, 0.002103058996523194, 0.002103058996523194, 0.002103058996523194, 0.002103058996523194, 0.002103058996523194, 0.002103058996523194, 0.002103058996523194, 0.002103058996523194, 0.002103058996523194, 0.002103058996523194, 0.002103058996523194, 0.002103058996523194, 0.002103058996523194, 0.002103058996523194, 0.002103058996523194, 0.002103058996523194, 0.002103058996523194, 0.002103058996523194, 0.002103058996523194, 0.002103058996523194, 0.002103058996523194, 0.002103058996523194, 0.002103058996523194, 0.002103058996523194, 0.002103058996523194, 0.002103058996523194, 0.002103058996523194, 0.002103058996523194, 0.002103058996523194, 0.002103058996523194, 0.0022219682394541236, 0.0022219682394541236, 0.0022219682394541236, 0.0022219682394541236, 0.0022219682394541236, 0.0023285276069496216, 0.0023285276069496216, 0.0023285276069496216, 0.0023285276069496216, 0.0023285276069496216, 0.0023285276069496216, 0.0023285276069496216, 0.0023285276069496216, 0.0023285276069496216, 0.0023285276069496216, 0.0023285276069496216, 0.0023285276069496216, 0.0023285276069496216, 0.0023285276069496216, 0.0023285276069496216, 0.0023285276069496216, 0.002424366106925306, 0.002424366106925306, 0.002424366106925306, 0.002424366106925306, 0.002424366106925306, 0.002424366106925306, 0.002424366106925306, 0.002424366106925306, 0.002424366106925306, 0.002424366106925306, 0.002424366106925306, 0.002424366106925306, 0.002424366106925306, 0.002424366106925306, 0.002424366106925306, 0.002424366106925306, 0.002424366106925306, 0.002424366106925306, 0.002424366106925306, 0.002424366106925306, 0.002424366106925306, 0.002424366106925306, 0.002424366106925306, 0.002424366106925306, 0.002424366106925306, 0.002424366106925306, 0.002424366106925306, 0.002424366106925306, 0.002424366106925306, 0.002424366106925306, 0.002424366106925306, 0.002424366106925306, 0.002424366106925306, 0.002424366106925306, 0.002424366106925306, 0.002424366106925306, 0.002424366106925306, 0.002424366106925306, 0.002424366106925306, 0.002424366106925306, 0.002424366106925306, 0.0025107117455788817, 0.0025107117455788817, 0.0025107117455788817, 0.0025107117455788817, 0.0025107117455788817, 0.0025107117455788817, 0.0025107117455788817, 0.0025107117455788817, 0.0025107117455788817, 0.0025107117455788817, 0.0025107117455788817, 0.0025107117455788817, 0.0025107117455788817, 0.0025107117455788817, 0.0025107117455788817, 0.0025107117455788817, 0.0025107117455788817, 0.0025107117455788817, 0.0025107117455788817, 0.0025107117455788817, 0.0025107117455788817, 0.0025107117455788817, 0.0025107117455788817, 0.0025107117455788817, 0.0025107117455788817, 0.0025107117455788817, 0.0025107117455788817, 0.0025107117455788817, 0.0025107117455788817, 0.0025107117455788817, 0.0025107117455788817, 0.0025107117455788817, 0.0025107117455788817, 0.0025107117455788817, 0.0025107117455788817, 0.0025107117455788817, 0.0025107117455788817, 0.0025107117455788817, 0.0025107117455788817, 0.0025107117455788817, 0.0025107117455788817, 0.0025107117455788817, 0.0025107117455788817, 0.0025107117455788817, 0.0025107117455788817, 0.0025885146635214, 0.0026585249861607123, 0.0026585249861607123, 0.0026585249861607123, 0.0026585249861607123, 0.0026585249861607123, 0.0026585249861607123, 0.0026585249861607123, 0.0026585249861607123, 0.0026585249861607123, 0.0026585249861607123, 0.002721344205666436, 0.002721344205666436, 0.002721344205666436, 0.002721344205666436, 0.002721344205666436, 0.002721344205666436, 0.002721344205666436, 0.002721344205666436, 0.0027774602993176547, 0.0027774602993176547, 0.0027774602993176547, 0.0027774602993176547, 0.002827272428994967, 0.002827272428994967, 0.002827272428994967, 0.002827272428994967, 0.002827272428994967, 0.002827272428994967, 0.002827272428994967, 0.002827272428994967, 0.002827272428994967, 0.002827272428994967, 0.002827272428994967, 0.002827272428994967, 0.002827272428994967, 0.002827272428994967, 0.002827272428994967, 0.002827272428994967, 0.002827272428994967, 0.002827272428994967, 0.002827272428994967, 0.002827272428994967, 0.002827272428994967, 0.002827272428994967, 0.002827272428994967, 0.002827272428994967, 0.0031165129650339157, 0.0031165129650339157, 0.0031165129650339157, 0.0031165129650339157, 0.0031165129650339157, 0.0031165129650339157, 0.0031165129650339157, 0.0031165129650339157, 0.0031165129650339157, 0.0031165129650339157, 0.0031165129650339157, 0.0031165129650339157, 0.0031165129650339157, 0.0031165129650339157, 0.0031165129650339157, 0.0031165129650339157, 0.0031165129650339157, 0.0031165129650339157, 0.0031165129650339157, 0.0031165129650339157, 0.0031165129650339157, 0.0031165129650339157, 0.0031165129650339157, 0.0031165129650339157, 0.0031165129650339157, 0.0031165129650339157, 0.0031165129650339157, 0.0031165129650339157, 0.0031165129650339157, 0.0031165129650339157, 0.0031165129650339157, 0.0031165129650339157, 0.0031165129650339157, 0.0031165129650339157, 0.0031165129650339157, 0.0031516759390028976, 0.0031516759390028976, 0.0031516759390028976, 0.0031516759390028976, 0.0031516759390028976, 0.0031516759390028976, 0.0031516759390028976, 0.0031516759390028976, 0.0031516759390028976, 0.0031516759390028976, 0.0031516759390028976, 0.003181836204560672, 0.003181836204560672, 0.003181836204560672, 0.003181836204560672, 0.0034285714285714284, 0.0034285714285714284, 0.0034285714285714284, 0.0034285714285714284, 0.0034285714285714284, 0.0034285714285714284, 0.0034285714285714284, 0.0034285714285714284, 0.0034285714285714284, 0.0034285714285714284, 0.0034285714285714284, 0.0034285714285714284, 0.0034285714285714284, 0.0034285714285714284, 0.0034285714285714284, 0.0034285714285714284, 0.0034285714285714284, 0.0034285714285714284, 0.0034285714285714284, 0.0034285714285714284, 0.0034285714285714284, 0.0034285714285714284, 0.0034285714285714284, 0.0034285714285714284, 0.0034285714285714284, 0.0034285714285714284, 0.0034285714285714284, 0.0034285714285714284, 0.0034285714285714284, 0.0034285714285714284, 0.0034285714285714284, 0.0034285714285714284, 0.0034285714285714284, 0.0034285714285714284, 0.0034285714285714284, 0.003654686675199059, 0.003654686675199059, 0.003654686675199059, 0.003654686675199059, 0.003654686675199059, 0.003654686675199059, 0.003654686675199059, 0.003654686675199059, 0.003654686675199059, 0.003654686675199059, 0.003654686675199059, 0.003654686675199059, 0.0036687316386913196, 0.0036687316386913196, 0.0036687316386913196, 0.0036787309258071318, 0.0036787309258071318, 0.0036787309258071318, 0.0036787309258071318, 0.0036787309258071318, 0.0036787309258071318, 0.0036787309258071318, 0.0036787309258071318, 0.0036787309258071318, 0.0036787309258071318, 0.003878985771080489, 0.003878985771080489, 0.003878985771080489, 0.003878985771080489, 0.003878985771080489, 0.003878985771080489, 0.003878985771080489, 0.003878985771080489, 0.003878985771080489, 0.003878985771080489, 0.003878985771080489, 0.003878985771080489, 0.003878985771080489, 0.003878985771080489, 0.003878985771080489, 0.003878985771080489, 0.003878985771080489, 0.003878985771080489, 0.003878985771080489, 0.003878985771080489, 0.003878985771080489, 0.003878985771080489, 0.003878985771080489, 0.003878985771080489, 0.00406578556307363, 0.00406578556307363, 0.00406578556307363, 0.00406578556307363, 0.00406578556307363, 0.00406578556307363, 0.00406578556307363, 0.00406578556307363, 0.004063978145530183, 0.004063978145530183, 0.004063978145530183, 0.004063978145530183, 0.004063978145530183, 0.004063978145530183, 0.004063978145530183, 0.004063978145530183, 0.004063978145530183, 0.004063978145530183, 0.004063978145530183, 0.004063978145530183, 0.004063978145530183, 0.004063978145530183, 0.004063978145530183, 0.004063978145530183, 0.004063978145530183, 0.004063978145530183, 0.004063978145530183, 0.004063978145530183, 0.004063978145530183, 0.004063978145530183, 0.004063978145530183, 0.004063978145530183, 0.004063978145530183, 0.004063978145530183, 0.004063978145530183, 0.004063978145530183, 0.004063978145530183, 0.004063978145530183, 0.004063978145530183, 0.004063978145530183, 0.004063978145530183, 0.004063978145530183, 0.004063978145530183, 0.004063978145530183, 0.004063978145530183, 0.004063978145530183, 0.004063978145530183, 0.004063978145530183, 0.004063978145530183, 0.004058551063457731, 0.004058551063457731, 0.004058551063457731, 0.004058551063457731, 0.004058551063457731, 0.004058551063457731, 0.004058551063457731, 0.004058551063457731, 0.004058551063457731, 0.004058551063457731, 0.004058551063457731, 0.004058551063457731, 0.004058551063457731, 0.004058551063457731, 0.004058551063457731, 0.004058551063457731, 0.004058551063457731, 0.004058551063457731, 0.004036769773479982, 0.004036769773479982, 0.004036769773479982, 0.004036769773479982, 0.004036769773479982, 0.004036769773479982, 0.0043705881545081015, 0.0043705881545081015, 0.0043705881545081015, 0.0043705881545081015, 0.0043705881545081015, 0.0043705881545081015, 0.0043705881545081015, 0.0043705881545081015, 0.0043705881545081015, 0.0043705881545081015, 0.0046775189655916295, 0.0046775189655916295, 0.0046775189655916295, 0.0046775189655916295, 0.004812229319183383, 0.00494029661176785, 0.00494029661176785, 0.00494029661176785, 0.00494029661176785, 0.00494029661176785, 0.00494029661176785, 0.00494029661176785, 0.00494029661176785, 0.00494029661176785, 0.00494029661176785, 0.00494029661176785, 0.00494029661176785, 0.00494029661176785, 0.00494029661176785, 0.00494029661176785, 0.00494029661176785, 0.00494029661176785, 0.00494029661176785, 0.00494029661176785, 0.00494029661176785, 0.00494029661176785, 0.00494029661176785, 0.00494029661176785, 0.00494029661176785, 0.00494029661176785, 0.00494029661176785, 0.00494029661176785, 0.00494029661176785, 0.00494029661176785, 0.00494029661176785, 0.00494029661176785, 0.00494029661176785, 0.00494029661176785, 0.00494029661176785, 0.00494029661176785, 0.00494029661176785, 0.00494029661176785, 0.00494029661176785, 0.00494029661176785, 0.00494029661176785, 0.00494029661176785, 0.00494029661176785, 0.004914950121199354, 0.004914950121199354, 0.004914950121199354, 0.004914950121199354, 0.004914950121199354, 0.004914950121199354, 0.004914950121199354, 0.005034574339058884, 0.005034574339058884, 0.005034574339058884, 0.005034574339058884, 0.005003835263769059, 0.005003835263769059, 0.005003835263769059, 0.005003835263769059, 0.005003835263769059, 0.005003835263769059, 0.005003835263769059, 0.005003835263769059, 0.005003835263769059, 0.005003835263769059, 0.005003835263769059, 0.005003835263769059, 0.005003835263769059, 0.005003835263769059, 0.005003835263769059, 0.005003835263769059, 0.005003835263769059, 0.005003835263769059, 0.005003835263769059, 0.005003835263769059, 0.005003835263769059, 0.005003835263769059, 0.005003835263769059, 0.005003835263769059, 0.005003835263769059, 0.005003835263769059, 0.004969950519196877, 0.004969950519196877, 0.004969950519196877, 0.004969950519196877, 0.004969950519196877, 0.004969950519196877, 0.004969950519196877, 0.004969950519196877, 0.004969950519196877, 0.005079611105152818, 0.005184120180012837, 0.005184120180012837, 0.005184120180012837, 0.005184120180012837, 0.005184120180012837, 0.005283783431116265, 0.005283783431116265, 0.005283783431116265, 0.005283783431116265, 0.005283783431116265, 0.005283783431116265, 0.005283783431116265, 0.005283783431116265, 0.005283783431116265, 0.005283783431116265, 0.005283783431116265, 0.005283783431116265, 0.005283783431116265, 0.005283783431116265, 0.005283783431116265, 0.005283783431116265, 0.005283783431116265, 0.005283783431116265, 0.005283783431116265, 0.005283783431116265, 0.005283783431116265, 0.005283783431116265, 0.005283783431116265, 0.005240501611759808, 0.005240501611759808, 0.005240501611759808, 0.005240501611759808, 0.005240501611759808, 0.005240501611759808, 0.005240501611759808, 0.005240501611759808, 0.005240501611759808, 0.005240501611759808, 0.005240501611759808, 0.005240501611759808, 0.005240501611759808, 0.005240501611759808, 0.00519403111115764, 0.00519403111115764, 0.00519403111115764, 0.00519403111115764, 0.00519403111115764, 0.00519403111115764, 0.00519403111115764, 0.00519403111115764, 0.00519403111115764, 0.00519403111115764, 0.00519403111115764, 0.00519403111115764, 0.00519403111115764, 0.00519403111115764, 0.00519403111115764, 0.00519403111115764, 0.005144285515928111, 0.005144285515928111, 0.005144285515928111, 0.005144285515928111, 0.005144285515928111, 0.005144285515928111, 0.005144285515928111, 0.005144285515928111, 0.005144285515928111, 0.005144285515928111, 0.005144285515928111, 0.005144285515928111, 0.005144285515928111, 0.005144285515928111, 0.005144285515928111, 0.005144285515928111, 0.005144285515928111, 0.005144285515928111, 0.005144285515928111, 0.005144285515928111, 0.005144285515928111, 0.005144285515928111, 0.005144285515928111, 0.005144285515928111, 0.005144285515928111, 0.005144285515928111, 0.005144285515928111, 0.005144285515928111, 0.005144285515928111, 0.005144285515928111, 0.005144285515928111, 0.005144285515928111, 0.005144285515928111, 0.005144285515928111, 0.005144285515928111, 0.005144285515928111, 0.005144285515928111, 0.005144285515928111, 0.005144285515928111, 0.005144285515928111, 0.005144285515928111, 0.005144285515928111, 0.005144285515928111, 0.005144285515928111, 0.005144285515928111, 0.005144285515928111, 0.005144285515928111, 0.005144285515928111, 0.005144285515928111, 0.005144285515928111, 0.005144285515928111, 0.005144285515928111, 0.005144285515928111, 0.005144285515928111, 0.005144285515928111, 0.005144285515928111, 0.005144285515928111, 0.005233487150562427, 0.005233487150562427, 0.005233487150562427, 0.005233487150562427, 0.005233487150562427, 0.005233487150562427, 0.005233487150562427, 0.005233487150562427, 0.005233487150562427, 0.005233487150562427, 0.005233487150562427, 0.005233487150562427, 0.005233487150562427, 0.005233487150562427, 0.005233487150562427, 0.005233487150562427, 0.005233487150562427, 0.005233487150562427, 0.005233487150562427, 0.005233487150562427, 0.005233487150562427, 0.005233487150562427, 0.005233487150562427, 0.005233487150562427, 0.005233487150562427, 0.005233487150562427, 0.005233487150562427, 0.005233487150562427, 0.005233487150562427, 0.005233487150562427, 0.005233487150562427, 0.005233487150562427, 0.005233487150562427, 0.005233487150562427, 0.005454823740581938, 0.005454823740581938, 0.005454823740581938, 0.005454823740581938, 0.005454823740581938, 0.005454823740581938, 0.00553371853425222, 0.00553371853425222, 0.00553371853425222, 0.00553371853425222, 0.00553371853425222, 0.00553371853425222, 0.00553371853425222, 0.00553371853425222, 0.00553371853425222, 0.00553371853425222, 0.00553371853425222, 0.00553371853425222, 0.00553371853425222, 0.00553371853425222, 0.00553371853425222, 0.00553371853425222, 0.00553371853425222, 0.00553371853425222, 0.00553371853425222, 0.00553371853425222, 0.00553371853425222, 0.00553371853425222, 0.00553371853425222, 0.00553371853425222, 0.00553371853425222, 0.00553371853425222, 0.00553371853425222, 0.00553371853425222, 0.00553371853425222, 0.00553371853425222, 0.00553371853425222, 0.00553371853425222, 0.00553371853425222, 0.00553371853425222, 0.00553371853425222, 0.005608885079651275, 0.005608885079651275, 0.005608885079651275, 0.005608885079651275, 0.005549627676424678, 0.005549627676424678, 0.005549627676424678, 0.005549627676424678, 0.005549627676424678, 0.005549627676424678, 0.005549627676424678, 0.005549627676424678, 0.005549627676424678, 0.005549627676424678, 0.005549627676424678, 0.005549627676424678, 0.005549627676424678, 0.005549627676424678, 0.005549627676424678, 0.005549627676424678, 0.005549627676424678, 0.005549627676424678, 0.005549627676424678, 0.005549627676424678, 0.005549627676424678, 0.005549627676424678, 0.005487053407981447, 0.005487053407981447, 0.005487053407981447, 0.005487053407981447, 0.005487053407981447, 0.005421047417431507, 0.005421047417431507, 0.005421047417431507, 0.005421047417431507, 0.005421047417431507, 0.005421047417431507, 0.005421047417431507, 0.005421047417431507, 0.005421047417431507, 0.005421047417431507, 0.005421047417431507, 0.005421047417431507, 0.005421047417431507, 0.005421047417431507, 0.005421047417431507, 0.005421047417431507, 0.005421047417431507, 0.005421047417431507, 0.005421047417431507, 0.005421047417431507, 0.005421047417431507, 0.005421047417431507, 0.005421047417431507, 0.005421047417431507, 0.005421047417431507, 0.005421047417431507, 0.005487053407981448, 0.005487053407981448, 0.005487053407981448, 0.005487053407981448, 0.005487053407981448, 0.005487053407981448, 0.005487053407981448, 0.005487053407981448, 0.005487053407981448, 0.005487053407981448, 0.005487053407981448, 0.005487053407981448, 0.005487053407981448, 0.005487053407981448, 0.005487053407981448, 0.005487053407981448, 0.005487053407981448, 0.005487053407981448, 0.005487053407981448, 0.005487053407981448, 0.005487053407981448, 0.005487053407981448, 0.005487053407981448, 0.005487053407981448, 0.005487053407981448, 0.005487053407981448, 0.005487053407981448, 0.005487053407981448, 0.005549627676424678, 0.005608885079651275, 0.005608885079651275, 0.005608885079651275, 0.005608885079651275, 0.005918631943416709, 0.005918631943416709, 0.005918631943416709, 0.005918631943416709, 0.005844935012993938, 0.005844935012993938, 0.005844935012993938, 0.005844935012993938, 0.005844935012993938, 0.005844935012993938, 0.005844935012993938, 0.005844935012993938, 0.005844935012993938, 0.005844935012993938, 0.005844935012993938, 0.005844935012993938, 0.005844935012993938, 0.005844935012993938, 0.005844935012993938, 0.005844935012993938, 0.005844935012993938, 0.005844935012993938, 0.005844935012993938, 0.005844935012993938, 0.005844935012993938, 0.005844935012993938, 0.005844935012993938, 0.005844935012993938, 0.005844935012993938, 0.005844935012993938, 0.005844935012993938, 0.005844935012993938, 0.005844935012993938, 0.005844935012993938, 0.005844935012993938, 0.005844935012993938, 0.005844935012993938, 0.005844935012993938, 0.005844935012993938, 0.005844935012993938, 0.005844935012993938, 0.005844935012993938, 0.005844935012993938, 0.005844935012993938, 0.005844935012993938, 0.005893753178630086, 0.005814689350678844, 0.005814689350678844, 0.005814689350678844, 0.005814689350678844, 0.005814689350678844, 0.005814689350678844, 0.005814689350678844, 0.005814689350678844, 0.005814689350678844, 0.005814689350678844, 0.005814689350678844, 0.005814689350678844, 0.005814689350678844, 0.005814689350678844, 0.005814689350678844, 0.005814689350678844, 0.005814689350678844, 0.005814689350678844, 0.005814689350678844, 0.005814689350678844, 0.005814689350678844, 0.005814689350678844, 0.005814689350678844, 0.005814689350678844, 0.005814689350678844, 0.005814689350678844, 0.005814689350678844, 0.005814689350678844, 0.005814689350678844, 0.005814689350678844, 0.005814689350678844, 0.005814689350678844, 0.005814689350678844, 0.005814689350678844, 0.005814689350678844, 0.005814689350678844, 0.005814689350678844, 0.005814689350678844, 0.005814689350678844, 0.005814689350678844, 0.005814689350678844, 0.005814689350678844, 0.005814689350678844, 0.005814689350678844, 0.005814689350678844, 0.005814689350678844, 0.005814689350678844, 0.005814689350678844, 0.005814689350678844, 0.005814689350678844, 0.005814689350678844, 0.005814689350678844, 0.005814689350678844, 0.005814689350678844, 0.005814689350678844, 0.005814689350678844, 0.005814689350678844, 0.0058587454253605925, 0.0058587454253605925, 0.0058587454253605925, 0.0058587454253605925, 0.0058587454253605925, 0.0058587454253605925, 0.0058587454253605925, 0.0058587454253605925, 0.005899982704921036, 0.005899982704921036, 0.005899982704921036, 0.005813425699821658, 0.005813425699821658, 0.005813425699821658, 0.005813425699821658, 0.005813425699821658, 0.005813425699821658, 0.005813425699821658, 0.005813425699821658, 0.005813425699821658, 0.005813425699821658, 0.005813425699821658, 0.005813425699821658, 0.005813425699821658, 0.005813425699821658, 0.005813425699821658, 0.005813425699821658, 0.005813425699821658, 0.005813425699821658, 0.005813425699821658, 0.005813425699821658, 0.005813425699821658, 0.005813425699821658, 0.005813425699821658, 0.0058499607534005325, 0.0058499607534005325, 0.0058499607534005325, 0.0058499607534005325, 0.0058499607534005325, 0.0058499607534005325, 0.0058499607534005325, 0.0058499607534005325, 0.0058499607534005325, 0.0058499607534005325, 0.0058499607534005325, 0.0058499607534005325, 0.0058499607534005325, 0.0058499607534005325, 0.0057575504995702855, 0.0057575504995702855, 0.0057575504995702855, 0.0057575504995702855, 0.0057575504995702855, 0.0057575504995702855, 0.0057575504995702855, 0.0057575504995702855, 0.0057575504995702855, 0.0057575504995702855, 0.0057575504995702855, 0.0057575504995702855, 0.0057575504995702855, 0.0057575504995702855, 0.0057575504995702855, 0.0057575504995702855, 0.0057575504995702855, 0.0057575504995702855, 0.0057575504995702855, 0.0057575504995702855, 0.0057575504995702855, 0.0057575504995702855, 0.0057575504995702855, 0.0057575504995702855, 0.0057575504995702855, 0.0057575504995702855, 0.0056610376203285835, 0.0056610376203285835, 0.0056610376203285835, 0.0056610376203285835, 0.0058184786566207345, 0.0058184786566207345, 0.0058184786566207345, 0.0058184786566207345, 0.0058184786566207345, 0.0058184786566207345, 0.0058184786566207345, 0.0058184786566207345, 0.005717856027482714, 0.005717856027482714, 0.005717856027482714, 0.005717856027482714, 0.005717856027482714, 0.005717856027482714, 0.005717856027482714, 0.005717856027482714, 0.005717856027482714, 0.005717856027482714, 0.005717856027482714, 0.005717856027482714, 0.005717856027482714, 0.005717856027482714, 0.005717856027482714, 0.005717856027482714, 0.005717856027482714, 0.005717856027482714, 0.005717856027482714, 0.005992648557582355, 0.005992648557582355, 0.005992648557582355, 0.005992648557582355, 0.005992648557582355, 0.005992648557582355, 0.005992648557582355, 0.005992648557582355, 0.005992648557582355, 0.005992648557582355, 0.005992648557582355, 0.005992648557582355, 0.005992648557582355, 0.005992648557582355, 0.005992648557582355, 0.005992648557582355, 0.005992648557582355, 0.005992648557582355, 0.005992648557582355, 0.005992648557582355, 0.005992648557582355, 0.005992648557582355, 0.005992648557582355, 0.005992648557582355, 0.005992648557582355, 0.005992648557582355, 0.005992648557582355, 0.005992648557582355, 0.005992648557582355, 0.006134412800599848, 0.006134412800599848, 0.006134412800599848, 0.006134412800599848, 0.006134412800599848, 0.006134412800599848, 0.006134412800599848, 0.006134412800599848, 0.006134412800599848, 0.006134412800599848, 0.006134412800599848, 0.006134412800599848, 0.006134412800599848, 0.006134412800599848, 0.006134412800599848, 0.006134412800599848, 0.006031752715117434, 0.006031752715117434, 0.006031752715117434, 0.006031752715117434, 0.006031752715117434, 0.006031752715117434, 0.006031752715117434, 0.006031752715117434, 0.006031752715117434, 0.006031752715117434, 0.006031752715117434, 0.006031752715117434, 0.006031752715117434, 0.006031752715117434, 0.006031752715117434, 0.006031752715117434, 0.006031752715117434, 0.006031752715117434, 0.006031752715117434, 0.006031752715117434, 0.006031752715117434, 0.006031752715117434, 0.006031752715117434, 0.006031752715117434, 0.006031752715117434, 0.006031752715117434, 0.006031752715117434, 0.006031752715117434, 0.006031752715117434, 0.006031752715117434, 0.006031752715117434, 0.006031752715117434, 0.006031752715117434, 0.006031752715117434, 0.006031752715117434, 0.006031752715117434, 0.006031752715117434, 0.006031752715117434, 0.006031752715117434, 0.006031752715117434, 0.006031752715117434, 0.006031752715117434, 0.006031752715117434, 0.006031752715117434, 0.005924835311583584, 0.005924835311583584, 0.005924835311583584, 0.005924835311583584, 0.005938459911664722, 0.005938459911664722, 0.005938459911664722, 0.005938459911664722, 0.005938459911664722, 0.005938459911664722, 0.005938459911664722, 0.005938459911664722, 0.0061916335914370966, 0.0061916335914370966, 0.0061916335914370966, 0.0061916335914370966, 0.0061916335914370966, 0.0061916335914370966, 0.0061916335914370966, 0.006199934166865757, 0.006199934166865757, 0.006199934166865757, 0.006199934166865757, 0.006199934166865757, 0.006199934166865757, 0.006199934166865757, 0.006199934166865757, 0.006199934166865757, 0.006199934166865757, 0.006199934166865757, 0.006199934166865757, 0.006199934166865757, 0.006199934166865757, 0.006199934166865757, 0.006199934166865757, 0.006199934166865757, 0.006199934166865757, 0.006199934166865757, 0.006199934166865757, 0.006199934166865757, 0.006199934166865757, 0.006199934166865757, 0.006199934166865757, 0.006199934166865757, 0.006199934166865757, 0.006199934166865757, 0.006205856351965012, 0.006205856351965012, 0.006205856351965012, 0.006205856351965012, 0.006205856351965012, 0.006205856351965012, 0.006209406951865657, 0.006209406951865657, 0.0063277813115286, 0.0063277813115286, 0.0063277813115286, 0.006209406951865657, 0.006209406951865657, 0.006209406951865657, 0.006209406951865657, 0.006209406951865657, 0.006209406951865657, 0.006209406951865657, 0.006209406951865657, 0.006209406951865657, 0.006209406951865657, 0.006209406951865657, 0.006209406951865657, 0.00632313536280274, 0.00632313536280274, 0.00632313536280274, 0.00632313536280274, 0.006432570184900703, 0.006432570184900703, 0.006432570184900703, 0.006432570184900703, 0.006432570184900703, 0.006432570184900703, 0.006432570184900703, 0.006432570184900703, 0.006432570184900703, 0.006432570184900703, 0.006432570184900703, 0.006432570184900703, 0.006432570184900703, 0.006537927025894245, 0.006537927025894245, 0.006537927025894245, 0.006537927025894245, 0.006537927025894245, 0.006537927025894245, 0.006537927025894245, 0.006537927025894245, 0.006537927025894245, 0.006537927025894245, 0.006537927025894245, 0.006537927025894245, 0.006537927025894245, 0.006537927025894245, 0.006537927025894245, 0.006537927025894245, 0.006537927025894245, 0.006537927025894245, 0.006657081544782033, 0.006657081544782033, 0.006657081544782033, 0.006758939658417025, 0.006758939658417025, 0.006758939658417025, 0.006758939658417025, 0.006758939658417025, 0.006963461489687965, 0.006963461489687965, 0.006963461489687965, 0.006963461489687965, 0.006963461489687965, 0.006963461489687965, 0.006963461489687965, 0.006963461489687965, 0.006963461489687965, 0.006963461489687965, 0.006963461489687965, 0.006963461489687965, 0.006963461489687965, 0.006963461489687965, 0.006963461489687965, 0.006963461489687965, 0.006963461489687965, 0.006963461489687965, 0.006963461489687965, 0.006963461489687965, 0.006963461489687965, 0.006963461489687965, 0.006963461489687965, 0.006963461489687965, 0.006963461489687965, 0.006963461489687965, 0.006963461489687965, 0.006963461489687965, 0.006963461489687965, 0.006963461489687965, 0.006963461489687965, 0.006963461489687965, 0.006845346997063339, 0.006845346997063339, 0.006845346997063339, 0.006845346997063339, 0.006845346997063339, 0.006845346997063339, 0.006845346997063339, 0.006845346997063339, 0.006845346997063339, 0.006845346997063339, 0.006845346997063339, 0.006845346997063339, 0.006845346997063339, 0.006845346997063339, 0.006845346997063339, 0.006845346997063339, 0.006845346997063339, 0.006845346997063339, 0.006845346997063339, 0.006845346997063339, 0.006845346997063339, 0.006845346997063339, 0.006845346997063339, 0.006845346997063339, 0.006845346997063339, 0.006845346997063339, 0.006845346997063339, 0.006845346997063339, 0.006845346997063339, 0.006845346997063339, 0.006845346997063339, 0.006845346997063339, 0.006845346997063339, 0.006845346997063339, 0.007043190371716846, 0.007043190371716846, 0.007009730845803727, 0.007009730845803727, 0.007009730845803727, 0.007009730845803727, 0.007009730845803727, 0.007009730845803727, 0.007009730845803727, 0.007009730845803727, 0.007009730845803727, 0.007009730845803727, 0.007009730845803727, 0.007009730845803727, 0.00698978847012861, 0.00698978847012861, 0.00698978847012861, 0.00698978847012861, 0.00698978847012861, 0.00698978847012861, 0.00698978847012861, 0.00698978847012861, 0.00698978847012861, 0.0070723376039095774, 0.0070723376039095774, 0.0070723376039095774, 0.0070723376039095774, 0.0070723376039095774, 0.0070723376039095774, 0.0070723376039095774, 0.0070723376039095774, 0.0070723376039095774, 0.0070723376039095774, 0.0070723376039095774, 0.0070723376039095774, 0.0070723376039095774, 0.006943386223226961, 0.006943386223226961, 0.006943386223226961, 0.006943386223226961, 0.006943386223226961, 0.006943386223226961, 0.006943386223226961, 0.006943386223226961, 0.006943386223226961, 0.006943386223226961, 0.006943386223226961, 0.006943386223226961, 0.006943386223226961, 0.006943386223226961, 0.006943386223226961, 0.006943386223226961, 0.006943386223226961, 0.006943386223226961, 0.0070222968508333854, 0.0070222968508333854, 0.0070222968508333854, 0.0070222968508333854, 0.0070222968508333854, 0.0070222968508333854, 0.0070222968508333854, 0.0070222968508333854, 0.0070222968508333854, 0.006993991590454405, 0.006993991590454405, 0.006993991590454405, 0.006993991590454405, 0.006993991590454405, 0.006993991590454405, 0.006993991590454405, 0.006993991590454405, 0.006993991590454405, 0.006993991590454405, 0.006993991590454405, 0.006993991590454405, 0.006993991590454405, 0.006993991590454405, 0.006993991590454405, 0.006993991590454405, 0.006993991590454405, 0.006993991590454405, 0.006993991590454405, 0.006993991590454405, 0.006993991590454405, 0.006993991590454405, 0.006993991590454405, 0.006993991590454405, 0.0072730983207759175, 0.0072730983207759175, 0.0072730983207759175, 0.0072730983207759175, 0.0072730983207759175, 0.0072730983207759175, 0.0072730983207759175, 0.0072730983207759175, 0.0072730983207759175, 0.0072730983207759175, 0.0072730983207759175, 0.0072730983207759175, 0.0072730983207759175, 0.0072730983207759175, 0.0072730983207759175, 0.0072730983207759175, 0.0072730983207759175, 0.0072730983207759175, 0.007241715886417517, 0.007241715886417517, 0.007409205526276906, 0.007409205526276906, 0.007409205526276906, 0.007409205526276906, 0.007409205526276906, 0.007409205526276906, 0.007409205526276906, 0.007409205526276906, 0.0074733813345385074, 0.0074733813345385074, 0.0074733813345385074, 0.0074733813345385074, 0.0074733813345385074, 0.0074733813345385074, 0.0074733813345385074, 0.0074733813345385074, 0.0074733813345385074, 0.0074733813345385074, 0.0074733813345385074, 0.0074733813345385074, 0.0074733813345385074, 0.0074733813345385074, 0.0074733813345385074, 0.0074733813345385074, 0.0074733813345385074, 0.0074733813345385074, 0.0074733813345385074, 0.0077276075448580415, 0.0077276075448580415, 0.0077276075448580415, 0.0077276075448580415, 0.0077276075448580415, 0.0077276075448580415, 0.0077276075448580415, 0.0077276075448580415, 0.0077276075448580415, 0.0077276075448580415, 0.0077276075448580415, 0.0077276075448580415, 0.0077276075448580415, 0.0077276075448580415, 0.0077276075448580415, 0.0077276075448580415, 0.0077276075448580415, 0.0077276075448580415, 0.0077276075448580415, 0.0077276075448580415, 0.0077276075448580415, 0.007594305062858292, 0.007594305062858292, 0.007594305062858292, 0.007594305062858292, 0.007594305062858292, 0.007594305062858292, 0.007594305062858292, 0.007594305062858292, 0.007594305062858292, 0.007594305062858292, 0.007594305062858292, 0.007594305062858292, 0.007594305062858292, 0.007594305062858292, 0.007594305062858292, 0.007594305062858292, 0.007594305062858292, 0.007594305062858292, 0.007594305062858292, 0.007594305062858292, 0.007594305062858292, 0.007594305062858292, 0.007594305062858292, 0.007594305062858292, 0.007594305062858292, 0.007594305062858292, 0.007594305062858292, 0.007594305062858292, 0.007594305062858292, 0.007594305062858292, 0.007594305062858292, 0.007594305062858292, 0.007594305062858292, 0.007594305062858292, 0.007594305062858292, 0.007594305062858292, 0.007594305062858292, 0.007594305062858292, 0.007594305062858292, 0.007594305062858292, 0.007594305062858292, 0.007594305062858292, 0.007594305062858292, 0.007594305062858292, 0.007594305062858292, 0.007594305062858292, 0.007594305062858292, 0.007594305062858292, 0.007594305062858292, 0.007594305062858292, 0.007594305062858292, 0.007594305062858292, 0.007594305062858292, 0.007594305062858292, 0.007594305062858292, 0.007594305062858292, 0.007594305062858292, 0.007594305062858292, 0.007594305062858292, 0.007594305062858292, 0.007594305062858292, 0.007594305062858292, 0.007594305062858292, 0.007594305062858292, 0.007594305062858292, 0.007594305062858292, 0.007594305062858292, 0.007651170378658765, 0.007651170378658765, 0.007651170378658765, 0.007651170378658765, 0.007651170378658765, 0.007651170378658765, 0.007651170378658765, 0.007651170378658765, 0.007651170378658765, 0.007651170378658765, 0.007651170378658765, 0.007651170378658765, 0.007651170378658765, 0.007651170378658765, 0.007651170378658765, 0.007651170378658765, 0.007651170378658765, 0.007651170378658765, 0.007651170378658765, 0.007651170378658765, 0.007651170378658765, 0.007651170378658765, 0.007651170378658765, 0.007512601658112147, 0.007512601658112147, 0.007512601658112147, 0.007662684561814975, 0.007662684561814975, 0.007662684561814975, 0.007662684561814975, 0.007662684561814975, 0.007662684561814975, 0.007662684561814975, 0.007662684561814975, 0.007662684561814975, 0.007662684561814975, 0.007662684561814975, 0.007662684561814975, 0.007662684561814975, 0.007662684561814975, 0.007662684561814975, 0.007662684561814975, 0.007662684561814975, 0.007662684561814975, 0.007662684561814975, 0.007662684561814975, 0.007662684561814975, 0.007662684561814975, 0.007662684561814975, 0.007662684561814975, 0.007662684561814975, 0.007662684561814975, 0.007662684561814975, 0.007662684561814975, 0.007662684561814975, 0.007662684561814975, 0.007662684561814975, 0.007662684561814975, 0.007662684561814975, 0.007662684561814975, 0.007662684561814975, 0.007662684561814975, 0.007662684561814975, 0.007662684561814975, 0.007662684561814975, 0.007662684561814975, 0.007662684561814975, 0.007662684561814975, 0.007662684561814975, 0.007662684561814975, 0.007662684561814975, 0.007662684561814975, 0.007662684561814975, 0.007662684561814975, 0.007662684561814975, 0.007662684561814975, 0.007662684561814975, 0.007662684561814975, 0.007662684561814975, 0.007662684561814975, 0.007662684561814975, 0.007662684561814975, 0.007662684561814975, 0.007662684561814975, 0.007662684561814975, 0.007662684561814975, 0.007662684561814975, 0.007662684561814975, 0.007662684561814975, 0.007713333274537127, 0.007713333274537127, 0.007713333274537127, 0.007713333274537127, 0.007713333274537127, 0.007713333274537127, 0.007713333274537127, 0.007713333274537127, 0.007713333274537127, 0.007713333274537127, 0.007713333274537127, 0.0076665187799992785, 0.0076665187799992785, 0.0076665187799992785, 0.0076665187799992785, 0.0076665187799992785, 0.0076665187799992785, 0.0076665187799992785, 0.0076665187799992785, 0.0076665187799992785, 0.0076665187799992785, 0.0076665187799992785, 0.0076665187799992785, 0.0076665187799992785, 0.0076665187799992785, 0.0076665187799992785, 0.0076665187799992785, 0.0076665187799992785, 0.0076665187799992785, 0.0076665187799992785, 0.0076665187799992785, 0.0076665187799992785, 0.0076665187799992785, 0.0076665187799992785, 0.0076665187799992785, 0.0076665187799992785, 0.0076665187799992785, 0.0076665187799992785, 0.0076665187799992785, 0.0076665187799992785, 0.0076665187799992785, 0.0076665187799992785, 0.0076665187799992785, 0.0076665187799992785, 0.0076665187799992785, 0.0076665187799992785, 0.0076665187799992785, 0.007808002174640045, 0.007808002174640045, 0.007808002174640045, 0.007808002174640045, 0.007808002174640045, 0.007852102279267739, 0.007852102279267739, 0.007852102279267739, 0.007852102279267739, 0.007852102279267739, 0.007852102279267739, 0.007852102279267739, 0.007852102279267739, 0.007852102279267739, 0.007852102279267739, 0.007852102279267739, 0.007852102279267739, 0.007852102279267739, 0.007852102279267739, 0.007852102279267739, 0.007852102279267739, 0.007852102279267739, 0.007852102279267739, 0.007852102279267739, 0.007852102279267739, 0.007852102279267739, 0.007852102279267739, 0.007852102279267739, 0.007852102279267739, 0.007852102279267739, 0.007852102279267739, 0.007852102279267739, 0.007852102279267739, 0.007852102279267739, 0.007852102279267739, 0.007852102279267739, 0.007852102279267739, 0.007852102279267739, 0.007800470943396655, 0.007800470943396655, 0.007800470943396655, 0.007800470943396655, 0.007800470943396655, 0.008117102126915462, 0.008117102126915462, 0.008117102126915462, 0.008117102126915462, 0.008117102126915462, 0.008117102126915462, 0.008117102126915462, 0.008117102126915462, 0.008117102126915462, 0.008117102126915462, 0.008117102126915462, 0.008117102126915462, 0.008063523309525762, 0.008063523309525762, 0.008063523309525762, 0.008063523309525762, 0.008063523309525762, 0.008063523309525762, 0.008063523309525762, 0.008063523309525762, 0.008063523309525762, 0.008063523309525762, 0.008063523309525762, 0.008063523309525762, 0.008063523309525762, 0.008007751346829711, 0.008007751346829711, 0.008007751346829711, 0.008007751346829711, 0.008007751346829711, 0.008007751346829711, 0.008007751346829711, 0.008007751346829711, 0.008007751346829711, 0.008007751346829711, 0.008007751346829711, 0.008007751346829711, 0.008007751346829711, 0.008007751346829711, 0.008007751346829711, 0.008007751346829711, 0.008007751346829711, 0.008007751346829711, 0.008007751346829711, 0.008007751346829711, 0.008007751346829711, 0.008007751346829711, 0.008007751346829711, 0.008007751346829711, 0.008007751346829711, 0.008007751346829711, 0.008007751346829711, 0.008007751346829711, 0.008007751346829711, 0.008007751346829711, 0.008007751346829711, 0.008007751346829711, 0.008007751346829711, 0.008007751346829711, 0.008154127538760192, 0.008154127538760192, 0.008154127538760192, 0.008154127538760192, 0.008154127538760192, 0.008154127538760192, 0.008154127538760192, 0.008154127538760192, 0.008154127538760192, 0.008154127538760192, 0.008154127538760192, 0.008154127538760192, 0.008154127538760192, 0.008154127538760192, 0.008041626396571829, 0.008041626396571829, 0.008041626396571829, 0.008041626396571829, 0.008041626396571829, 0.008041626396571829, 0.008041626396571829, 0.008041626396571829, 0.008073539546959965, 0.008073539546959965, 0.008073539546959965, 0.00810351397700468, 0.00810351397700468, 0.00810351397700468, 0.00813157112614726, 0.00824730011480566, 0.00824730011480566, 0.00824730011480566, 0.00824730011480566, 0.00824730011480566, 0.00824730011480566, 0.00824730011480566, 0.00824730011480566, 0.00824730011480566, 0.00824730011480566, 0.00824730011480566, 0.00824730011480566, 0.00809171912311265, 0.00809171912311265, 0.00809171912311265, 0.00809171912311265, 0.00809171912311265, 0.008293493884746435, 0.008293493884746435, 0.008293493884746435, 0.008293493884746435, 0.008293493884746435, 0.008293493884746435, 0.008293493884746435, 0.008293493884746435, 0.008574856457417006, 0.008574856457417006, 0.008574856457417006, 0.008574856457417006, 0.00869398102841552, 0.00903950513364667, 0.00903950513364667, 0.00903950513364667, 0.00903950513364667, 0.00903950513364667, 0.009212591206316161, 0.009212591206316161, 0.009212591206316161, 0.009062233810305992, 0.009062233810305992, 0.009151781358883981, 0.009151781358883981, 0.009151781358883981, 0.009151781358883981, 0.009151781358883981, 0.009151781358883981, 0.009151781358883981, 0.009151781358883981, 0.009151781358883981, 0.009151781358883981, 0.009151781358883981, 0.009078433740666586, 0.009088139837958354, 0.009088139837958354, 0.009088139837958354, 0.009088139837958354, 0.009171829096728298, 0.00932987302230019, 0.00932987302230019, 0.00932987302230019, 0.00940594688134554, 0.00940594688134554, 0.00940594688134554, 0.00940594688134554, 0.00940594688134554, 0.00940594688134554, 0.009474433912333954, 0.009474433912333954, 0.009474433912333954, 0.009474433912333954, 0.009474433912333954, 0.009474433912333954, 0.009474433912333954, 0.009474433912333954, 0.00968912708521616, 0.00968912708521616, 0.00968912708521616, 0.00968912708521616, 0.009829900242398708, 0.009829900242398708, 0.009829900242398708, 0.009829900242398708, 0.009730742363189743, 0.009730742363189743, 0.009730742363189743, 0.009791708278967881, 0.009791708278967881, 0.009791708278967881, 0.009791708278967881, 0.009791708278967881, 0.009791708278967881, 0.009791708278967881, 0.009925107309346374, 0.009925107309346374, 0.00990806721406185, 0.00990806721406185, 0.00990806721406185, 0.00990806721406185, 0.00990806721406185, 0.009963525316608268, 0.009963525316608268, 0.009963525316608268, 0.009963525316608268, 0.009963525316608268, 0.009963525316608268, 0.009963525316608268, 0.010162837463332887, 0.010162837463332887, 0.010162837463332887, 0.010162837463332887, 0.010214035960982559, 0.010191713320544454, 0.010568262074026464, 0.010472588125235152, 0.010763202618748979, 0.010763202618748979, 0.010937223465891934, 0.010937223465891934, 0.010937223465891934, 0.010937223465891934, 0.011040851786128882, 0.011040851786128882, 0.011040851786128882, 0.011142197782689527, 0.011142197782689527, 0.011142197782689527, 0.011142197782689527, 0.011142197782689527, 0.011142197782689527, 0.011241323184517715, 0.011241323184517715, 0.011241323184517715, 0.011142197782689527, 0.011142197782689527, 0.011142197782689527, 0.011142197782689527, 0.011303891329257968, 0.011525942344935423, 0.011616736694466799, 0.011830434635864796, 0.011830434635864796, 0.011830434635864796, 0.011830434635864796, 0.011830434635864796, 0.011830434635864796, 0.011830434635864796, 0.01197793890484349, 0.01197793890484349, 0.012122436611001729, 0.012122436611001729, 0.012103027113335014, 0.012103027113335014, 0.012103027113335014, 0.012103027113335014, 0.012121830534626529, 0.012121830534626529, 0.012121830534626529, 0.01207872138117614, 0.01207872138117614, 0.01207872138117614, 0.012095133107905805, 0.012095133107905805, 0.012095133107905805, 0.012095133107905805, 0.012095133107905805, 0.012095133107905805, 0.012095133107905805, 0.012095133107905805, 0.012095133107905805, 0.012231041139123797, 0.012231041139123797, 0.012231041139123797, 0.012231041139123797, 0.012231041139123797, 0.012231041139123797, 0.012231041139123797, 0.012231041139123797, 0.01230470293366379, 0.01230470293366379, 0.01230470293366379, 0.01230470293366379, 0.01230470293366379, 0.01230470293366379, 0.01230470293366379, 0.012506063835318498, 0.012871991425778146, 0.012871991425778146, 0.012871991425778146, 0.013283778660840599, 0.013232242625419138, 0.013179390218466569, 0.013347230852449187, 0.013457415829806498, 0.013456869878941964, 0.013456869878941964, 0.013456869878941964, 0.013456869878941964, 0.013509724388795816, 0.013397776239483374, 0.01355749660836079, 0.01355749660836079, 0.01355749660836079, 0.01355749660836079, 0.01355749660836079, 0.01355261854357877, 0.01355261854357877, 0.01355261854357877, 0.013914256380139217, 0.014055052109327748, 0.014149349159330724, 0.014190310002222773, 0.014190310002222773, 0.01417839690428753, 0.01417839690428753, 0.014113475974459043, 0.014113475974459043, 0.014099413795890775, 0.014099413795890775, 0.014103060892253577, 0.014103060892253577, 0.014136881854618031, 0.014136881854618031, 0.014136881854618031, 0.014375489343933689, 0.014487489324889094, 0.014487489324889094, 0.014487489324889094, 0.014644857006290429, 0.01482088983530355, 0.01482088983530355, 0.014846149779161806, 0.01482088983530355, 0.01482088983530355, 0.01501395269441742, 0.01501395269441742, 0.01501395269441742, 0.01501395269441742, 0.015180868733712313, 0.015180868733712313, 0.015345011819972705, 0.015345011819972705, 0.015345011819972705, 0.015345011819972705, 0.015345011819972705, 0.015345011819972705, 0.015345011819972705, 0.015345011819972705, 0.015219536317322079, 0.015219536317322079, 0.015219536317322079, 0.015285527368683605, 0.015285527368683605, 0.015285527368683605, 0.015285527368683605, 0.015285527368683605, 0.015285527368683605, 0.015254253337936903, 0.015140161485133452, 0.015140161485133452, 0.015227740529463098, 0.015227740529463098, 0.015227740529463098, 0.015093504482094951, 0.015093504482094951, 0.015093504482094951, 0.015297058540778355, 0.015297058540778355, 0.015297058540778355, 0.015297058540778355, 0.015401881676719681, 0.015401881676719681, 0.015599529035276963, 0.01589254734850552, 0.01589254734850552, 0.01589254734850552, 0.01589254734850552, 0.016035674514745465, 0.015993927419046088, 0.015993927419046088, 0.015993927419046088, 0.015993927419046088, 0.015993927419046088, 0.015993927419046088, 0.015993927419046088, 0.015993927419046088, 0.015997142601995255, 0.016182076252345825, 0.016183892218713605, 0.016183892218713605, 0.016183892218713605, 0.016183892218713605, 0.016183892218713605, 0.016408857737359357, 0.016408857737359357, 0.016585658914636255, 0.016585658914636255, 0.016585658914636255, 0.016627687752661224, 0.016627687752661224, 0.016627687752661224, 0.016627687752661224, 0.016627687752661224, 0.016627687752661224, 0.016627687752661224, 0.016627687752661224, 0.016627687752661224, 0.016627687752661224, 0.016627687752661224, 0.016627687752661224, 0.016627687752661224, 0.016627687752661224, 0.016627687752661224, 0.016627687752661224, 0.016627687752661224, 0.016627687752661224, 0.016844111185594004, 0.016844111185594004, 0.016664761795905925, 0.016664761795905925, 0.016664761795905925, 0.016703952850039016, 0.016703952850039016, 0.016703952850039016, 0.016703952850039016, 0.016703952850039016, 0.016703952850039016, 0.016703952850039016, 0.016703952850039016, 0.016691633001144554, 0.016578126725124456, 0.016578126725124456, 0.016578126725124456, 0.016578126725124456, 0.016675779821437472, 0.0165679306653128, 0.0165679306653128, 0.0165679306653128, 0.016820978155935192, 0.016820978155935192, 0.016927215135541285, 0.016927215135541285, 0.016927215135541285, 0.016855883730215116, 0.01705735821831022, 0.016868083616640012, 0.016981382362421957, 0.016981382362421957, 0.01687679242181344, 0.01687679242181344, 0.01687679242181344, 0.01687679242181344, 0.016988303299022886, 0.016882015548493962, 0.01705692749325634, 0.01705692749325634, 0.01705692749325634, 0.01705692749325634, 0.01705692749325634, 0.01705692749325634, 0.01705692749325634, 0.01705692749325634, 0.017334217664515934, 0.017334217664515934, 0.017334217664515934, 0.017334217664515934, 0.017226652345142632, 0.017226652345142632, 0.01728838232065991, 0.01728838232065991, 0.017110684095151825, 0.017110684095151825, 0.017041414140803204, 0.017041414140803204, 0.016884191374399515, 0.01681224043878235, 0.017043569617486896, 0.01718566084779722, 0.01718566084779722, 0.01718566084779722, 0.01718566084779722, 0.01718566084779722, 0.017240720662999906, 0.017240720662999906, 0.017209584420269052, 0.017209584420269052, 0.017177536351352624, 0.017177536351352624, 0.017177536351352624, 0.017177536351352624, 0.017272651498710857, 0.017272651498710857, 0.017272651498710857, 0.017272651498710857, 0.017272651498710857, 0.017272651498710857, 0.017196345126633324, 0.017196345126633324, 0.017332098333815823, 0.01738162294857792, 0.01738162294857792, 0.01747226373427324, 0.01747226373427324, 0.017603385574186274, 0.017607975929292117, 0.017607975929292117, 0.017607975929292117, 0.01765339766106207, 0.01773933712495067, 0.017658391079319883, 0.017742650102311696, 0.017701193318473172, 0.017701193318473172, 0.01757498221905217, 0.017614650674008466, 0.017614650674008466, 0.017398099825872374, 0.01764507215708033, 0.01764507215708033, 0.01764507215708033, 0.01764507215708033, 0.01779928913966934, 0.01779928913966934, 0.018079010267293336, 0.018385264729768605, 0.018385264729768605, 0.018385264729768605, 0.01853530552811062, 0.018445905469003918, 0.01827504152819202, 0.01827504152819202, 0.018406032728872524, 0.018406032728872524, 0.018355269498630276, 0.018355269498630276, 0.018303562717767962, 0.018210604670053643, 0.018075758939101003, 0.018075758939101003, 0.018075758939101003, 0.017979988876526038, 0.017979988876526038, 0.01820858734392167, 0.01820858734392167, 0.01815241592961203, 0.01815241592961203, 0.01815241592961203, 0.0180546110340776, 0.017914490771211912, 0.01797794567274706, 0.01797794567274706, 0.01797794567274706, 0.017958728194595153, 0.017958728194595153, 0.017958728194595153, 0.01785657141942828, 0.01785657141942828, 0.01785657141942828, 0.017711566611588448, 0.017647986530237057, 0.017647986530237057, 0.017647986530237057, 0.017749688126032764, 0.01764299016722552, 0.017576654275208464, 0.017576654275208464, 0.017576654275208464, 0.017524746351770044, 0.017539413342759307, 0.0174693200456441, 0.0174693200456441, 0.0174693200456441, 0.0174693200456441, 0.0174693200456441, 0.017732709313351885, 0.017732709313351885, 0.017732709313351885, 0.017732709313351885, 0.017732709313351885, 0.017732709313351885, 0.017732709313351885, 0.01783845879679346, 0.01783845879679346, 0.01783845879679346, 0.018012648617126845, 0.01798121468735227, 0.0182810708389965, 0.0182810708389965, 0.0182810708389965, 0.01804524924760429, 0.01804524924760429, 0.01804524924760429, 0.018097288104428625, 0.018097288104428625, 0.018097288104428625, 0.018467003115872176, 0.01874930202782526, 0.01886688060261869, 0.01886688060261869, 0.01886688060261869, 0.01886688060261869, 0.01886649118929957, 0.01886649118929957, 0.01886649118929957, 0.01886649118929957, 0.01886649118929957, 0.01870889780673509, 0.01870889780673509, 0.018938396371996683, 0.018938396371996683, 0.018938396371996683, 0.018938396371996683, 0.018938396371996683, 0.018938396371996683, 0.018938396371996683, 0.019046709502093605, 0.019046709502093605, 0.019046709502093605, 0.019118705446739423, 0.019112940375460765, 0.019112940375460765, 0.019112940375460765, 0.019067912998607085, 0.019067912998607085, 0.01894460237597172, 0.01894460237597172, 0.01894460237597172, 0.019052494614102588, 0.019005004711434105, 0.01914942318095418, 0.01914942318095418, 0.019089477815417217, 0.018948867824667908, 0.01889645253393734, 0.01889645253393734, 0.01889645253393734, 0.01884311166296207, 0.01884311166296207, 0.01884311166296207, 0.019083318925818167, 0.019083318925818167, 0.019083318925818167, 0.019083318925818167, 0.019083318925818167, 0.019083318925818167, 0.019083318925818167]","[0.0, 0.0, 0.0, 0.0, 0.0, 0.0, 0.000565685424949238, 0.0007917946548886297, 0.0009595917499283808, 0.0009595917499283808, 0.0009595917499283808, 0.0009595917499283808, 0.0010961900624714787, 0.0010961900624714787, 0.0009595917499283808, 0.0009595917499283808, 0.0009595917499283808, 0.0007917946548886297, 0.0007917946548886297, 0.0007917946548886297, 0.0009595917499283808, 0.0009595917499283808, 0.0010961900624714787, 0.0010961900624714787, 0.0012121830534626528, 0.0012121830534626528, 0.0012121830534626528, 0.0012121830534626528, 0.0010961900624714789, 0.0012121830534626528, 0.0009595917499283808, 0.0009595917499283808, 0.0009595917499283808, 0.0009595917499283808, 0.0007917946548886297, 0.0009595917499283808, 0.0007917946548886297, 0.0007917946548886297, 0.0007917946548886297, 0.0009595917499283808, 0.0010961900624714787, 0.0010961900624714787, 0.0010961900624714787, 0.001456862718169367, 0.0012121830534626528, 0.0013130428906372638, 0.0013130428906372638, 0.0012121830534626528, 0.0012121830534626528, 0.0012121830534626528, 0.0012121830534626528, 0.0012121830534626528, 0.0010961900624714787, 0.0010961900624714787, 0.0010961900624714787, 0.0010961900624714787, 0.0007917946548886297, 0.0007917946548886297, 0.0007917946548886297, 0.0007917946548886297, 0.0007917946548886297, 0.0007917946548886297, 0.0010961900624714787, 0.0010961900624714787, 0.0010961900624714787, 0.0010961900624714787, 0.0012121830534626528, 0.0013130428906372638, 0.0013130428906372638, 0.0013130428906372638, 0.0014020393310154625, 0.0014020393310154625, 0.0014813121596360826, 0.0014813121596360826, 0.0014020393310154625, 0.0014020393310154625, 0.0014020393310154625, 0.0014813121596360826, 0.0014813121596360826, 0.0014020393310154625, 0.0016874083497409602, 0.0016874083497409602, 0.0016874083497409602, 0.0014020393310154625, 0.0014020393310154625, 0.0014020393310154625, 0.0014020393310154625, 0.0014813121596360826, 0.0015523517379664143, 0.0015523517379664143, 0.0014020393310154625, 0.0014020393310154625, 0.0014020393310154625, 0.0013130428906372638, 0.0014020393310154625, 0.001212183053462653, 0.0010961900624714789, 0.0010961900624714789, 0.0010961900624714789, 0.0013618714614643413, 0.0013618714614643413, 0.0013618714614643413, 0.0009595917499283808, 0.0009595917499283809, 0.0009595917499283809, 0.0009595917499283809, 0.0009595917499283809, 0.0009595917499283809, 0.0009595917499283809, 0.0009595917499283809, 0.0012121830534626528, 0.0012121830534626528, 0.0010961900624714787, 0.0010961900624714787, 0.0010961900624714787, 0.0010961900624714787, 0.0012121830534626528, 0.0013130428906372638, 0.0013130428906372638, 0.0012121830534626528, 0.0013130428906372638, 0.0014020393310154625, 0.0014020393310154625, 0.0013130428906372638, 0.0013130428906372638, 0.0014020393310154625, 0.0014020393310154625, 0.0014020393310154625, 0.0014020393310154625, 0.0014020393310154625, 0.0014020393310154625, 0.0013130428906372638, 0.0013130428906372638, 0.0013130428906372638, 0.0013130428906372638, 0.0013130428906372638, 0.0013130428906372638, 0.0013130428906372638, 0.0013130428906372638, 0.0012121830534626528, 0.0012121830534626528, 0.0012121830534626528, 0.0012121830534626528, 0.0013130428906372638, 0.0013130428906372638, 0.0014020393310154625, 0.0014813121596360826, 0.0014813121596360826, 0.0016874083497409602, 0.001750102037841549, 0.001750102037841549, 0.0016874083497409602, 0.0019276717478209143, 0.0019276717478209143, 0.0018709377764279886, 0.0018709377764279886, 0.0018088219190107902, 0.0018088219190107902, 0.0018088219190107902, 0.0018088219190107902, 0.0015417985786550902, 0.0015417985786550902, 0.0015417985786550902, 0.0016182631152578623, 0.0016182631152578623, 0.0016182631152578623, 0.0016182631152578623, 0.0013130428906372638, 0.0014020393310154625, 0.0014020393310154625, 0.0014020393310154625, 0.0014020393310154625, 0.0014813121596360826, 0.0015523517379664143, 0.0015523517379664143, 0.0014813121596360824, 0.0014813121596360824, 0.0015523517379664143, 0.0015523517379664143, 0.0016162440712835374, 0.0015523517379664143, 0.0018070158058105024, 0.0018070158058105024, 0.0018070158058105024, 0.001750102037841549, 0.001750102037841549, 0.001750102037841549, 0.001750102037841549, 0.001750102037841549, 0.0016874083497409602, 0.001750102037841549, 0.001750102037841549, 0.001750102037841549, 0.001750102037841549, 0.001750102037841549, 0.001750102037841549, 0.001750102037841549, 0.001750102037841549, 0.001750102037841549, 0.001750102037841549, 0.0018070158058105024, 0.0018070158058105024, 0.0017501020378415492, 0.0017501020378415492, 0.0017501020378415492, 0.0016874083497409602, 0.0016874083497409602, 0.0016874083497409602, 0.0014020393310154625, 0.0013130428906372638, 0.0014020393310154625, 0.0014020393310154625, 0.0014020393310154625, 0.0012121830534626528, 0.0012121830534626528, 0.0012121830534626528, 0.0012121830534626528, 0.0012121830534626528, 0.0012121830534626528, 0.0015523517379664143, 0.0014813121596360826, 0.0015523517379664143, 0.0015523517379664143, 0.0018070158058105024, 0.0018070158058105024, 0.001858680681976068, 0.0018070158058105024, 0.0015523517379664143, 0.0015523517379664143, 0.0014813121596360826, 0.0014813121596360826, 0.0015523517379664143, 0.0015523517379664143, 0.0015523517379664143, 0.001750102037841549, 0.0014813121596360826, 0.001750102037841549, 0.001750102037841549, 0.001750102037841549, 0.001858680681976068, 0.001858680681976068, 0.001858680681976068, 0.001858680681976068, 0.001858680681976068, 0.001858680681976068, 0.0019055236572037791, 0.0019055236572037791, 0.001858680681976068, 0.001750102037841549, 0.0016874083497409602, 0.0016874083497409602, 0.0016874083497409602, 0.0016874083497409602, 0.0016182631152578625, 0.0015417985786550905, 0.001981135522669682, 0.001981135522669682, 0.001981135522669682, 0.001981135522669682, 0.001981135522669682, 0.0019191834998567618, 0.001456862718169367, 0.0016182631152578623, 0.0016182631152578623, 0.0013130428906372638, 0.0013130428906372638, 0.0013130428906372638, 0.0012121830534626528, 0.0012121830534626528, 0.0012121830534626528, 0.0012121830534626528, 0.0012121830534626528, 0.0012121830534626528, 0.0012121830534626528, 0.0012121830534626528, 0.0012121830534626528, 0.0010961900624714787, 0.0010961900624714787, 0.0010961900624714787, 0.0012121830534626528, 0.0010961900624714787, 0.0009595917499283808, 0.0009595917499283808, 0.0009595917499283808, 0.0009595917499283808, 0.0009595917499283808, 0.0010961900624714787, 0.0010961900624714787, 0.0010961900624714787, 0.0010961900624714787, 0.0010961900624714787, 0.0012121830534626528, 0.0013130428906372638, 0.0013130428906372638, 0.0013130428906372638, 0.0013130428906372638, 0.0013130428906372638, 0.0014020393310154628, 0.0014813121596360826, 0.0014813121596360826, 0.0014020393310154625, 0.0014020393310154625, 0.0013130428906372638, 0.0012121830534626528, 0.0012121830534626528, 0.0012121830534626528, 0.0010961900624714787, 0.0009595917499283808, 0.0010961900624714787, 0.0010961900624714787, 0.0010961900624714787, 0.0010961900624714787, 0.0010961900624714787, 0.0010961900624714787, 0.0010961900624714787, 0.0010961900624714787, 0.0010961900624714787, 0.0009595917499283808, 0.0009595917499283808, 0.0009595917499283808, 0.0009595917499283808, 0.0009595917499283808, 0.0010961900624714789, 0.0010961900624714789, 0.0010961900624714789, 0.0009595917499283808, 0.0009595917499283808, 0.0009595917499283808, 0.0009595917499283808, 0.0009595917499283808, 0.0009595917499283808, 0.0009595917499283808, 0.0009595917499283808, 0.0009595917499283808, 0.0010961900624714787, 0.0009595917499283808, 0.0010961900624714787, 0.0015417985786550905, 0.0015417985786550905, 0.0015417985786550905, 0.0015417985786550905, 0.0015417985786550905, 0.0015417985786550905, 0.001212183053462653, 0.001212183053462653, 0.001212183053462653, 0.0010961900624714787, 0.001456862718169367, 0.0015417985786550905, 0.0015417985786550905, 0.001456862718169367, 0.001456862718169367, 0.001456862718169367, 0.001361871461464341, 0.001361871461464341, 0.001361871461464341, 0.001361871461464341, 0.001361871461464341, 0.001361871461464341, 0.001361871461464341, 0.001361871461464341, 0.0015417985786550905, 0.001456862718169367, 0.001456862718169367, 0.001361871461464341, 0.001456862718169367, 0.0015417985786550905, 0.0015417985786550905, 0.0018088219190107902, 0.0015417985786550905, 0.0015417985786550905, 0.0016182631152578625, 0.0016182631152578625, 0.0016182631152578625, 0.0015417985786550905, 0.0016182631152578625, 0.0016182631152578625, 0.0016182631152578625, 0.0016182631152578625, 0.0016182631152578625, 0.0016182631152578625, 0.0015417985786550905, 0.0015417985786550905, 0.0015417985786550905, 0.0015417985786550905, 0.0015417985786550905, 0.0015417985786550905, 0.0012121830534626528, 0.0012121830534626528, 0.0012121830534626528, 0.0010961900624714789, 0.0010961900624714789, 0.0010961900624714789, 0.0009595917499283808, 0.0009595917499283808, 0.0010961900624714789, 0.0010961900624714789, 0.0009595917499283808, 0.0009595917499283808, 0.0009595917499283808, 0.0007917946548886297, 0.0007917946548886297, 0.0009595917499283808, 0.0009595917499283808, 0.0009595917499283808, 0.0010961900624714787, 0.0012121830534626528, 0.0013130428906372638, 0.0013130428906372638, 0.0013130428906372638, 0.0012121830534626528, 0.0010961900624714787, 0.0010961900624714787, 0.0012121830534626528, 0.0012121830534626528, 0.0012121830534626528, 0.0013130428906372638, 0.0013130428906372638, 0.0013130428906372638, 0.0014020393310154625, 0.0014020393310154625, 0.0016874083497409602, 0.0016874083497409602, 0.0016874083497409602, 0.0016874083497409602, 0.0016182631152578625, 0.0016182631152578625, 0.0015417985786550905, 0.0015417985786550905, 0.0015417985786550905, 0.0015417985786550905, 0.0015417985786550905, 0.0015417985786550905, 0.0016182631152578625, 0.0015417985786550905, 0.0015417985786550905, 0.0015417985786550905, 0.0016874083497409602, 0.0016182631152578625, 0.0016182631152578625, 0.0016182631152578625, 0.0016182631152578625, 0.0015417985786550905, 0.0015417985786550905, 0.0015417985786550905, 0.0015417985786550905, 0.0015417985786550905, 0.0015417985786550905, 0.0015417985786550905, 0.0015417985786550905, 0.001456862718169367, 0.001456862718169367, 0.001456862718169367, 0.0015417985786550905, 0.0015417985786550905, 0.001456862718169367, 0.001456862718169367, 0.001456862718169367, 0.0015417985786550905, 0.001456862718169367, 0.001456862718169367, 0.001456862718169367, 0.001456862718169367, 0.001456862718169367, 0.001456862718169367, 0.001456862718169367, 0.001456862718169367, 0.001456862718169367, 0.0015417985786550905, 0.0015417985786550905, 0.0016182631152578625, 0.0016182631152578625, 0.0013130428906372638, 0.0013130428906372638, 0.0012121830534626528, 0.0012121830534626528, 0.0012121830534626528, 0.0010961900624714789, 0.0010961900624714789, 0.0012121830534626528, 0.0012121830534626528, 0.0012121830534626528, 0.0015417985786550905, 0.0010961900624714789, 0.0010961900624714789, 0.0010961900624714789, 0.001456862718169367, 0.001456862718169367, 0.0013618714614643413, 0.001456862718169367, 0.001456862718169367, 0.001456862718169367, 0.0019191834998567618, 0.0019191834998567618, 0.0019191834998567618, 0.001851640199545103, 0.0019191834998567618, 0.0019191834998567618, 0.001981135522669682, 0.0020380062285859438, 0.0020380062285859438, 0.001456862718169367, 0.0015417985786550902, 0.0015417985786550902, 0.0015417985786550902, 0.0015417985786550902, 0.0015417985786550902, 0.0012121830534626528, 0.0012121830534626528, 0.0014020393310154625, 0.0014020393310154625, 0.0014020393310154625, 0.0014020393310154625, 0.0014020393310154625, 0.0016874083497409602, 0.0019276717478209143, 0.0019276717478209143, 0.0019276717478209143, 0.001979486637221574, 0.001979486637221574, 0.001979486637221574, 0.0019276717478209143, 0.0015417985786550905, 0.0016182631152578625, 0.0016182631152578625, 0.0016182631152578625, 0.0017501020378415492, 0.00168740834974096, 0.00168740834974096, 0.001927671747820914, 0.001927671747820914, 0.001927671747820914, 0.0019276717478209143, 0.0019276717478209143, 0.001979486637221574, 0.001979486637221574, 0.001979486637221574, 0.0019276717478209143, 0.0019276717478209143, 0.0019276717478209143, 0.0018709377764279883, 0.0018709377764279883, 0.0018709377764279883, 0.0016182631152578625, 0.0016182631152578625, 0.0016182631152578625, 0.0016874083497409602, 0.0016874083497409602, 0.0015417985786550907, 0.0015417985786550907, 0.001456862718169367, 0.0013618714614643413, 0.001456862718169367, 0.001456862718169367, 0.0015417985786550905, 0.0015417985786550905, 0.0015417985786550905, 0.0015417985786550905, 0.0018709377764279883, 0.0018709377764279883, 0.0016182631152578625, 0.0016874083497409602, 0.0016874083497409602, 0.0020902104180767866, 0.0020380062285859438, 0.0020380062285859438, 0.0020380062285859438, 0.0020380062285859438, 0.0021380899352993954, 0.0021380899352993954, 0.0021380899352993954, 0.0020902104180767866, 0.0020902104180767866, 0.0020902104180767866, 0.0020380062285859438, 0.0016182631152578625, 0.0016874083497409602, 0.001750102037841549, 0.001750102037841549, 0.0018070158058105024, 0.001750102037841549, 0.0017501020378415492, 0.0017501020378415492, 0.002138089935299395, 0.002090210418076786, 0.0016874083497409602, 0.0016874083497409602, 0.001750102037841549, 0.0014813121596360826, 0.001750102037841549, 0.001750102037841549, 0.001750102037841549, 0.001750102037841549, 0.001750102037841549, 0.001750102037841549, 0.001750102037841549, 0.0021380899352993954, 0.0021380899352993954, 0.0021380899352993954, 0.0021819294962327753, 0.0021819294962327753, 0.0018586806819760678, 0.0018070158058105024, 0.0018070158058105024, 0.0018070158058105024, 0.0018070158058105024, 0.0017501020378415492, 0.0017501020378415492, 0.0017501020378415492, 0.0019276717478209143, 0.0018709377764279883, 0.0016182631152578625, 0.0015417985786550905, 0.0015417985786550905, 0.001212183053462653, 0.001212183053462653, 0.0010961900624714789, 0.001212183053462653, 0.001212183053462653, 0.0014020393310154625, 0.0014020393310154625, 0.0014020393310154625, 0.0014020393310154625, 0.0014813121596360824, 0.0014813121596360824, 0.0016162440712835374, 0.001673807830385921, 0.001673807830385921, 0.0016162440712835374, 0.001673807830385921, 0.001673807830385921, 0.001673807830385921, 0.0016162440712835374, 0.0014020393310154625, 0.0014020393310154625, 0.0014020393310154625, 0.0014020393310154625, 0.0014020393310154625, 0.0014813121596360826, 0.0014813121596360826, 0.0014813121596360826, 0.0014020393310154625, 0.0014020393310154625, 0.0014813121596360826, 0.0014020393310154625, 0.0014020393310154625, 0.0014813121596360826, 0.0014813121596360826, 0.0014813121596360826, 0.0014813121596360826, 0.0014020393310154625, 0.0014020393310154625, 0.0014020393310154625, 0.0013130428906372638, 0.0013130428906372638, 0.0013130428906372638, 0.0013130428906372638, 0.0013130428906372638, 0.0012121830534626528, 0.0012121830534626528, 0.0012121830534626528, 0.0012121830534626528, 0.0012121830534626528, 0.0012121830534626528, 0.0013130428906372638, 0.0014020393310154625, 0.0014020393310154625, 0.0014813121596360824, 0.0014813121596360824, 0.0014020393310154625, 0.0013130428906372638, 0.0013130428906372638, 0.0012121830534626528, 0.0012121830534626528, 0.0012121830534626528, 0.0012121830534626528, 0.0012121830534626528, 0.0012121830534626528, 0.0012121830534626528, 0.0012121830534626528, 0.0012121830534626528, 0.0012121830534626528, 0.0013130428906372638, 0.0013130428906372638, 0.0013130428906372638, 0.0013130428906372638, 0.0013130428906372638, 0.0013130428906372638, 0.0013130428906372638, 0.0013130428906372638, 0.0013130428906372638, 0.0013130428906372638, 0.0013130428906372638, 0.0013130428906372638, 0.0013130428906372638, 0.0013130428906372638, 0.0013130428906372638, 0.0013130428906372638, 0.0016182631152578625, 0.0016874083497409602, 0.0014020393310154625, 0.0014020393310154625, 0.0014020393310154625, 0.0014020393310154625, 0.0014813121596360826, 0.0014813121596360826, 0.0014813121596360826, 0.0014020393310154625, 0.0014020393310154625, 0.0014020393310154625, 0.0014020393310154625, 0.0014020393310154625, 0.0012121830534626528, 0.0012121830534626528, 0.0012121830534626528, 0.0013130428906372638, 0.0013130428906372638, 0.0013130428906372638, 0.0013130428906372638, 0.0012121830534626528, 0.0012121830534626528, 0.0012121830534626528, 0.0012121830534626528, 0.0010961900624714787, 0.0012121830534626528, 0.0012121830534626528, 0.0013130428906372638, 0.0014020393310154625, 0.0014020393310154625, 0.0014020393310154625, 0.0014020393310154625, 0.001750102037841549, 0.001750102037841549, 0.0018070158058105024, 0.0018070158058105024, 0.001750102037841549, 0.0018586806819760678, 0.0018586806819760678, 0.0018586806819760678, 0.0018586806819760678, 0.0019055236572037791, 0.0019055236572037791, 0.0019055236572037791, 0.0019055236572037791, 0.0019055236572037791, 0.0019055236572037791, 0.0019055236572037791, 0.0020698023172885526, 0.0020698023172885526, 0.0020698023172885526, 0.0020698023172885526, 0.0021088733813995355, 0.0021088733813995355, 0.0021088733813995355, 0.002144190061633568, 0.002144190061633568, 0.002144190061633568, 0.002144190061633568, 0.002144190061633568, 0.002144190061633568, 0.001947892634178207, 0.001947892634178207, 0.001947892634178207, 0.001947892634178207, 0.0019055236572037791, 0.001858680681976068, 0.0018070158058105024, 0.0018070158058105024, 0.0018070158058105024, 0.0018070158058105024, 0.0018070158058105024, 0.001750102037841549, 0.0018070158058105024, 0.001750102037841549, 0.0018070158058105024, 0.0019055236572037791, 0.0019055236572037791, 0.0019055236572037791, 0.0019055236572037791, 0.0019055236572037791, 0.0019055236572037791, 0.0019055236572037791, 0.0018586806819760678, 0.0018586806819760678, 0.0018586806819760678, 0.0018586806819760678, 0.0018586806819760678, 0.0018586806819760678, 0.0018586806819760678, 0.0018586806819760678, 0.0018070158058105024, 0.0018586806819760678, 0.0018586806819760678, 0.0018586806819760678, 0.0018586806819760678, 0.0018070158058105027, 0.0018070158058105027, 0.0018070158058105027, 0.001858680681976068, 0.0018070158058105027, 0.0018070158058105027, 0.0016182631152578625, 0.0016182631152578625, 0.0016182631152578625, 0.0015417985786550905, 0.001456862718169367, 0.001456862718169367, 0.001456862718169367, 0.0010961900624714787, 0.0010961900624714787, 0.0012121830534626528, 0.0013130428906372638, 0.0013130428906372638, 0.0013130428906372638, 0.0010961900624714787, 0.0010961900624714787, 0.0012121830534626528, 0.0012121830534626528, 0.0012121830534626528, 0.0012121830534626528, 0.0010961900624714787, 0.0012121830534626528, 0.0012121830534626528, 0.0012121830534626528, 0.0012121830534626528, 0.0012121830534626528, 0.0012121830534626528, 0.0010961900624714789, 0.0010961900624714789, 0.0010961900624714789, 0.0010961900624714789, 0.0010961900624714789, 0.0009595917499283809, 0.0009595917499283809, 0.0009595917499283809, 0.0009595917499283808, 0.0012121830534626528, 0.0012121830534626528, 0.0012121830534626528, 0.0012121830534626528, 0.0014020393310154625, 0.0013130428906372638, 0.0013130428906372638, 0.0013130428906372638, 0.0012121830534626528, 0.0010961900624714787, 0.0010961900624714787, 0.0013130428906372638, 0.0013130428906372638, 0.0013130428906372638, 0.0013130428906372638, 0.0016874083497409602, 0.0016874083497409602, 0.0016874083497409602, 0.0014813121596360826, 0.0014020393310154625, 0.0014020393310154625, 0.0013130428906372638, 0.0012121830534626528, 0.0010961900624714787, 0.0010961900624714787, 0.0010961900624714787, 0.0010961900624714787, 0.0010961900624714787, 0.0010961900624714787, 0.0010961900624714787, 0.0010961900624714787, 0.0010961900624714787, 0.0010961900624714787, 0.0012121830534626528, 0.0013130428906372638, 0.0013130428906372638, 0.0013130428906372638, 0.0015417985786550905, 0.0015417985786550905, 0.0015417985786550905, 0.0016182631152578623, 0.0016182631152578623, 0.0016182631152578623, 0.0018709377764279886, 0.0018709377764279886, 0.0018709377764279886, 0.0018709377764279886, 0.0019276717478209143, 0.001979486637221574, 0.0020267597543963656, 0.001979486637221574, 0.0019276717478209145, 0.0019276717478209145, 0.0016874083497409602, 0.0016182631152578623, 0.0013130428906372638, 0.0013130428906372638, 0.0013130428906372638, 0.0013130428906372638, 0.0010961900624714787, 0.0010961900624714787, 0.0009595917499283808, 0.0009595917499283808, 0.0009595917499283808, 0.0009595917499283808, 0.0007917946548886297, 0.0009595917499283808, 0.0009595917499283808, 0.0009595917499283808, 0.0009595917499283808, 0.0010961900624714787, 0.0010961900624714787, 0.0010961900624714787, 0.0012121830534626528, 0.0013130428906372638, 0.0012121830534626528, 0.0010961900624714787, 0.0010961900624714787, 0.0012121830534626528, 0.0012121830534626528, 0.0013130428906372638, 0.0013130428906372638, 0.0013130428906372638, 0.0014020393310154625, 0.0014020393310154625, 0.0014020393310154625, 0.0014020393310154625, 0.0014813121596360826, 0.0014813121596360826, 0.0014813121596360826, 0.0016162440712835374, 0.0016162440712835374, 0.0016162440712835374, 0.0016162440712835374, 0.0016162440712835374, 0.0016162440712835374, 0.0016162440712835374, 0.0016162440712835374, 0.0016162440712835374, 0.0015523517379664143, 0.0015523517379664143, 0.0014813121596360826, 0.0014813121596360826, 0.0014813121596360826, 0.0014813121596360826, 0.0014813121596360826, 0.0015523517379664143, 0.0015523517379664143, 0.0015523517379664143, 0.0014020393310154625, 0.0014813121596360824, 0.0014813121596360824, 0.0014813121596360824, 0.0014813121596360824, 0.0014813121596360824, 0.0014813121596360824, 0.0014813121596360824, 0.0014813121596360824, 0.0014813121596360824, 0.0014813121596360824, 0.0015523517379664143, 0.0015523517379664143, 0.0015523517379664143, 0.0015523517379664143, 0.0015523517379664143, 0.0015523517379664143, 0.0015523517379664143, 0.0015523517379664143, 0.0015523517379664143, 0.0015523517379664143, 0.0015523517379664143, 0.0015523517379664143, 0.0015523517379664143, 0.0016162440712835374, 0.0016162440712835374, 0.0016162440712835374, 0.0016162440712835374, 0.0016162440712835374, 0.0016162440712835374, 0.0015523517379664143, 0.0015523517379664143, 0.0015523517379664143, 0.0016162440712835374, 0.0016162440712835374, 0.0015523517379664143, 0.0014813121596360826, 0.0014020393310154625, 0.0014020393310154625, 0.0014020393310154625, 0.0014020393310154625, 0.0012121830534626528, 0.0012121830534626528, 0.0010961900624714787, 0.0010961900624714787, 0.0010961900624714787, 0.0010961900624714787, 0.0010961900624714787, 0.0010961900624714787, 0.0009595917499283808, 0.0010961900624714787, 0.0010961900624714787, 0.0010961900624714787, 0.0010961900624714787, 0.0010961900624714787, 0.0010961900624714787, 0.0010961900624714787, 0.0010961900624714787, 0.0010961900624714787, 0.001212183053462653, 0.0010961900624714787, 0.0010961900624714787, 0.0010961900624714787, 0.0010961900624714787, 0.0010961900624714787, 0.0010961900624714787, 0.0010961900624714787, 0.001212183053462653, 0.0013130428906372638, 0.0014020393310154625, 0.001750102037841549, 0.001750102037841549, 0.0018070158058105024, 0.0018070158058105024, 0.0018586806819760678, 0.0020698023172885526, 0.0020698023172885526, 0.0020698023172885526, 0.0021088733813995355, 0.0020267597543963656, 0.0020698023172885526, 0.0020698023172885526, 0.0020698023172885526, 0.001858680681976068, 0.001858680681976068, 0.0018070158058105024, 0.001750102037841549, 0.00168740834974096, 0.00168740834974096, 0.00168740834974096, 0.0016182631152578625, 0.0017501020378415492, 0.0017501020378415492, 0.0016874083497409602, 0.0016874083497409602, 0.0016874083497409602, 0.0016874083497409602, 0.0014020393310154625, 0.0014020393310154625, 0.0014813121596360826, 0.0014813121596360826, 0.0014020393310154625, 0.0014813121596360826, 0.0014813121596360826, 0.0013130428906372638, 0.0014020393310154625, 0.0014020393310154625, 0.0014020393310154625, 0.0014813121596360824, 0.0014020393310154625, 0.0014020393310154625, 0.0014020393310154625, 0.0014020393310154625, 0.0013130428906372638, 0.0013130428906372638, 0.0013130428906372638, 0.0013130428906372638, 0.0013130428906372638, 0.0013130428906372638, 0.0014020393310154625, 0.0014020393310154625, 0.0014813121596360824, 0.0014813121596360824, 0.0014020393310154625, 0.0014020393310154625, 0.0013130428906372638, 0.0013130428906372638, 0.0013130428906372638, 0.0013130428906372638, 0.0013130428906372638, 0.0014020393310154625, 0.0014020393310154625, 0.0014020393310154625, 0.0014813121596360824, 0.0014813121596360824, 0.0014813121596360824, 0.0014813121596360824, 0.0014813121596360824, 0.0014813121596360824, 0.0014813121596360824, 0.0014813121596360824, 0.0014813121596360824, 0.0014020393310154625, 0.0014020393310154625, 0.0013130428906372638, 0.0013130428906372638, 0.0012121830534626528, 0.0012121830534626528, 0.0012121830534626528, 0.0012121830534626528, 0.0012121830534626528, 0.0012121830534626528, 0.0012121830534626528, 0.0010961900624714787, 0.0009595917499283808, 0.0009595917499283808, 0.0009595917499283808, 0.0009595917499283808, 0.0009595917499283808, 0.0009595917499283808, 0.0009595917499283808, 0.0010961900624714787, 0.0010961900624714787, 0.0009595917499283808, 0.0009595917499283808, 0.0009595917499283808, 0.0013130428906372638, 0.0012121830534626528, 0.0012121830534626528, 0.0012121830534626528, 0.0012121830534626528, 0.0012121830534626528, 0.0013130428906372638, 0.0013130428906372638, 0.0013130428906372638, 0.0013130428906372638, 0.0013130428906372638, 0.0013130428906372638, 0.0012121830534626528, 0.0012121830534626528, 0.0012121830534626528, 0.0012121830534626528, 0.0012121830534626528, 0.0010961900624714787, 0.0012121830534626528, 0.0012121830534626528, 0.0012121830534626528, 0.0012121830534626528, 0.0012121830534626528, 0.0012121830534626528, 0.0012121830534626528, 0.0012121830534626528, 0.0012121830534626528, 0.0010961900624714787, 0.0010961900624714787, 0.0010961900624714787, 0.0010961900624714787, 0.0010961900624714787, 0.0009595917499283808, 0.0009595917499283808, 0.0009595917499283808, 0.0009595917499283808, 0.0009595917499283808, 0.0009595917499283808, 0.0009595917499283808, 0.0009595917499283808, 0.0009595917499283808, 0.0009595917499283808, 0.0009595917499283808, 0.0009595917499283808, 0.0009595917499283808, 0.0009595917499283808, 0.0009595917499283808, 0.0009595917499283808, 0.0009595917499283808, 0.0009595917499283808, 0.0010961900624714787, 0.0010961900624714787, 0.0010961900624714787, 0.0010961900624714787, 0.0010961900624714787, 0.0012121830534626528, 0.0012121830534626528, 0.0010961900624714787, 0.0012121830534626528, 0.0012121830534626528, 0.0012121830534626528, 0.0012121830534626528, 0.0012121830534626528, 0.0010961900624714787, 0.0010961900624714787, 0.0010961900624714787, 0.0009595917499283808, 0.0007917946548886297, 0.0007917946548886297, 0.0009595917499283808, 0.0009595917499283808, 0.0009595917499283808, 0.0010961900624714787, 0.0010961900624714787, 0.0010961900624714787, 0.0010961900624714787, 0.0010961900624714787, 0.0010961900624714787, 0.0010961900624714787, 0.0012121830534626528, 0.0012121830534626528, 0.0012121830534626528, 0.0012121830534626528, 0.0012121830534626528, 0.0012121830534626528, 0.0012121830534626528, 0.0012121830534626528, 0.0012121830534626528, 0.0012121830534626528, 0.0012121830534626528, 0.0012121830534626528, 0.0012121830534626528, 0.0012121830534626528, 0.0012121830534626528, 0.0013130428906372638, 0.0013130428906372638, 0.0012121830534626528, 0.0012121830534626528, 0.0012121830534626528, 0.0012121830534626528, 0.0010961900624714787, 0.0010961900624714787, 0.0012121830534626528, 0.0014020393310154625, 0.0014813121596360826, 0.0014813121596360826, 0.0014813121596360826, 0.0014813121596360826, 0.0014813121596360826, 0.0014813121596360826, 0.0014813121596360826, 0.0014813121596360826, 0.0014813121596360826, 0.0015523517379664143, 0.0015523517379664143, 0.0015523517379664143, 0.0015523517379664143, 0.0015523517379664143, 0.0015523517379664143, 0.001858680681976068, 0.001858680681976068, 0.0019055236572037791, 0.001986073965369459, 0.001986073965369459, 0.001986073965369459, 0.001986073965369459, 0.001986073965369459, 0.001986073965369459, 0.001986073965369459, 0.001986073965369459, 0.001986073965369459, 0.001947892634178207, 0.0016738078303859213, 0.0016738078303859213, 0.0016162440712835374, 0.0016162440712835374, 0.0016162440712835374, 0.0018070158058105024, 0.0017501020378415492, 0.0017501020378415492, 0.0017501020378415492, 0.0017501020378415492, 0.0018070158058105024, 0.0018070158058105024, 0.0018070158058105024, 0.0018070158058105024, 0.001750102037841549, 0.0016874083497409602, 0.0018070158058105024, 0.0018070158058105024, 0.001750102037841549, 0.0016874083497409602, 0.0017501020378415492, 0.0017501020378415492, 0.0017501020378415492, 0.0014813121596360826, 0.0014813121596360826, 0.0014020393310154625, 0.0013130428906372638, 0.0013130428906372638, 0.0013130428906372638, 0.0013130428906372638, 0.0013130428906372638, 0.0014020393310154625, 0.0014020393310154625, 0.0014020393310154625, 0.0014020393310154625, 0.0013130428906372638, 0.0014020393310154625, 0.0014020393310154625, 0.0016874083497409602, 0.0016874083497409602, 0.0015417985786550905, 0.0012121830534626528, 0.0012121830534626528, 0.0013130428906372638, 0.0013130428906372638, 0.0013130428906372638, 0.0013130428906372638, 0.0012121830534626528, 0.0012121830534626528, 0.0015417985786550905, 0.0018088219190107902, 0.0018088219190107902, 0.0015417985786550905, 0.0015417985786550905, 0.0016182631152578623, 0.0013130428906372638, 0.0013130428906372638, 0.0012121830534626528, 0.0014020393310154625, 0.0016874083497409602, 0.0016874083497409602, 0.0016874083497409602, 0.0016182631152578625, 0.0016182631152578625, 0.0016182631152578625, 0.0016182631152578625, 0.0016182631152578625, 0.0016182631152578625, 0.0016182631152578625, 0.0016182631152578625, 0.0013130428906372638, 0.0013130428906372638, 0.0013130428906372638, 0.0012121830534626528, 0.0012121830534626528, 0.0012121830534626528, 0.0012121830534626528, 0.0013130428906372638, 0.0013130428906372638, 0.0013130428906372638, 0.0014020393310154625, 0.0013130428906372638, 0.0013130428906372638, 0.0013130428906372638, 0.0013130428906372638, 0.0012121830534626528, 0.0012121830534626528, 0.0013130428906372638, 0.0013130428906372638, 0.0012121830534626528, 0.0012121830534626528, 0.0012121830534626528, 0.0012121830534626528, 0.0015417985786550902, 0.0015417985786550902, 0.0016182631152578625, 0.0016874083497409602, 0.0016874083497409602, 0.0016874083497409602, 0.001750102037841549, 0.001750102037841549, 0.0018070158058105027, 0.0015523517379664143, 0.0015523517379664143, 0.0014813121596360826, 0.0015523517379664143, 0.0015523517379664143, 0.0015523517379664143, 0.0015523517379664143, 0.0015523517379664143, 0.0015523517379664143, 0.0015523517379664143, 0.0015523517379664143, 0.0016162440712835374, 0.0016162440712835374, 0.0015523517379664143, 0.0015523517379664143, 0.0015523517379664143, 0.0016162440712835374, 0.0015523517379664143, 0.0015523517379664143, 0.0015523517379664143, 0.0015523517379664143, 0.0014813121596360824, 0.0014813121596360824, 0.0012121830534626528, 0.0012121830534626528, 0.0010961900624714787, 0.0010961900624714787, 0.0010961900624714787, 0.0010961900624714787, 0.0009595917499283808, 0.0009595917499283808, 0.0009595917499283808, 0.0009595917499283808, 0.0009595917499283808, 0.0012121830534626528, 0.0010961900624714787, 0.0009595917499283808, 0.0010961900624714787, 0.0009595917499283808, 0.0009595917499283808, 0.0009595917499283808, 0.0009595917499283808, 0.0010961900624714787, 0.0010961900624714787, 0.0009595917499283808, 0.0010961900624714787, 0.0010961900624714787, 0.0010961900624714787, 0.0010961900624714787, 0.0010961900624714787, 0.0010961900624714787, 0.0010961900624714787, 0.0010961900624714787, 0.0010961900624714787, 0.0012121830534626528, 0.0013130428906372638, 0.0013130428906372638, 0.0010961900624714789, 0.0010961900624714789, 0.0010961900624714789, 0.0010961900624714789, 0.0012121830534626528, 0.0012121830534626528, 0.0012121830534626528, 0.0013130428906372638, 0.0013130428906372638, 0.0013130428906372638, 0.0013130428906372638, 0.0016182631152578625, 0.0016182631152578625, 0.0016182631152578625, 0.0016182631152578625, 0.0016182631152578625, 0.0016182631152578625, 0.0016182631152578625, 0.0015417985786550905, 0.0015417985786550905, 0.0015417985786550905, 0.0016182631152578625, 0.0016182631152578625, 0.0016182631152578625, 0.001750102037841549, 0.001750102037841549, 0.001750102037841549, 0.0016874083497409602, 0.001750102037841549, 0.001750102037841549, 0.001979486637221574, 0.001979486637221574, 0.001979486637221574, 0.0019276717478209143, 0.0019276717478209143, 0.0016182631152578625, 0.0016182631152578625, 0.0016182631152578625, 0.0016182631152578625, 0.0013130428906372638, 0.0013130428906372638, 0.0014020393310154625, 0.0014020393310154625, 0.0014020393310154625, 0.0014813121596360824, 0.0014020393310154625, 0.0014020393310154625, 0.0014020393310154625, 0.0014020393310154625, 0.0014020393310154625, 0.0016162440712835374, 0.0016162440712835374, 0.0016162440712835374, 0.001673807830385921, 0.001673807830385921, 0.001673807830385921, 0.0016162440712835374, 0.0016162440712835374, 0.0015523517379664143, 0.0016162440712835374, 0.0016162440712835374, 0.001858680681976068, 0.001858680681976068, 0.0019055236572037791, 0.0019055236572037791, 0.001947892634178207, 0.001947892634178207, 0.001947892634178207, 0.001947892634178207, 0.0017256764423476, 0.0017256764423476, 0.0016738078303859213, 0.0016162440712835372, 0.0016162440712835372, 0.0016162440712835372, 0.0016738078303859213, 0.0016738078303859213, 0.0016738078303859213, 0.0016738078303859213, 0.0016162440712835374, 0.0016162440712835374, 0.0016162440712835374, 0.0015523517379664143, 0.0015523517379664143, 0.0014813121596360826, 0.0014813121596360826, 0.0014020393310154625, 0.0016874083497409602, 0.0016182631152578625, 0.0016182631152578625, 0.0017501020378415492, 0.0017501020378415492, 0.0017501020378415492, 0.0017501020378415492, 0.0017501020378415492, 0.0016874083497409602, 0.0016874083497409602, 0.0017501020378415492, 0.0016874083497409602, 0.0016874083497409602, 0.0016874083497409602, 0.0017501020378415492, 0.0017501020378415492, 0.00168740834974096, 0.00168740834974096, 0.00168740834974096, 0.00168740834974096, 0.00168740834974096, 0.00168740834974096, 0.00168740834974096, 0.00168740834974096, 0.0016874083497409602, 0.0016874083497409602, 0.0014020393310154625, 0.0014020393310154625, 0.0014020393310154625, 0.0014020393310154625, 0.0016874083497409602, 0.0016874083497409602, 0.0016874083497409602, 0.0016874083497409602, 0.0016874083497409602, 0.0016874083497409602, 0.0016874083497409602, 0.0018709377764279888, 0.0018709377764279888, 0.0016874083497409602, 0.0014020393310154625, 0.0014020393310154625, 0.0014020393310154625, 0.0014020393310154625, 0.0014020393310154625, 0.0013130428906372638, 0.0013130428906372638, 0.0013130428906372638, 0.0013130428906372638, 0.0013130428906372638, 0.0012121830534626528, 0.0012121830534626528, 0.0013130428906372638, 0.0014020393310154625, 0.0014813121596360826, 0.0014020393310154625, 0.0014020393310154625, 0.0014020393310154625, 0.0014020393310154625, 0.0014020393310154625, 0.0014020393310154625, 0.0014020393310154625, 0.0014020393310154625, 0.0014020393310154625, 0.0014020393310154625, 0.0014020393310154625, 0.0014020393310154625, 0.0014020393310154625, 0.0014020393310154625, 0.0014813121596360826, 0.0014813121596360826, 0.0014813121596360826, 0.0014813121596360826, 0.0014813121596360826, 0.0014813121596360826, 0.0014020393310154625, 0.0014813121596360826, 0.0014813121596360826, 0.0014813121596360826, 0.0014813121596360826, 0.0014813121596360826, 0.0014813121596360826, 0.0014813121596360826, 0.0014813121596360826, 0.0014813121596360826, 0.0014813121596360826, 0.0014813121596360826, 0.0014813121596360826, 0.0014813121596360826, 0.0014813121596360826, 0.0014813121596360826, 0.0014813121596360826, 0.0014813121596360826, 0.0014813121596360826, 0.0014020393310154625, 0.0014020393310154625, 0.0013130428906372638, 0.0013130428906372638, 0.0013130428906372638, 0.0012121830534626528, 0.0012121830534626528, 0.0012121830534626528, 0.0012121830534626528, 0.0012121830534626528, 0.0012121830534626528, 0.0012121830534626528, 0.0012121830534626528, 0.0012121830534626528, 0.0010961900624714789, 0.0010961900624714789, 0.0010961900624714789, 0.0012121830534626528, 0.0012121830534626528, 0.0012121830534626528, 0.0012121830534626528, 0.0013130428906372638, 0.0016182631152578625, 0.0013130428906372638, 0.0014020393310154625, 0.0014020393310154625, 0.0014813121596360826, 0.0014813121596360826, 0.0013130428906372638, 0.0013130428906372638, 0.0013130428906372638, 0.0012121830534626528, 0.0010961900624714787, 0.0012121830534626528, 0.0012121830534626528, 0.0009595917499283808, 0.0009595917499283808, 0.0009595917499283808, 0.0009595917499283808, 0.0009595917499283808, 0.0009595917499283808, 0.0009595917499283808, 0.0009595917499283808, 0.0013618714614643413, 0.0009595917499283808, 0.0009595917499283808, 0.0007917946548886297, 0.0007917946548886297, 0.0007917946548886297, 0.0007917946548886297, 0.0009595917499283808, 0.0007917946548886297, 0.0007917946548886297, 0.0007917946548886297, 0.0007917946548886297, 0.0009595917499283808, 0.0009595917499283808, 0.0007917946548886297, 0.0009595917499283809, 0.0007917946548886295, 0.0007917946548886295, 0.000565685424949238, 0.000565685424949238, 0.000565685424949238, 0.0, 0.0, 0.0, 0.000565685424949238, 0.0007917946548886297, 0.0007917946548886297, 0.0007917946548886297, 0.0007917946548886297, 0.0007917946548886297, 0.0007917946548886297, 0.0007917946548886297, 0.0007917946548886297, 0.0007917946548886297, 0.0007917946548886297, 0.0007917946548886297, 0.0007917946548886297, 0.0007917946548886297, 0.0007917946548886297, 0.0007917946548886297, 0.0007917946548886297, 0.0007917946548886297, 0.0007917946548886297, 0.0007917946548886297, 0.0007917946548886297, 0.0007917946548886297, 0.0007917946548886297, 0.0007917946548886297, 0.0009595917499283808, 0.0009595917499283808, 0.0009595917499283808, 0.0007917946548886297, 0.0007917946548886297, 0.0007917946548886297, 0.0007917946548886297, 0.0007917946548886297, 0.0009595917499283808, 0.0009595917499283808, 0.0010961900624714787, 0.0012121830534626528, 0.0012121830534626528, 0.0012121830534626528, 0.0010961900624714789, 0.0010961900624714789, 0.0010961900624714789, 0.0010961900624714789, 0.0013130428906372638, 0.0013130428906372638, 0.0013130428906372638, 0.0013130428906372638, 0.0013130428906372638, 0.0014020393310154625, 0.0014020393310154625, 0.0014020393310154625, 0.0013130428906372638, 0.0012121830534626528, 0.0012121830534626528, 0.0013130428906372638, 0.0013130428906372638, 0.0013130428906372638, 0.0014020393310154625, 0.0014020393310154625, 0.0014020393310154625, 0.0014020393310154625, 0.0013130428906372638, 0.0013130428906372638, 0.0013130428906372638, 0.0013130428906372638, 0.0013130428906372638, 0.0014020393310154625, 0.0014020393310154625, 0.0014020393310154625, 0.0013130428906372638, 0.0013130428906372638, 0.0014020393310154625, 0.0014020393310154625, 0.0014020393310154625, 0.0018070158058105027, 0.0018070158058105024, 0.0018070158058105024, 0.001750102037841549, 0.001750102037841549, 0.0016874083497409602, 0.0016182631152578625, 0.0016874083497409602, 0.0016874083497409602, 0.0016874083497409602, 0.0016874083497409602, 0.0016874083497409602, 0.0016874083497409602, 0.001750102037841549, 0.0018070158058105024, 0.0018070158058105024, 0.0018070158058105024, 0.0018070158058105024, 0.001750102037841549, 0.001750102037841549, 0.0016874083497409602, 0.0016874083497409602, 0.0016874083497409602, 0.0014020393310154625, 0.0014020393310154625, 0.0014813121596360826, 0.0014813121596360826, 0.0014813121596360826, 0.0014813121596360826, 0.0016162440712835374, 0.0016162440712835374, 0.0020698023172885526, 0.0018586806819760678, 0.0017501020378415492, 0.0016874083497409602, 0.001750102037841549, 0.001750102037841549, 0.001750102037841549, 0.001750102037841549, 0.0016874083497409602, 0.0016874083497409602, 0.0016182631152578625, 0.0016182631152578625, 0.0016182631152578625, 0.0016182631152578625, 0.0015417985786550905, 0.001456862718169367, 0.001456862718169367, 0.0009595917499283809, 0.0009595917499283809, 0.0009595917499283809, 0.0009595917499283809, 0.0009595917499283809, 0.0009595917499283809, 0.0009595917499283809, 0.0009595917499283809, 0.0009595917499283808, 0.0009595917499283808, 0.0009595917499283808, 0.0009595917499283808, 0.0010961900624714789, 0.0010961900624714789, 0.0010961900624714789, 0.0010961900624714789, 0.0010961900624714789, 0.0010961900624714789, 0.0010961900624714789, 0.0010961900624714789, 0.0010961900624714787, 0.0009595917499283808, 0.0007917946548886297, 0.0007917946548886297, 0.0007917946548886297, 0.0009595917499283808, 0.0009595917499283808, 0.0010961900624714787, 0.0010961900624714787, 0.0012121830534626528, 0.0012121830534626528, 0.0012121830534626528, 0.0012121830534626528, 0.0013130428906372638, 0.0016182631152578625, 0.0015417985786550905, 0.0015417985786550905, 0.0016182631152578625, 0.0018709377764279883, 0.00224099103441458, 0.0025555062599997595, 0.0025555062599997595, 0.0025555062599997595, 0.0025555062599997595, 0.0025555062599997595, 0.00224099103441458, 0.0020380062285859438, 0.0020380062285859438, 0.0020380062285859438, 0.00224099103441458, 0.002285714285714286, 0.002463115664257406, 0.0026260857812745275, 0.0026260857812745275, 0.0024631156642574066, 0.002626085781274527, 0.0024631156642574066, 0.0026260857812745275, 0.0028040786620309255, 0.0028040786620309255, 0.0025606121717037804, 0.0025606121717037804, 0.002710523708715754, 0.0027333167412803196, 0.0027333167412803196, 0.0027333167412803196, 0.00286968674959765, 0.00286968674959765, 0.0032213573004469492, 0.0029813022767418477, 0.0029813022767418477, 0.002850277465906269, 0.0030888872575404753, 0.003208152879455589, 0.003321175105536089, 0.003614031611621005, 0.003711207515686747, 0.003883192458978744, 0.003614031611621005, 0.0036040793214220522, 0.003155817433482075, 0.0033748166994819204, 0.0033748166994819204, 0.0033748166994819204, 0.003257644071711823, 0.0032935310745119, 0.0035002040756830985, 0.0037809403862110328, 0.0037809403862110328, 0.0037809403862110328, 0.0038756171332144386, 0.004047876742497105, 0.0042944672521270716, 0.004369840981555466, 0.004369840981555465, 0.004367598695776312, 0.004217746762799071, 0.003979539507766892, 0.0038110473144075583, 0.0038110473144075583, 0.0038110473144075583, 0.003537322866409637, 0.003537322866409637, 0.00389326996500476, 0.00389326996500476, 0.00389326996500476, 0.003972147930738918, 0.003972147930738918, 0.004057545251674681, 0.0038041867376213115, 0.0036221540552549667, 0.0037173613639521355, 0.0036221540552549667, 0.0034437758110444257, 0.003530855247034379, 0.0036221540552549667, 0.003804186737621312, 0.003895785268356414, 0.003976256058769098, 0.0037252585172586564, 0.003448513433054768, 0.003635651136134141, 0.0035446999815476163, 0.003347615660771842, 0.0030334193005684567, 0.003355409887063588, 0.0034485134330547685, 0.0035419353639569683, 0.0034513528846952, 0.0035446999815476163, 0.0038932699650047597, 0.0038932699650047597, 0.0038932699650047597, 0.0038932699650047597, 0.0035446999815476163, 0.0034513528846952, 0.0035419353639569683, 0.003635651136134141, 0.003636549160387959, 0.003972147930738918, 0.0034522988495984492, 0.003356382892705923, 0.0032566415654342877, 0.0035446999815476163, 0.003049523214657448, 0.003155817433482075, 0.0034513528846952, 0.003448513433054768, 0.003530855247034379, 0.0037809403862110328, 0.0038041867376213115, 0.003883192458978745, 0.0036221540552549667, 0.0034437758110444257, 0.004111904072572805, 0.004101567644554597, 0.004111904072572805, 0.0040317110359686026, 0.0041905627696683665, 0.0040406101782088436, 0.00376969657199329, 0.004008969535266373, 0.004168687945106166, 0.004168687945106166, 0.0043705881545081015, 0.004429216542874538, 0.003995099038388236, 0.003842618155075298, 0.004123798526324278, 0.004043841374389516, 0.004202234585337196, 0.0041403933560541254, 0.0042185208743524, 0.003842618155075298, 0.0036040793214220527, 0.0036040793214220527, 0.0033319725113401715, 0.0033319725113401715, 0.0034371321695594436, 0.0036040793214220522, 0.0036040793214220522, 0.003530855247034379, 0.0037981735675163123, 0.0036140316116210053, 0.0037809403862110328, 0.0042185208743524, 0.004261646706739218, 0.00452042981521511, 0.004571428571428572, 0.00416476963618025, 0.004123798526324278, 0.004060762972443399, 0.004123798526324278, 0.004221615901088886, 0.004085614384393023, 0.003943271199791112, 0.0038119040183218094, 0.004060762972443399, 0.00433759079185105, 0.004242448272747563, 0.004004894964099482, 0.0038383669997135235, 0.0037740250802190557, 0.0037938726109023615, 0.003470223188728909, 0.0033912251714189236, 0.003578621328423126, 0.00365356968300475, 0.0037068056549089956, 0.0037740250802190552, 0.003838366999713524, 0.0038153289103139655, 0.003815328910313965, 0.0037523326078587435, 0.0038383669997135235, 0.003878985771080489, 0.0036687316386913196, 0.0035123107110009853, 0.0034285714285714284, 0.0035123107110009853, 0.003241566766556077, 0.0034371321695594436, 0.0034371321695594436, 0.0034437758110444257, 0.0034285714285714293, 0.003437132169559444, 0.003340780795941364, 0.0034180791837115842, 0.0033319725113401715, 0.0033319725113401715, 0.003340780795941364, 0.003340780795941364, 0.003340780795941364, 0.003340780795941364, 0.0030505937862946603, 0.0032566415654342877, 0.003253632193254117, 0.003530855247034379, 0.003537322866409637, 0.0036221540552549667, 0.0036284589408885812, 0.003448513433054768, 0.003448513433054768, 0.003355409887063588, 0.0034513528846952, 0.003355409887063588, 0.003355409887063588, 0.0032566415654342877, 0.0031547825695639456, 0.0029416086117105716, 0.0029416086117105716, 0.0029404983612042533, 0.003049523214657448, 0.002931601220201294, 0.0031547825695639456, 0.0031547825695639456, 0.003253632193254117, 0.0031547825695639456, 0.0032486103779547186, 0.003241566766556077, 0.0033211751055360894, 0.0033319725113401715, 0.0035123107110009853, 0.0033319725113401715, 0.0033319725113401715, 0.0033211751055360894, 0.003232488142567075, 0.0032213573004469497, 0.0035225222874108435, 0.003703280399090206, 0.003939128671911791, 0.0039266748668821665, 0.003875617133214439, 0.003966389403217892, 0.003875617133214439, 0.0036221540552549667, 0.003355409887063588, 0.0033563828927059233, 0.0033563828927059233, 0.0032566415654342877, 0.0032566415654342877, 0.003155817433482075, 0.0030505937862946603, 0.003049523214657448, 0.003253632193254117, 0.0033319725113401715, 0.0033912251714189236, 0.0033912251714189236, 0.0032213573004469497, 0.0032213573004469497, 0.003192849153074056, 0.0031183459770610863, 0.0034056375830288778, 0.003208152879455589, 0.0032213573004469497, 0.0032935310745119003, 0.003356382892705923, 0.0035262282561237743, 0.003470223188728909, 0.0035262282561237743, 0.0036864893980089854, 0.003728762994531532, 0.0036176438380215803, 0.0035968239958528493, 0.0036176438380215803, 0.003875617133214439, 0.003875617133214439, 0.003838366999713524, 0.0038999738356003556, 0.0037740250802190552, 0.0037523326078587435, 0.0036365491603879588, 0.0035262282561237743, 0.003859575952175607, 0.003878985771080489, 0.0038281449655872516, 0.00365356968300475, 0.003470223188728909, 0.003481496276966358, 0.0031099576741000635, 0.003313300346131251, 0.003187731584224309, 0.0032324881425670744, 0.00339891939610584, 0.0034285714285714293, 0.0034285714285714293, 0.0034285714285714293, 0.0035225222874108435, 0.0033319725113401715, 0.0034295236772854073, 0.0035813576265125483, 0.004060762972443399, 0.004186664933488961, 0.004159277802303507, 0.00427617987059879, 0.0042370571227238005, 0.004263944709983459, 0.004616916543251235, 0.00465985898008574, 0.00433984858195372, 0.004307373838866915, 0.00418666493348896, 0.004152992528138656, 0.004073608438999227, 0.0041403933560541254, 0.004092003151992722, 0.004199125273342591, 0.004221615901088886, 0.004276179870598791, 0.00414905939672488, 0.004069598586231967, 0.004069598586231967, 0.004227026744893013, 0.00414905939672488, 0.00414905939672488, 0.004069598586231966, 0.004263944709983458, 0.004545641554594593, 0.004545641554594593, 0.004915614438310073, 0.005046720495044484, 0.005091168824543142, 0.005091168824543142, 0.005255279172762706, 0.005255279172762706, 0.005317049972321425, 0.00489497868499247, 0.00489497868499247, 0.00493947035085127, 0.0050233739373339225, 0.004865538961693258, 0.0046062956031580815, 0.004676646277853743, 0.004639493286899301, 0.004814264518817267, 0.00465985898008574, 0.004545641554594593, 0.004643010986462143, 0.004712813622974917, 0.004643010986462143, 0.004687107806722259, 0.004525483399593904, 0.004620451431253382, 0.004525483399593904, 0.005062870041905528, 0.004957945591653455, 0.004997958767010258, 0.004971100153355782, 0.005062870041905529, 0.004932193286180592, 0.004971100153355782, 0.005044131769306037, 0.004978976208181021, 0.004912956630903927, 0.0046310399061382426, 0.004107931601282613, 0.00418666493348896, 0.004388482141948863, 0.004276179870598791, 0.004159277802303508, 0.004152992528138657, 0.004152992528138656, 0.004117459093634702, 0.004426266681379905, 0.004117459093634702, 0.004313434163832142, 0.004313434163832141, 0.004313434163832141, 0.0044622681155096315, 0.0046062956031580815, 0.004388482141948863, 0.004388482141948863, 0.004196013657299616, 0.003791289694948199, 0.003675845036817232, 0.0038213150850972544, 0.003821315085097254, 0.003845166592288165, 0.0038494102384226954, 0.004069598586231967, 0.003933321803280691, 0.003703280399090206, 0.0038764595671192292, 0.0037041620275752806, 0.0038764595671192297, 0.0041403933560541254, 0.003959797974644666, 0.0041403933560541254, 0.004307373838866915, 0.0043825255974432025, 0.004348868020672103, 0.004496529273807086, 0.004797958749641905, 0.004687107806722258, 0.004399628926838893, 0.004444671196029727, 0.004230887396665777, 0.004117459093634702, 0.004152992528138656, 0.004263944709983458, 0.004073608438999226, 0.004263944709983459, 0.004073608438999227, 0.004037376396035588, 0.004159277802303507, 0.00418666493348896, 0.00412142238177302, 0.004227026744893013, 0.004199125273342591, 0.004467387493872472, 0.004467387493872472, 0.004471040603889955, 0.004602749843566233, 0.0046626610603029365, 0.004732173854345919, 0.004571428571428571, 0.004403338251270511, 0.004328547854721285, 0.004525483399593904, 0.004737001548814333, 0.004712813622974917, 0.004427004331027786, 0.004571428571428571, 0.0046626610603029365, 0.004952673984004675, 0.005000571395922099, 0.0049815987926179126, 0.004628924148817974, 0.004773395659533052, 0.00478364560833288, 0.0047507679293317786, 0.004393687494112249, 0.004279233194708355, 0.004279233194708356, 0.004354870601887463, 0.004582842892745925, 0.004642307659791978, 0.004864867806581203, 0.004929544417414789, 0.00479727813984351, 0.004657055213899243, 0.0046591581967176015, 0.004653548130629104, 0.004864867806581203, 0.004723195044519274, 0.004854789345773588, 0.004848732213850611, 0.00482239672819249, 0.0049815987926179126, 0.004889639192064321, 0.004797958749641905, 0.0049979587670102585, 0.00478364560833288, 0.00478364560833288, 0.004531252023222631, 0.00448198206882916, 0.004899645968051662, 0.004773395659533052, 0.004780914437337574, 0.004742512896284898, 0.004517539514526256, 0.0042185208743524, 0.00453125202322263, 0.004471040603889955, 0.004543486030144965, 0.004625395735965271, 0.004155350620045221, 0.004261646706739218, 0.004143546740636183, 0.004063978145530182, 0.004063978145530182, 0.004279233194708356, 0.004221615901088886, 0.004174949590310361, 0.004199125273342591, 0.004174949590310361, 0.004069598586231967, 0.004252442275460355, 0.004199902817145819, 0.004324774383639886, 0.004186664933488961, 0.0041403933560541254, 0.004171037163633065, 0.004597070939684289, 0.0044768793796116325, 0.004399628926838893, 0.004307373838866915, 0.0040406101782088436, 0.003746236206419146, 0.003746236206419146, 0.003910008090184229, 0.0035456210417116733, 0.0036508875074201803, 0.0042370571227238005, 0.00395567275425755, 0.0038324074599102205, 0.003992646301614497, 0.004060762972443398, 0.003945754628944473, 0.003910008090184229, 0.004027659471247108, 0.004159277802303507, 0.003746236206419146, 0.0036104157711843005, 0.0035188124156207206, 0.0035676551494372493, 0.0035225222874108435, 0.004073608438999227, 0.0042185208743524, 0.004642307659791978, 0.0045970709396842896, 0.004572142801348003, 0.004620451431253382, 0.0047507679293317786, 0.004611255086133032, 0.004502334995106791, 0.004354870601887463, 0.004298267330078054, 0.00409599107141884, 0.00414905939672488, 0.0041843244889195, 0.004202234585337196, 0.004199125273342591, 0.004221615901088886, 0.004242448272747563, 0.004485623292980655, 0.004539891215095133, 0.004447608850809154, 0.004499433070863893, 0.004667560652951346, 0.004690589797995687, 0.004403338251270511, 0.004403338251270511, 0.00452042981521511, 0.004499433070863893, 0.0044768793796116325, 0.004427004331027786, 0.004107931601282613, 0.004060762972443398, 0.003910008090184229, 0.003916683311587153, 0.0037869809201784895, 0.003845166592288165, 0.00404141821944844, 0.00452042981521511, 0.00452042981521511, 0.00430358180200291, 0.004549231825713176, 0.004681531233888924, 0.004767920010286435, 0.00482239672819249, 0.004628924148817974, 0.004485623292980655, 0.00441222790685622, 0.004539891215095133, 0.004393687494112249, 0.004393687494112249, 0.004261646706739218, 0.00441222790685622, 0.00441222790685622, 0.004467387493872472, 0.00452042981521511, 0.004328547854721285, 0.00409599107141884, 0.004085614384393024, 0.0037041620275752806, 0.00337191279815587, 0.0035813576265125483, 0.003614935006613648, 0.003614935006613648, 0.003646412830524301, 0.003734887917341301, 0.0035813576265125483, 0.0034889914337082853, 0.0035995464566911137, 0.0035456210417116733, 0.0037252585172586564, 0.0037766198038533274, 0.003413299319558418, 0.003316255572239294, 0.0036365491603879588, 0.003646412830524301, 0.00368914568950148, 0.00370416202757528, 0.0038764595671192292, 0.0038764595671192292, 0.003845166592288165, 0.003958973274443148, 0.003845166592288165]"
25,"[1.0, 2.0, 3.0, 4.0, 5.0, 6.0, 7.0, 8.0, 9.0, 10.0, 11.0, 12.0, 13.0, 14.0, 15.0, 16.0, 17.0, 18.0, 19.0, 20.0, 21.0, 22.0, 23.0, 24.0, 25.0, 26.0, 27.0, 28.0, 29.0, 30.0, 31.0, 32.0, 33.0, 34.0, 35.0, 36.0, 37.0, 38.0, 39.0, 40.0, 41.0, 42.0, 43.0, 44.0, 45.0, 46.0, 47.0, 48.0, 49.0, 50.0, 51.0, 52.0, 53.0, 54.0, 55.0, 56.0, 57.0, 58.0, 59.0, 60.0, 61.0, 62.0, 63.0, 64.0, 65.0, 66.0, 67.0, 68.0, 69.0, 70.0, 71.0, 72.0, 73.0, 74.0, 75.0, 76.0, 77.0, 78.0, 79.0, 80.0, 81.0, 82.0, 83.0, 84.0, 85.0, 86.0, 87.0, 88.0, 89.0, 90.0, 91.0, 92.0, 93.0, 94.0, 95.0, 96.0, 97.0, 98.0, 99.0, 100.0, 101.0, 102.0, 103.0, 104.0, 105.0, 106.0, 107.0, 108.0, 109.0, 110.0, 111.0, 112.0, 113.0, 114.0, 115.0, 116.0, 117.0, 118.0, 119.0, 120.0, 121.0, 122.0, 123.0, 124.0, 125.0, 126.0, 127.0, 128.0, 129.0, 130.0, 131.0, 132.0, 133.0, 134.0, 135.0, 136.0, 137.0, 138.0, 139.0, 140.0, 141.0, 142.0, 143.0, 144.0, 145.0, 146.0, 147.0, 148.0, 149.0, 150.0, 151.0, 152.0, 153.0, 154.0, 155.0, 156.0, 157.0, 158.0, 159.0, 160.0, 161.0, 162.0, 163.0, 164.0, 165.0, 166.0, 167.0, 168.0, 169.0, 170.0, 171.0, 172.0, 173.0, 174.0, 175.0, 176.0, 177.0, 178.0, 179.0, 180.0, 181.0, 182.0, 183.0, 184.0, 185.0, 186.0, 187.0, 188.0, 189.0, 190.0, 191.0, 192.0, 193.0, 194.0, 195.0, 196.0, 197.0, 198.0, 199.0, 200.0, 201.0, 202.0, 203.0, 204.0, 205.0, 206.0, 207.0, 208.0, 209.0, 210.0, 211.0, 212.0, 213.0, 214.0, 215.0, 216.0, 217.0, 218.0, 219.0, 220.0, 221.0, 222.0, 223.0, 224.0, 225.0, 226.0, 227.0, 228.0, 229.0, 230.0, 231.0, 232.0, 233.0, 234.0, 235.0, 236.0, 237.0, 238.0, 239.0, 240.0, 241.0, 242.0, 243.0, 244.0, 245.0, 246.0, 247.0, 248.0, 249.0, 250.0, 251.0, 252.0, 253.0, 254.0, 255.0, 256.0, 257.0, 258.0, 259.0, 260.0, 261.0, 262.0, 263.0, 264.0, 265.0, 266.0, 267.0, 268.0, 269.0, 270.0, 271.0, 272.0, 273.0, 274.0, 275.0, 276.0, 277.0, 278.0, 279.0, 280.0, 281.0, 282.0, 283.0, 284.0, 285.0, 286.0, 287.0, 288.0, 289.0, 290.0, 291.0, 292.0, 293.0, 294.0, 295.0, 296.0, 297.0, 298.0, 299.0, 300.0, 301.0, 302.0, 303.0, 304.0, 305.0, 306.0, 307.0, 308.0, 309.0, 310.0, 311.0, 312.0, 313.0, 314.0, 315.0, 316.0, 317.0, 318.0, 319.0, 320.0, 321.0, 322.0, 323.0, 324.0, 325.0, 326.0, 327.0, 328.0, 329.0, 330.0, 331.0, 332.0, 333.0, 334.0, 335.0, 336.0, 337.0, 338.0, 339.0, 340.0, 341.0, 342.0, 343.0, 344.0, 345.0, 346.0, 347.0, 348.0, 349.0, 350.0, 351.0, 352.0, 353.0, 354.0, 355.0, 356.0, 357.0, 358.0, 359.0, 360.0, 361.0, 362.0, 363.0, 364.0, 365.0, 366.0, 367.0, 368.0, 369.0, 370.0, 371.0, 372.0, 373.0, 374.0, 375.0, 376.0, 377.0, 378.0, 379.0, 380.0, 381.0, 382.0, 383.0, 384.0, 385.0, 386.0, 387.0, 388.0, 389.0, 390.0, 391.0, 392.0, 393.0, 394.0, 395.0, 396.0, 397.0, 398.0, 399.0, 400.0, 401.0, 402.0, 403.0, 404.0, 405.0, 406.0, 407.0, 408.0, 409.0, 410.0, 411.0, 412.0, 413.0, 414.0, 415.0, 416.0, 417.0, 418.0, 419.0, 420.0, 421.0, 422.0, 423.0, 424.0, 425.0, 426.0, 427.0, 428.0, 429.0, 430.0, 431.0, 432.0, 433.0, 434.0, 435.0, 436.0, 437.0, 438.0, 439.0, 440.0, 441.0, 442.0, 443.0, 444.0, 445.0, 446.0, 447.0, 448.0, 449.0, 450.0, 451.0, 452.0, 453.0, 454.0, 455.0, 456.0, 457.0, 458.0, 459.0, 460.0, 461.0, 462.0, 463.0, 464.0, 465.0, 466.0, 467.0, 468.0, 469.0, 470.0, 471.0, 472.0, 473.0, 474.0, 475.0, 476.0, 477.0, 478.0, 479.0, 480.0, 481.0, 482.0, 483.0, 484.0, 485.0, 486.0, 487.0, 488.0, 489.0, 490.0, 491.0, 492.0, 493.0, 494.0, 495.0, 496.0, 497.0, 498.0, 499.0, 500.0, 501.0, 502.0, 503.0, 504.0, 505.0, 506.0, 507.0, 508.0, 509.0, 510.0, 511.0, 512.0, 513.0, 514.0, 515.0, 516.0, 517.0, 518.0, 519.0, 520.0, 521.0, 522.0, 523.0, 524.0, 525.0, 526.0, 527.0, 528.0, 529.0, 530.0, 531.0, 532.0, 533.0, 534.0, 535.0, 536.0, 537.0, 538.0, 539.0, 540.0, 541.0, 542.0, 543.0, 544.0, 545.0, 546.0, 547.0, 548.0, 549.0, 550.0, 551.0, 552.0, 553.0, 554.0, 555.0, 556.0, 557.0, 558.0, 559.0, 560.0, 561.0, 562.0, 563.0, 564.0, 565.0, 566.0, 567.0, 568.0, 569.0, 570.0, 571.0, 572.0, 573.0, 574.0, 575.0, 576.0, 577.0, 578.0, 579.0, 580.0, 581.0, 582.0, 583.0, 584.0, 585.0, 586.0, 587.0, 588.0, 589.0, 590.0, 591.0, 592.0, 593.0, 594.0, 595.0, 596.0, 597.0, 598.0, 599.0, 600.0, 601.0, 602.0, 603.0, 604.0, 605.0, 606.0, 607.0, 608.0, 609.0, 610.0, 611.0, 612.0, 613.0, 614.0, 615.0, 616.0, 617.0, 618.0, 619.0, 620.0, 621.0, 622.0, 623.0, 624.0, 625.0, 626.0, 627.0, 628.0, 629.0, 630.0, 631.0, 632.0, 633.0, 634.0, 635.0, 636.0, 637.0, 638.0, 639.0, 640.0, 641.0, 642.0, 643.0, 644.0, 645.0, 646.0, 647.0, 648.0, 649.0, 650.0, 651.0, 652.0, 653.0, 654.0, 655.0, 656.0, 657.0, 658.0, 659.0, 660.0, 661.0, 662.0, 663.0, 664.0, 665.0, 666.0, 667.0, 668.0, 669.0, 670.0, 671.0, 672.0, 673.0, 674.0, 675.0, 676.0, 677.0, 678.0, 679.0, 680.0, 681.0, 682.0, 683.0, 684.0, 685.0, 686.0, 687.0, 688.0, 689.0, 690.0, 691.0, 692.0, 693.0, 694.0, 695.0, 696.0, 697.0, 698.0, 699.0, 700.0, 701.0, 702.0, 703.0, 704.0, 705.0, 706.0, 707.0, 708.0, 709.0, 710.0, 711.0, 712.0, 713.0, 714.0, 715.0, 716.0, 717.0, 718.0, 719.0, 720.0, 721.0, 722.0, 723.0, 724.0, 725.0, 726.0, 727.0, 728.0, 729.0, 730.0, 731.0, 732.0, 733.0, 734.0, 735.0, 736.0, 737.0, 738.0, 739.0, 740.0, 741.0, 742.0, 743.0, 744.0, 745.0, 746.0, 747.0, 748.0, 749.0, 750.0, 751.0, 752.0, 753.0, 754.0, 755.0, 756.0, 757.0, 758.0, 759.0, 760.0, 761.0, 762.0, 763.0, 764.0, 765.0, 766.0, 767.0, 768.0, 769.0, 770.0, 771.0, 772.0, 773.0, 774.0, 775.0, 776.0, 777.0, 778.0, 779.0, 780.0, 781.0, 782.0, 783.0, 784.0, 785.0, 786.0, 787.0, 788.0, 789.0, 790.0, 791.0, 792.0, 793.0, 794.0, 795.0, 796.0, 797.0, 798.0, 799.0, 800.0, 801.0, 802.0, 803.0, 804.0, 805.0, 806.0, 807.0, 808.0, 809.0, 810.0, 811.0, 812.0, 813.0, 814.0, 815.0, 816.0, 817.0, 818.0, 819.0, 820.0, 821.0, 822.0, 823.0, 824.0, 825.0, 826.0, 827.0, 828.0, 829.0, 830.0, 831.0, 832.0, 833.0, 834.0, 835.0, 836.0, 837.0, 838.0, 839.0, 840.0, 841.0, 842.0, 843.0, 844.0, 845.0, 846.0, 847.0, 848.0, 849.0, 850.0, 851.0, 852.0, 853.0, 854.0, 855.0, 856.0, 857.0, 858.0, 859.0, 860.0, 861.0, 862.0, 863.0, 864.0, 865.0, 866.0, 867.0, 868.0, 869.0, 870.0, 871.0, 872.0, 873.0, 874.0, 875.0, 876.0, 877.0, 878.0, 879.0, 880.0, 881.0, 882.0, 883.0, 884.0, 885.0, 886.0, 887.0, 888.0, 889.0, 890.0, 891.0, 892.0, 893.0, 894.0, 895.0, 896.0, 897.0, 898.0, 899.0, 900.0, 901.0, 902.0, 903.0, 904.0, 905.0, 906.0, 907.0, 908.0, 909.0, 910.0, 911.0, 912.0, 913.0, 914.0, 915.0, 916.0, 917.0, 918.0, 919.0, 920.0, 921.0, 922.0, 923.0, 924.0, 925.0, 926.0, 927.0, 928.0, 929.0, 930.0, 931.0, 932.0, 933.0, 934.0, 935.0, 936.0, 937.0, 938.0, 939.0, 940.0, 941.0, 942.0, 943.0, 944.0, 945.0, 946.0, 947.0, 948.0, 949.0, 950.0, 951.0, 952.0, 953.0, 954.0, 955.0, 956.0, 957.0, 958.0, 959.0, 960.0, 961.0, 962.0, 963.0, 964.0, 965.0, 966.0, 967.0, 968.0, 969.0, 970.0, 971.0, 972.0, 973.0, 974.0, 975.0, 976.0, 977.0, 978.0, 979.0, 980.0, 981.0, 982.0, 983.0, 984.0, 985.0, 986.0, 987.0, 988.0, 989.0, 990.0, 991.0, 992.0, 993.0, 994.0, 995.0, 996.0, 997.0, 998.0, 999.0, 1000.0, 1001.0, 1002.0, 1003.0, 1004.0, 1005.0, 1006.0, 1007.0, 1008.0, 1009.0, 1010.0, 1011.0, 1012.0, 1013.0, 1014.0, 1015.0, 1016.0, 1017.0, 1018.0, 1019.0, 1020.0, 1021.0, 1022.0, 1023.0, 1024.0, 1025.0, 1026.0, 1027.0, 1028.0, 1029.0, 1030.0, 1031.0, 1032.0, 1033.0, 1034.0, 1035.0, 1036.0, 1037.0, 1038.0, 1039.0, 1040.0, 1041.0, 1042.0, 1043.0, 1044.0, 1045.0, 1046.0, 1047.0, 1048.0, 1049.0, 1050.0, 1051.0, 1052.0, 1053.0, 1054.0, 1055.0, 1056.0, 1057.0, 1058.0, 1059.0, 1060.0, 1061.0, 1062.0, 1063.0, 1064.0, 1065.0, 1066.0, 1067.0, 1068.0, 1069.0, 1070.0, 1071.0, 1072.0, 1073.0, 1074.0, 1075.0, 1076.0, 1077.0, 1078.0, 1079.0, 1080.0, 1081.0, 1082.0, 1083.0, 1084.0, 1085.0, 1086.0, 1087.0, 1088.0, 1089.0, 1090.0, 1091.0, 1092.0, 1093.0, 1094.0, 1095.0, 1096.0, 1097.0, 1098.0, 1099.0, 1100.0, 1101.0, 1102.0, 1103.0, 1104.0, 1105.0, 1106.0, 1107.0, 1108.0, 1109.0, 1110.0, 1111.0, 1112.0, 1113.0, 1114.0, 1115.0, 1116.0, 1117.0, 1118.0, 1119.0, 1120.0, 1121.0, 1122.0, 1123.0, 1124.0, 1125.0, 1126.0, 1127.0, 1128.0, 1129.0, 1130.0, 1131.0, 1132.0, 1133.0, 1134.0, 1135.0, 1136.0, 1137.0, 1138.0, 1139.0, 1140.0, 1141.0, 1142.0, 1143.0, 1144.0, 1145.0, 1146.0, 1147.0, 1148.0, 1149.0, 1150.0, 1151.0, 1152.0, 1153.0, 1154.0, 1155.0, 1156.0, 1157.0, 1158.0, 1159.0, 1160.0, 1161.0, 1162.0, 1163.0, 1164.0, 1165.0, 1166.0, 1167.0, 1168.0, 1169.0, 1170.0, 1171.0, 1172.0, 1173.0, 1174.0, 1175.0, 1176.0, 1177.0, 1178.0, 1179.0, 1180.0, 1181.0, 1182.0, 1183.0, 1184.0, 1185.0, 1186.0, 1187.0, 1188.0, 1189.0, 1190.0, 1191.0, 1192.0, 1193.0, 1194.0, 1195.0, 1196.0, 1197.0, 1198.0, 1199.0, 1200.0, 1201.0, 1202.0, 1203.0, 1204.0, 1205.0, 1206.0, 1207.0, 1208.0, 1209.0, 1210.0, 1211.0, 1212.0, 1213.0, 1214.0, 1215.0, 1216.0, 1217.0, 1218.0, 1219.0, 1220.0, 1221.0, 1222.0, 1223.0, 1224.0, 1225.0, 1226.0, 1227.0, 1228.0, 1229.0, 1230.0, 1231.0, 1232.0, 1233.0, 1234.0, 1235.0, 1236.0, 1237.0, 1238.0, 1239.0, 1240.0, 1241.0, 1242.0, 1243.0, 1244.0, 1245.0, 1246.0, 1247.0, 1248.0, 1249.0, 1250.0, 1251.0, 1252.0, 1253.0, 1254.0, 1255.0, 1256.0, 1257.0, 1258.0, 1259.0, 1260.0, 1261.0, 1262.0, 1263.0, 1264.0, 1265.0, 1266.0, 1267.0, 1268.0, 1269.0, 1270.0, 1271.0, 1272.0, 1273.0, 1274.0, 1275.0, 1276.0, 1277.0, 1278.0, 1279.0, 1280.0, 1281.0, 1282.0, 1283.0, 1284.0, 1285.0, 1286.0, 1287.0, 1288.0, 1289.0, 1290.0, 1291.0, 1292.0, 1293.0, 1294.0, 1295.0, 1296.0, 1297.0, 1298.0, 1299.0, 1300.0, 1301.0, 1302.0, 1303.0, 1304.0, 1305.0, 1306.0, 1307.0, 1308.0, 1309.0, 1310.0, 1311.0, 1312.0, 1313.0, 1314.0, 1315.0, 1316.0, 1317.0, 1318.0, 1319.0, 1320.0, 1321.0, 1322.0, 1323.0, 1324.0, 1325.0, 1326.0, 1327.0, 1328.0, 1329.0, 1330.0, 1331.0, 1332.0, 1333.0, 1334.0, 1335.0, 1336.0, 1337.0, 1338.0, 1339.0, 1340.0, 1341.0, 1342.0, 1343.0, 1344.0, 1345.0, 1346.0, 1347.0, 1348.0, 1349.0, 1350.0, 1351.0, 1352.0, 1353.0, 1354.0, 1355.0, 1356.0, 1357.0, 1358.0, 1359.0, 1360.0, 1361.0, 1362.0, 1363.0, 1364.0, 1365.0, 1366.0, 1367.0, 1368.0, 1369.0, 1370.0, 1371.0, 1372.0, 1373.0, 1374.0, 1375.0, 1376.0, 1377.0, 1378.0, 1379.0, 1380.0, 1381.0, 1382.0, 1383.0, 1384.0, 1385.0, 1386.0, 1387.0, 1388.0, 1389.0, 1390.0, 1391.0, 1392.0, 1393.0, 1394.0, 1395.0, 1396.0, 1397.0, 1398.0, 1399.0, 1400.0, 1401.0, 1402.0, 1403.0, 1404.0, 1405.0, 1406.0, 1407.0, 1408.0, 1409.0, 1410.0, 1411.0, 1412.0, 1413.0, 1414.0, 1415.0, 1416.0, 1417.0, 1418.0, 1419.0, 1420.0, 1421.0, 1422.0, 1423.0, 1424.0, 1425.0, 1426.0, 1427.0, 1428.0, 1429.0, 1430.0, 1431.0, 1432.0, 1433.0, 1434.0, 1435.0, 1436.0, 1437.0, 1438.0, 1439.0, 1440.0, 1441.0, 1442.0, 1443.0, 1444.0, 1445.0, 1446.0, 1447.0, 1448.0, 1449.0, 1450.0, 1451.0, 1452.0, 1453.0, 1454.0, 1455.0, 1456.0, 1457.0, 1458.0, 1459.0, 1460.0, 1461.0, 1462.0, 1463.0, 1464.0, 1465.0, 1466.0, 1467.0, 1468.0, 1469.0, 1470.0, 1471.0, 1472.0, 1473.0, 1474.0, 1475.0, 1476.0, 1477.0, 1478.0, 1479.0, 1480.0, 1481.0, 1482.0, 1483.0, 1484.0, 1485.0, 1486.0, 1487.0, 1488.0, 1489.0, 1490.0, 1491.0, 1492.0, 1493.0, 1494.0, 1495.0, 1496.0, 1497.0, 1498.0, 1499.0, 1500.0, 1501.0, 1502.0, 1503.0, 1504.0, 1505.0, 1506.0, 1507.0, 1508.0, 1509.0, 1510.0, 1511.0, 1512.0, 1513.0, 1514.0, 1515.0, 1516.0, 1517.0, 1518.0, 1519.0, 1520.0, 1521.0, 1522.0, 1523.0, 1524.0, 1525.0, 1526.0, 1527.0, 1528.0, 1529.0, 1530.0, 1531.0, 1532.0, 1533.0, 1534.0, 1535.0, 1536.0, 1537.0, 1538.0, 1539.0, 1540.0, 1541.0, 1542.0, 1543.0, 1544.0, 1545.0, 1546.0, 1547.0, 1548.0, 1549.0, 1550.0, 1551.0, 1552.0, 1553.0, 1554.0, 1555.0, 1556.0, 1557.0, 1558.0, 1559.0, 1560.0, 1561.0, 1562.0, 1563.0, 1564.0, 1565.0, 1566.0, 1567.0, 1568.0, 1569.0, 1570.0, 1571.0, 1572.0, 1573.0, 1574.0, 1575.0, 1576.0, 1577.0, 1578.0, 1579.0, 1580.0, 1581.0, 1582.0, 1583.0, 1584.0, 1585.0, 1586.0, 1587.0, 1588.0, 1589.0, 1590.0, 1591.0, 1592.0, 1593.0, 1594.0, 1595.0, 1596.0, 1597.0, 1598.0, 1599.0, 1600.0, 1601.0, 1602.0, 1603.0, 1604.0, 1605.0, 1606.0, 1607.0, 1608.0, 1609.0, 1610.0, 1611.0, 1612.0, 1613.0, 1614.0, 1615.0, 1616.0, 1617.0, 1618.0, 1619.0, 1620.0, 1621.0, 1622.0, 1623.0, 1624.0, 1625.0, 1626.0, 1627.0, 1628.0, 1629.0, 1630.0, 1631.0, 1632.0, 1633.0, 1634.0, 1635.0, 1636.0, 1637.0, 1638.0, 1639.0, 1640.0, 1641.0, 1642.0, 1643.0, 1644.0, 1645.0, 1646.0, 1647.0, 1648.0, 1649.0, 1650.0, 1651.0, 1652.0, 1653.0, 1654.0, 1655.0, 1656.0, 1657.0, 1658.0, 1659.0, 1660.0, 1661.0, 1662.0, 1663.0, 1664.0, 1665.0, 1666.0, 1667.0, 1668.0, 1669.0, 1670.0, 1671.0, 1672.0, 1673.0, 1674.0, 1675.0, 1676.0, 1677.0, 1678.0, 1679.0, 1680.0, 1681.0, 1682.0, 1683.0, 1684.0, 1685.0, 1686.0, 1687.0, 1688.0, 1689.0, 1690.0, 1691.0, 1692.0, 1693.0, 1694.0, 1695.0, 1696.0, 1697.0, 1698.0, 1699.0, 1700.0, 1701.0, 1702.0, 1703.0, 1704.0, 1705.0, 1706.0, 1707.0, 1708.0, 1709.0, 1710.0, 1711.0, 1712.0, 1713.0, 1714.0, 1715.0, 1716.0, 1717.0, 1718.0, 1719.0, 1720.0, 1721.0, 1722.0, 1723.0, 1724.0, 1725.0, 1726.0, 1727.0, 1728.0, 1729.0, 1730.0, 1731.0, 1732.0, 1733.0, 1734.0, 1735.0, 1736.0, 1737.0, 1738.0, 1739.0, 1740.0, 1741.0, 1742.0, 1743.0, 1744.0, 1745.0, 1746.0, 1747.0, 1748.0, 1749.0, 1750.0, 1751.0, 1752.0, 1753.0, 1754.0, 1755.0, 1756.0, 1757.0, 1758.0, 1759.0, 1760.0, 1761.0, 1762.0, 1763.0, 1764.0, 1765.0, 1766.0, 1767.0, 1768.0, 1769.0, 1770.0, 1771.0, 1772.0, 1773.0, 1774.0, 1775.0, 1776.0, 1777.0, 1778.0, 1779.0, 1780.0, 1781.0, 1782.0, 1783.0, 1784.0, 1785.0, 1786.0, 1787.0, 1788.0, 1789.0, 1790.0, 1791.0, 1792.0, 1793.0, 1794.0, 1795.0, 1796.0, 1797.0, 1798.0, 1799.0, 1800.0, 1801.0, 1802.0, 1803.0, 1804.0, 1805.0, 1806.0, 1807.0, 1808.0, 1809.0, 1810.0, 1811.0, 1812.0, 1813.0, 1814.0, 1815.0, 1816.0, 1817.0, 1818.0, 1819.0, 1820.0, 1821.0, 1822.0, 1823.0, 1824.0, 1825.0, 1826.0, 1827.0, 1828.0, 1829.0, 1830.0, 1831.0, 1832.0, 1833.0, 1834.0, 1835.0, 1836.0, 1837.0, 1838.0, 1839.0, 1840.0, 1841.0, 1842.0, 1843.0, 1844.0, 1845.0, 1846.0, 1847.0, 1848.0, 1849.0, 1850.0, 1851.0, 1852.0, 1853.0, 1854.0, 1855.0, 1856.0, 1857.0, 1858.0, 1859.0, 1860.0, 1861.0, 1862.0, 1863.0, 1864.0, 1865.0, 1866.0, 1867.0, 1868.0, 1869.0, 1870.0, 1871.0, 1872.0, 1873.0, 1874.0, 1875.0, 1876.0, 1877.0, 1878.0, 1879.0, 1880.0, 1881.0, 1882.0, 1883.0, 1884.0, 1885.0, 1886.0, 1887.0, 1888.0, 1889.0, 1890.0, 1891.0, 1892.0, 1893.0, 1894.0, 1895.0, 1896.0, 1897.0, 1898.0, 1899.0, 1900.0, 1901.0, 1902.0, 1903.0, 1904.0, 1905.0, 1906.0, 1907.0, 1908.0, 1909.0, 1910.0, 1911.0, 1912.0, 1913.0, 1914.0, 1915.0, 1916.0, 1917.0, 1918.0, 1919.0, 1920.0, 1921.0, 1922.0, 1923.0, 1924.0, 1925.0, 1926.0, 1927.0, 1928.0, 1929.0, 1930.0, 1931.0, 1932.0, 1933.0, 1934.0, 1935.0, 1936.0, 1937.0, 1938.0, 1939.0, 1940.0, 1941.0, 1942.0, 1943.0, 1944.0, 1945.0, 1946.0, 1947.0, 1948.0, 1949.0, 1950.0, 1951.0, 1952.0, 1953.0, 1954.0, 1955.0, 1956.0, 1957.0, 1958.0, 1959.0, 1960.0, 1961.0, 1962.0, 1963.0, 1964.0, 1965.0, 1966.0, 1967.0, 1968.0, 1969.0, 1970.0, 1971.0, 1972.0, 1973.0, 1974.0, 1975.0, 1976.0, 1977.0, 1978.0, 1979.0, 1980.0, 1981.0, 1982.0, 1983.0, 1984.0, 1985.0, 1986.0, 1987.0, 1988.0, 1989.0, 1990.0, 1991.0, 1992.0, 1993.0, 1994.0, 1995.0, 1996.0, 1997.0, 1998.0, 1999.0, 2000.0, 2001.0, 2002.0, 2003.0, 2004.0, 2005.0, 2006.0, 2007.0, 2008.0, 2009.0, 2010.0, 2011.0, 2012.0, 2013.0, 2014.0, 2015.0, 2016.0, 2017.0, 2018.0, 2019.0, 2020.0, 2021.0, 2022.0, 2023.0, 2024.0, 2025.0, 2026.0, 2027.0, 2028.0, 2029.0, 2030.0, 2031.0, 2032.0, 2033.0, 2034.0, 2035.0, 2036.0, 2037.0, 2038.0, 2039.0, 2040.0, 2041.0, 2042.0, 2043.0, 2044.0, 2045.0, 2046.0, 2047.0, 2048.0, 2049.0, 2050.0, 2051.0, 2052.0, 2053.0, 2054.0, 2055.0, 2056.0, 2057.0, 2058.0, 2059.0, 2060.0, 2061.0, 2062.0, 2063.0, 2064.0, 2065.0, 2066.0, 2067.0, 2068.0, 2069.0, 2070.0, 2071.0, 2072.0, 2073.0, 2074.0, 2075.0, 2076.0, 2077.0, 2078.0, 2079.0, 2080.0, 2081.0, 2082.0, 2083.0, 2084.0, 2085.0, 2086.0, 2087.0, 2088.0, 2089.0, 2090.0, 2091.0, 2092.0, 2093.0, 2094.0, 2095.0, 2096.0, 2097.0, 2098.0, 2099.0, 2100.0, 2101.0, 2102.0, 2103.0, 2104.0, 2105.0, 2106.0, 2107.0, 2108.0, 2109.0, 2110.0, 2111.0, 2112.0, 2113.0, 2114.0, 2115.0, 2116.0, 2117.0, 2118.0, 2119.0, 2120.0, 2121.0, 2122.0, 2123.0, 2124.0, 2125.0, 2126.0, 2127.0, 2128.0, 2129.0, 2130.0, 2131.0, 2132.0, 2133.0, 2134.0, 2135.0, 2136.0, 2137.0, 2138.0, 2139.0, 2140.0, 2141.0, 2142.0, 2143.0, 2144.0, 2145.0, 2146.0, 2147.0, 2148.0, 2149.0, 2150.0, 2151.0, 2152.0, 2153.0, 2154.0, 2155.0, 2156.0, 2157.0, 2158.0, 2159.0, 2160.0, 2161.0, 2162.0, 2163.0, 2164.0, 2165.0, 2166.0, 2167.0, 2168.0, 2169.0, 2170.0, 2171.0, 2172.0, 2173.0, 2174.0, 2175.0, 2176.0, 2177.0, 2178.0, 2179.0, 2180.0, 2181.0, 2182.0, 2183.0, 2184.0, 2185.0, 2186.0, 2187.0, 2188.0, 2189.0, 2190.0, 2191.0, 2192.0, 2193.0, 2194.0, 2195.0, 2196.0, 2197.0, 2198.0, 2199.0, 2200.0, 2201.0, 2202.0, 2203.0, 2204.0, 2205.0, 2206.0, 2207.0, 2208.0, 2209.0, 2210.0, 2211.0, 2212.0, 2213.0, 2214.0, 2215.0, 2216.0, 2217.0, 2218.0, 2219.0, 2220.0, 2221.0, 2222.0, 2223.0, 2224.0, 2225.0, 2226.0, 2227.0, 2228.0, 2229.0, 2230.0, 2231.0, 2232.0, 2233.0, 2234.0, 2235.0, 2236.0, 2237.0, 2238.0, 2239.0, 2240.0, 2241.0, 2242.0, 2243.0, 2244.0, 2245.0, 2246.0, 2247.0, 2248.0, 2249.0, 2250.0, 2251.0, 2252.0, 2253.0, 2254.0, 2255.0, 2256.0, 2257.0, 2258.0, 2259.0, 2260.0, 2261.0, 2262.0, 2263.0, 2264.0, 2265.0, 2266.0, 2267.0, 2268.0, 2269.0, 2270.0, 2271.0, 2272.0, 2273.0, 2274.0, 2275.0, 2276.0, 2277.0, 2278.0, 2279.0, 2280.0, 2281.0, 2282.0, 2283.0, 2284.0, 2285.0, 2286.0, 2287.0, 2288.0, 2289.0, 2290.0, 2291.0, 2292.0, 2293.0, 2294.0, 2295.0, 2296.0, 2297.0, 2298.0, 2299.0, 2300.0, 2301.0, 2302.0, 2303.0, 2304.0, 2305.0, 2306.0, 2307.0, 2308.0, 2309.0, 2310.0, 2311.0, 2312.0, 2313.0, 2314.0, 2315.0, 2316.0, 2317.0, 2318.0, 2319.0, 2320.0, 2321.0, 2322.0, 2323.0, 2324.0, 2325.0, 2326.0, 2327.0, 2328.0, 2329.0, 2330.0, 2331.0, 2332.0, 2333.0, 2334.0, 2335.0, 2336.0, 2337.0, 2338.0, 2339.0, 2340.0, 2341.0, 2342.0, 2343.0, 2344.0, 2345.0, 2346.0, 2347.0, 2348.0, 2349.0, 2350.0, 2351.0, 2352.0, 2353.0, 2354.0, 2355.0, 2356.0, 2357.0, 2358.0, 2359.0, 2360.0, 2361.0, 2362.0, 2363.0, 2364.0, 2365.0, 2366.0, 2367.0, 2368.0, 2369.0, 2370.0, 2371.0, 2372.0, 2373.0, 2374.0, 2375.0, 2376.0, 2377.0, 2378.0, 2379.0, 2380.0, 2381.0, 2382.0, 2383.0, 2384.0, 2385.0, 2386.0, 2387.0, 2388.0, 2389.0, 2390.0, 2391.0, 2392.0, 2393.0, 2394.0, 2395.0, 2396.0, 2397.0, 2398.0, 2399.0, 2400.0]","[0.0, 0.0, 0.0, 0.0, 0.0, 0.0, 0.0, 0.0, 0.0, 0.0, 0.0, 0.0, 0.0, 0.0, 0.0, 0.0, 0.0, 0.00012, 0.00012, 0.00012, 0.00012, 0.00012, 0.00012, 0.00012, 0.00012, 0.00012, 0.00012, 0.00012, 0.00012, 0.00012, 0.00012, 0.00012, 0.00012, 0.00024, 0.00024, 0.00024, 0.00024, 0.00024, 0.00024, 0.00024, 0.00024, 0.00024, 0.00024, 0.00024, 0.00024, 0.00024, 0.00024, 0.00024, 0.00024, 0.00024, 0.00024, 0.00024, 0.00024, 0.00024, 0.00024, 0.00024, 0.00024, 0.00036, 0.00036, 0.00048, 0.00048, 0.00048, 0.00048, 0.00048, 0.00048, 0.00048, 0.00048, 0.00048, 0.00048, 0.00048, 0.0006, 0.0006, 0.0006, 0.0006, 0.00072, 0.00072, 0.00072, 0.00072, 0.00072, 0.00084, 0.00096, 0.00096, 0.00096, 0.00096, 0.00096, 0.00096, 0.00096, 0.00096, 0.00096, 0.00096, 0.00096, 0.00096, 0.0010800000000000002, 0.0010800000000000002, 0.0010800000000000002, 0.0010800000000000002, 0.0010800000000000002, 0.0010800000000000002, 0.0010800000000000002, 0.0010800000000000002, 0.0010800000000000002, 0.0010800000000000002, 0.0010800000000000002, 0.0010800000000000002, 0.0010800000000000002, 0.0010800000000000002, 0.0010800000000000002, 0.0010800000000000002, 0.0010800000000000002, 0.0010800000000000002, 0.0010800000000000002, 0.0010800000000000002, 0.0010800000000000002, 0.0010800000000000002, 0.0010800000000000002, 0.0010800000000000002, 0.0010800000000000002, 0.0010800000000000002, 0.0010800000000000002, 0.0010800000000000002, 0.0010800000000000002, 0.0010800000000000002, 0.0010800000000000002, 0.0010800000000000002, 0.0010800000000000002, 0.0010800000000000002, 0.0010800000000000002, 0.0010800000000000002, 0.0010800000000000002, 0.0010800000000000002, 0.0012000000000000001, 0.0012000000000000001, 0.0012000000000000001, 0.0012000000000000001, 0.0012000000000000001, 0.0012000000000000001, 0.0012000000000000001, 0.0012000000000000001, 0.0012000000000000001, 0.0012000000000000001, 0.0012000000000000001, 0.0012000000000000001, 0.0012000000000000001, 0.0012000000000000001, 0.0012000000000000001, 0.0012000000000000001, 0.0012000000000000001, 0.0012000000000000001, 0.0012000000000000001, 0.0012000000000000001, 0.0012000000000000001, 0.0012000000000000001, 0.0012000000000000001, 0.0012000000000000001, 0.0012000000000000001, 0.0012000000000000001, 0.0012000000000000001, 0.0012000000000000001, 0.0012000000000000001, 0.0012000000000000001, 0.0012000000000000001, 0.0012000000000000001, 0.0012000000000000001, 0.0012000000000000001, 0.0012000000000000001, 0.0012000000000000001, 0.0012000000000000001, 0.0012000000000000001, 0.00132, 0.00132, 0.00132, 0.00132, 0.00132, 0.00132, 0.00132, 0.00132, 0.00132, 0.00132, 0.00132, 0.00132, 0.00132, 0.00132, 0.00132, 0.00132, 0.00132, 0.00132, 0.00132, 0.00132, 0.00132, 0.00144, 0.00156, 0.00156, 0.00156, 0.00156, 0.00156, 0.00156, 0.00156, 0.00156, 0.00156, 0.00156, 0.00156, 0.00156, 0.00156, 0.00156, 0.00156, 0.00156, 0.00156, 0.00156, 0.00156, 0.00156, 0.00156, 0.00156, 0.00156, 0.00156, 0.00156, 0.00156, 0.00156, 0.00156, 0.00156, 0.00156, 0.00156, 0.00156, 0.00156, 0.00156, 0.00156, 0.00156, 0.00156, 0.00156, 0.00156, 0.00156, 0.00168, 0.00168, 0.00168, 0.00168, 0.00168, 0.0018000000000000002, 0.0018000000000000002, 0.0018000000000000002, 0.0018000000000000002, 0.0018000000000000002, 0.0018000000000000002, 0.0018000000000000002, 0.00204, 0.00204, 0.00204, 0.00204, 0.00204, 0.00204, 0.00204, 0.00204, 0.00204, 0.00204, 0.00204, 0.00204, 0.00204, 0.00204, 0.00204, 0.00204, 0.00204, 0.00204, 0.00204, 0.00204, 0.00204, 0.00204, 0.00204, 0.00204, 0.0022800000000000003, 0.0022800000000000003, 0.0022800000000000003, 0.0022800000000000003, 0.0024000000000000002, 0.0024000000000000002, 0.0024000000000000002, 0.0024000000000000002, 0.0024000000000000002, 0.0024000000000000002, 0.0024000000000000002, 0.0024000000000000002, 0.0024000000000000002, 0.0024000000000000002, 0.0024000000000000002, 0.0024000000000000002, 0.00252, 0.00252, 0.00252, 0.00252, 0.00252, 0.00252, 0.00252, 0.00264, 0.00264, 0.00264, 0.00264, 0.00264, 0.00264, 0.00264, 0.00264, 0.00264, 0.00264, 0.00264, 0.00264, 0.00264, 0.00264, 0.00264, 0.00264, 0.00264, 0.00264, 0.00264, 0.00264, 0.00264, 0.00264, 0.00264, 0.00264, 0.00264, 0.00264, 0.00264, 0.00264, 0.00264, 0.00264, 0.00264, 0.00264, 0.00264, 0.00264, 0.00264, 0.00264, 0.00264, 0.00264, 0.00264, 0.00264, 0.00264, 0.00264, 0.00264, 0.00264, 0.00264, 0.00264, 0.00264, 0.00264, 0.00264, 0.00264, 0.00264, 0.00264, 0.00264, 0.00264, 0.00264, 0.00264, 0.00264, 0.00264, 0.00264, 0.00264, 0.00264, 0.00264, 0.00264, 0.00264, 0.00264, 0.00264, 0.00264, 0.0027600000000000003, 0.0027600000000000003, 0.0027600000000000003, 0.0027600000000000003, 0.0027600000000000003, 0.0027600000000000003, 0.0027600000000000003, 0.0027600000000000003, 0.00288, 0.00288, 0.00288, 0.00288, 0.00288, 0.00288, 0.00288, 0.00288, 0.00288, 0.00288, 0.00288, 0.00288, 0.00288, 0.00288, 0.00288, 0.00288, 0.00288, 0.00288, 0.00288, 0.00288, 0.00288, 0.00288, 0.00288, 0.00288, 0.00288, 0.00288, 0.00288, 0.0030000000000000005, 0.0030000000000000005, 0.0030000000000000005, 0.0030000000000000005, 0.0030000000000000005, 0.0030000000000000005, 0.0030000000000000005, 0.0030000000000000005, 0.0030000000000000005, 0.0030000000000000005, 0.0030000000000000005, 0.0030000000000000005, 0.0030000000000000005, 0.0030000000000000005, 0.0030000000000000005, 0.0030000000000000005, 0.0030000000000000005, 0.0030000000000000005, 0.0030000000000000005, 0.0030000000000000005, 0.0030000000000000005, 0.0030000000000000005, 0.0030000000000000005, 0.0030000000000000005, 0.0030000000000000005, 0.0030000000000000005, 0.0030000000000000005, 0.0030000000000000005, 0.0030000000000000005, 0.0030000000000000005, 0.0030000000000000005, 0.0030000000000000005, 0.0030000000000000005, 0.0030000000000000005, 0.0030000000000000005, 0.0030000000000000005, 0.0030000000000000005, 0.0030000000000000005, 0.0030000000000000005, 0.0030000000000000005, 0.0030000000000000005, 0.0030000000000000005, 0.0030000000000000005, 0.0030000000000000005, 0.0030000000000000005, 0.0030000000000000005, 0.0030000000000000005, 0.0030000000000000005, 0.0030000000000000005, 0.0030000000000000005, 0.0030000000000000005, 0.0030000000000000005, 0.0030000000000000005, 0.0030000000000000005, 0.0030000000000000005, 0.0030000000000000005, 0.0030000000000000005, 0.0030000000000000005, 0.0030000000000000005, 0.0030000000000000005, 0.0030000000000000005, 0.0030000000000000005, 0.0030000000000000005, 0.0030000000000000005, 0.0030000000000000005, 0.00312, 0.00312, 0.00312, 0.0032400000000000003, 0.0032400000000000003, 0.0032400000000000003, 0.0032400000000000003, 0.0032400000000000003, 0.0032400000000000003, 0.0032400000000000003, 0.0032400000000000003, 0.0032400000000000003, 0.0032400000000000003, 0.0032400000000000003, 0.0032400000000000003, 0.0032400000000000003, 0.0032400000000000003, 0.0032400000000000003, 0.0032400000000000003, 0.0032400000000000003, 0.0032400000000000003, 0.0032400000000000003, 0.0032400000000000003, 0.0032400000000000003, 0.0032400000000000003, 0.0033599999999999997, 0.0033599999999999997, 0.0033599999999999997, 0.0033599999999999997, 0.0033599999999999997, 0.0033599999999999997, 0.0033599999999999997, 0.0034799999999999996, 0.0034799999999999996, 0.0034799999999999996, 0.0036, 0.0036, 0.0036, 0.0036, 0.0036, 0.0036, 0.0036, 0.0036, 0.0036, 0.0036, 0.0037199999999999998, 0.0037199999999999998, 0.0037199999999999998, 0.0037199999999999998, 0.0037199999999999998, 0.0037199999999999998, 0.0037199999999999998, 0.0037199999999999998, 0.0037199999999999998, 0.0037199999999999998, 0.00384, 0.00396, 0.00408, 0.00408, 0.00408, 0.00408, 0.00408, 0.00408, 0.00408, 0.00408, 0.0042, 0.0042, 0.0042, 0.0042, 0.0042, 0.0042, 0.0042, 0.0042, 0.0042, 0.0042, 0.0042, 0.00432, 0.00432, 0.00432, 0.00432, 0.00432, 0.00432, 0.00432, 0.00432, 0.00432, 0.00432, 0.00432, 0.00432, 0.00432, 0.00432, 0.00444, 0.00444, 0.00444, 0.00444, 0.00444, 0.00444, 0.00444, 0.00444, 0.00444, 0.00444, 0.00444, 0.00444, 0.00444, 0.00444, 0.00444, 0.00444, 0.00444, 0.00444, 0.00444, 0.00444, 0.00444, 0.00444, 0.00444, 0.00456, 0.00456, 0.00456, 0.00456, 0.00468, 0.00468, 0.00468, 0.00468, 0.00468, 0.00468, 0.00468, 0.00468, 0.00468, 0.00468, 0.00468, 0.00468, 0.00468, 0.00468, 0.00468, 0.00468, 0.00468, 0.00468, 0.00468, 0.00468, 0.00468, 0.00468, 0.00468, 0.00468, 0.00468, 0.00468, 0.00468, 0.00468, 0.00468, 0.00468, 0.00468, 0.00468, 0.00468, 0.0048, 0.0048, 0.0048, 0.0048, 0.0048, 0.0048, 0.0048, 0.0048, 0.0048, 0.00504, 0.00504, 0.00504, 0.00504, 0.00504, 0.00504, 0.00504, 0.00504, 0.00504, 0.00504, 0.00504, 0.00504, 0.00504, 0.00504, 0.00504, 0.00504, 0.00504, 0.00504, 0.00504, 0.00504, 0.00504, 0.00504, 0.00504, 0.00504, 0.00504, 0.00504, 0.00504, 0.00504, 0.00504, 0.00504, 0.00504, 0.00504, 0.00504, 0.00504, 0.00504, 0.00504, 0.00504, 0.00504, 0.00504, 0.00504, 0.00504, 0.00504, 0.00504, 0.00504, 0.00504, 0.00504, 0.00504, 0.00504, 0.00504, 0.00504, 0.00504, 0.0051600000000000005, 0.0051600000000000005, 0.0051600000000000005, 0.0051600000000000005, 0.0051600000000000005, 0.0051600000000000005, 0.0051600000000000005, 0.0051600000000000005, 0.0051600000000000005, 0.0051600000000000005, 0.0051600000000000005, 0.0051600000000000005, 0.0051600000000000005, 0.0051600000000000005, 0.0051600000000000005, 0.0051600000000000005, 0.0051600000000000005, 0.0051600000000000005, 0.0051600000000000005, 0.0051600000000000005, 0.0051600000000000005, 0.0051600000000000005, 0.0051600000000000005, 0.0051600000000000005, 0.0051600000000000005, 0.0051600000000000005, 0.0051600000000000005, 0.0051600000000000005, 0.0051600000000000005, 0.0051600000000000005, 0.0051600000000000005, 0.0051600000000000005, 0.0051600000000000005, 0.0051600000000000005, 0.0051600000000000005, 0.0051600000000000005, 0.0051600000000000005, 0.00528, 0.00528, 0.00528, 0.00528, 0.00528, 0.00528, 0.00528, 0.00528, 0.00528, 0.00528, 0.00528, 0.00528, 0.0054, 0.005520000000000001, 0.005520000000000001, 0.005520000000000001, 0.005520000000000001, 0.005520000000000001, 0.005520000000000001, 0.005520000000000001, 0.005520000000000001, 0.005520000000000001, 0.005520000000000001, 0.005520000000000001, 0.005520000000000001, 0.005520000000000001, 0.005520000000000001, 0.005520000000000001, 0.005520000000000001, 0.005520000000000001, 0.005520000000000001, 0.005520000000000001, 0.005520000000000001, 0.005520000000000001, 0.005520000000000001, 0.005520000000000001, 0.005520000000000001, 0.005520000000000001, 0.005520000000000001, 0.005520000000000001, 0.005520000000000001, 0.005520000000000001, 0.005640000000000001, 0.005640000000000001, 0.005640000000000001, 0.005640000000000001, 0.005640000000000001, 0.005640000000000001, 0.005640000000000001, 0.005640000000000001, 0.005640000000000001, 0.005640000000000001, 0.00576, 0.00576, 0.00576, 0.00576, 0.00576, 0.00576, 0.00576, 0.00576, 0.00576, 0.00576, 0.00576, 0.00576, 0.00576, 0.00576, 0.00576, 0.00576, 0.00576, 0.00576, 0.00576, 0.00576, 0.00576, 0.00576, 0.00576, 0.00576, 0.00576, 0.00576, 0.00576, 0.00576, 0.00576, 0.00576, 0.00576, 0.00576, 0.005880000000000001, 0.005880000000000001, 0.006, 0.006, 0.006, 0.006119999999999999, 0.006119999999999999, 0.006119999999999999, 0.006119999999999999, 0.006119999999999999, 0.006119999999999999, 0.006119999999999999, 0.006119999999999999, 0.006119999999999999, 0.006119999999999999, 0.006119999999999999, 0.006119999999999999, 0.006119999999999999, 0.006119999999999999, 0.006119999999999999, 0.006119999999999999, 0.006119999999999999, 0.006119999999999999, 0.006119999999999999, 0.006119999999999999, 0.006119999999999999, 0.006119999999999999, 0.006119999999999999, 0.006119999999999999, 0.006119999999999999, 0.006119999999999999, 0.006119999999999999, 0.006119999999999999, 0.006119999999999999, 0.006119999999999999, 0.006119999999999999, 0.006119999999999999, 0.006119999999999999, 0.006239999999999999, 0.006239999999999999, 0.006239999999999999, 0.006239999999999999, 0.006239999999999999, 0.006239999999999999, 0.006239999999999999, 0.006239999999999999, 0.006239999999999999, 0.006239999999999999, 0.006239999999999999, 0.006239999999999999, 0.006239999999999999, 0.006239999999999999, 0.006359999999999999, 0.006359999999999999, 0.006359999999999999, 0.006359999999999999, 0.006359999999999999, 0.006479999999999999, 0.006479999999999999, 0.006479999999999999, 0.006479999999999999, 0.006479999999999999, 0.006479999999999999, 0.006479999999999999, 0.006479999999999999, 0.006479999999999999, 0.006479999999999999, 0.006479999999999999, 0.006479999999999999, 0.006479999999999999, 0.006479999999999999, 0.006479999999999999, 0.006479999999999999, 0.006599999999999999, 0.006599999999999999, 0.006599999999999999, 0.006599999999999999, 0.006599999999999999, 0.006599999999999999, 0.006599999999999999, 0.006599999999999999, 0.006599999999999999, 0.006599999999999999, 0.006599999999999999, 0.006599999999999999, 0.006599999999999999, 0.006599999999999999, 0.006599999999999999, 0.006599999999999999, 0.006599999999999999, 0.006599999999999999, 0.006599999999999999, 0.006719999999999999, 0.006719999999999999, 0.006719999999999999, 0.006719999999999999, 0.006719999999999999, 0.006719999999999999, 0.006719999999999999, 0.006719999999999999, 0.006719999999999999, 0.006719999999999999, 0.006719999999999999, 0.006719999999999999, 0.00684, 0.00684, 0.00684, 0.00684, 0.00684, 0.00684, 0.00684, 0.00684, 0.00684, 0.00684, 0.00684, 0.00684, 0.00684, 0.00684, 0.00684, 0.00684, 0.00684, 0.00684, 0.00684, 0.00684, 0.00684, 0.00684, 0.00684, 0.00684, 0.00684, 0.00684, 0.00684, 0.00684, 0.00684, 0.00684, 0.0072, 0.0072, 0.0072, 0.0072, 0.0072, 0.0072, 0.0072, 0.0072, 0.00732, 0.00732, 0.00732, 0.00732, 0.00732, 0.00732, 0.00732, 0.00732, 0.00732, 0.0074399999999999996, 0.0074399999999999996, 0.0074399999999999996, 0.0074399999999999996, 0.0074399999999999996, 0.0074399999999999996, 0.0074399999999999996, 0.00756, 0.00756, 0.00756, 0.00756, 0.00756, 0.00756, 0.00756, 0.00756, 0.00768, 0.00768, 0.00768, 0.00768, 0.00768, 0.00768, 0.00768, 0.00768, 0.00768, 0.00768, 0.00768, 0.00768, 0.00768, 0.00768, 0.00768, 0.00768, 0.0078000000000000005, 0.0078000000000000005, 0.0078000000000000005, 0.0078000000000000005, 0.0078000000000000005, 0.0078000000000000005, 0.0078000000000000005, 0.00792, 0.00792, 0.00792, 0.00804, 0.00804, 0.00804, 0.00804, 0.00804, 0.00804, 0.00816, 0.00816, 0.00816, 0.00816, 0.00816, 0.008280000000000001, 0.008280000000000001, 0.008280000000000001, 0.008280000000000001, 0.008280000000000001, 0.008280000000000001, 0.008280000000000001, 0.008280000000000001, 0.0084, 0.0084, 0.0084, 0.0084, 0.0084, 0.0084, 0.0084, 0.0084, 0.0084, 0.0084, 0.0084, 0.0084, 0.0084, 0.0084, 0.0084, 0.0084, 0.0084, 0.00852, 0.00852, 0.00852, 0.00852, 0.00852, 0.00852, 0.00852, 0.00852, 0.00852, 0.00852, 0.00852, 0.00852, 0.00852, 0.00852, 0.00852, 0.00852, 0.00852, 0.00852, 0.00852, 0.00852, 0.00852, 0.00852, 0.00852, 0.00852, 0.00852, 0.00852, 0.00852, 0.00852, 0.00852, 0.00852, 0.00852, 0.00852, 0.00852, 0.00852, 0.00852, 0.00852, 0.00852, 0.00852, 0.00852, 0.00852, 0.00852, 0.00852, 0.00852, 0.00852, 0.00852, 0.00852, 0.00852, 0.00852, 0.00852, 0.00852, 0.00852, 0.00852, 0.00852, 0.00852, 0.00852, 0.00852, 0.00852, 0.00852, 0.00852, 0.00852, 0.00852, 0.00852, 0.00852, 0.00852, 0.00864, 0.00864, 0.00864, 0.00864, 0.00864, 0.00864, 0.00864, 0.00864, 0.00864, 0.00864, 0.00876, 0.00876, 0.00876, 0.00876, 0.00876, 0.00876, 0.00888, 0.00888, 0.00888, 0.00888, 0.00888, 0.00888, 0.00888, 0.00888, 0.00888, 0.00888, 0.00888, 0.00888, 0.00888, 0.00888, 0.00888, 0.00888, 0.00888, 0.00888, 0.00888, 0.00888, 0.00888, 0.00888, 0.00888, 0.00888, 0.00888, 0.00888, 0.00888, 0.00888, 0.00888, 0.00888, 0.00888, 0.00888, 0.00888, 0.00888, 0.00888, 0.00888, 0.00888, 0.00888, 0.00888, 0.00888, 0.00888, 0.00888, 0.00888, 0.00888, 0.00888, 0.00888, 0.00888, 0.00888, 0.00888, 0.00888, 0.00888, 0.00888, 0.00888, 0.00888, 0.00888, 0.00888, 0.009000000000000001, 0.009000000000000001, 0.009000000000000001, 0.009000000000000001, 0.009000000000000001, 0.009000000000000001, 0.009000000000000001, 0.009000000000000001, 0.009000000000000001, 0.009000000000000001, 0.009000000000000001, 0.009000000000000001, 0.009000000000000001, 0.009000000000000001, 0.009000000000000001, 0.009000000000000001, 0.009000000000000001, 0.009000000000000001, 0.009000000000000001, 0.009000000000000001, 0.009000000000000001, 0.009000000000000001, 0.009000000000000001, 0.009000000000000001, 0.009000000000000001, 0.009000000000000001, 0.009000000000000001, 0.009000000000000001, 0.009000000000000001, 0.009000000000000001, 0.009000000000000001, 0.009000000000000001, 0.009000000000000001, 0.009000000000000001, 0.009000000000000001, 0.009000000000000001, 0.009000000000000001, 0.009000000000000001, 0.009000000000000001, 0.009000000000000001, 0.009000000000000001, 0.009000000000000001, 0.009000000000000001, 0.009000000000000001, 0.009000000000000001, 0.009000000000000001, 0.009000000000000001, 0.009000000000000001, 0.009000000000000001, 0.009000000000000001, 0.009000000000000001, 0.009000000000000001, 0.009000000000000001, 0.009000000000000001, 0.009000000000000001, 0.009000000000000001, 0.009000000000000001, 0.009000000000000001, 0.009000000000000001, 0.009000000000000001, 0.009000000000000001, 0.009000000000000001, 0.009000000000000001, 0.00912, 0.00912, 0.00912, 0.00912, 0.00912, 0.00912, 0.00912, 0.00924, 0.00924, 0.00924, 0.00924, 0.00924, 0.00936, 0.00936, 0.00936, 0.00936, 0.00936, 0.00936, 0.00936, 0.00936, 0.00936, 0.00948, 0.00948, 0.00948, 0.00948, 0.00948, 0.00948, 0.00948, 0.00948, 0.00948, 0.00948, 0.00948, 0.00948, 0.00948, 0.00948, 0.009600000000000001, 0.009600000000000001, 0.009600000000000001, 0.009600000000000001, 0.009600000000000001, 0.009600000000000001, 0.009600000000000001, 0.009600000000000001, 0.009600000000000001, 0.009600000000000001, 0.009600000000000001, 0.009600000000000001, 0.009600000000000001, 0.009600000000000001, 0.009600000000000001, 0.009600000000000001, 0.009600000000000001, 0.009600000000000001, 0.009600000000000001, 0.009720000000000001, 0.009720000000000001, 0.009720000000000001, 0.009720000000000001, 0.009720000000000001, 0.009720000000000001, 0.009720000000000001, 0.009720000000000001, 0.009720000000000001, 0.009720000000000001, 0.009720000000000001, 0.009720000000000001, 0.009720000000000001, 0.009720000000000001, 0.009720000000000001, 0.009720000000000001, 0.009720000000000001, 0.009720000000000001, 0.009720000000000001, 0.009720000000000001, 0.009720000000000001, 0.009720000000000001, 0.009720000000000001, 0.009720000000000001, 0.009720000000000001, 0.009720000000000001, 0.009720000000000001, 0.009720000000000001, 0.009840000000000002, 0.009840000000000002, 0.009840000000000002, 0.009840000000000002, 0.009840000000000002, 0.009840000000000002, 0.009840000000000002, 0.009840000000000002, 0.009840000000000002, 0.009840000000000002, 0.009840000000000002, 0.009840000000000002, 0.009840000000000002, 0.009840000000000002, 0.009840000000000002, 0.009840000000000002, 0.009840000000000002, 0.009840000000000002, 0.009840000000000002, 0.009840000000000002, 0.009960000000000002, 0.009960000000000002, 0.009960000000000002, 0.009960000000000002, 0.009960000000000002, 0.009960000000000002, 0.009960000000000002, 0.009960000000000002, 0.009960000000000002, 0.009960000000000002, 0.009960000000000002, 0.009960000000000002, 0.01008, 0.01008, 0.01008, 0.01008, 0.01008, 0.01008, 0.01008, 0.01008, 0.01008, 0.01008, 0.01008, 0.01008, 0.01008, 0.01008, 0.01008, 0.01008, 0.0102, 0.0102, 0.0102, 0.0102, 0.0102, 0.0102, 0.0102, 0.010320000000000001, 0.010320000000000001, 0.01044, 0.01044, 0.01044, 0.01044, 0.01044, 0.01044, 0.01044, 0.01044, 0.01044, 0.01044, 0.01044, 0.01044, 0.01044, 0.01044, 0.01044, 0.01044, 0.01044, 0.01044, 0.01044, 0.01044, 0.01044, 0.01056, 0.01056, 0.01056, 0.01056, 0.01056, 0.01056, 0.01056, 0.01056, 0.01056, 0.01056, 0.01056, 0.01068, 0.01068, 0.01068, 0.01068, 0.01068, 0.010799999999999999, 0.010799999999999999, 0.010799999999999999, 0.010799999999999999, 0.010799999999999999, 0.010799999999999999, 0.010799999999999999, 0.010799999999999999, 0.010799999999999999, 0.010799999999999999, 0.01092, 0.01092, 0.01092, 0.01092, 0.01092, 0.01092, 0.01092, 0.01092, 0.01092, 0.01104, 0.01104, 0.01104, 0.01104, 0.01104, 0.01104, 0.01104, 0.01104, 0.01104, 0.01104, 0.01104, 0.01104, 0.01104, 0.01104, 0.011159999999999998, 0.011159999999999998, 0.011159999999999998, 0.011159999999999998, 0.011159999999999998, 0.011159999999999998, 0.011159999999999998, 0.011159999999999998, 0.011159999999999998, 0.011159999999999998, 0.011159999999999998, 0.011159999999999998, 0.011159999999999998, 0.011159999999999998, 0.011159999999999998, 0.011159999999999998, 0.011159999999999998, 0.011159999999999998, 0.011159999999999998, 0.011159999999999998, 0.011159999999999998, 0.011159999999999998, 0.011159999999999998, 0.011159999999999998, 0.011159999999999998, 0.011159999999999998, 0.011159999999999998, 0.011159999999999998, 0.011159999999999998, 0.011159999999999998, 0.011159999999999998, 0.011159999999999998, 0.011159999999999998, 0.011159999999999998, 0.011159999999999998, 0.011159999999999998, 0.011159999999999998, 0.011159999999999998, 0.011159999999999998, 0.011159999999999998, 0.011159999999999998, 0.011159999999999998, 0.011159999999999998, 0.011159999999999998, 0.011159999999999998, 0.011279999999999998, 0.011279999999999998, 0.011279999999999998, 0.011279999999999998, 0.011399999999999999, 0.011399999999999999, 0.011399999999999999, 0.011399999999999999, 0.011519999999999999, 0.011519999999999999, 0.011519999999999999, 0.011519999999999999, 0.011519999999999999, 0.011519999999999999, 0.011519999999999999, 0.01164, 0.01164, 0.01164, 0.01164, 0.01164, 0.01164, 0.01164, 0.01152, 0.01152, 0.01152, 0.01152, 0.011640000000000001, 0.011640000000000001, 0.011640000000000001, 0.011640000000000001, 0.011640000000000001, 0.011640000000000001, 0.011640000000000001, 0.011640000000000001, 0.011640000000000001, 0.011640000000000001, 0.011640000000000001, 0.011640000000000001, 0.011640000000000001, 0.011640000000000001, 0.011640000000000001, 0.011760000000000001, 0.011760000000000001, 0.011760000000000001, 0.011760000000000001, 0.011760000000000001, 0.011760000000000001, 0.011760000000000001, 0.01188, 0.01188, 0.01188, 0.01188, 0.01188, 0.01188, 0.01188, 0.01188, 0.01188, 0.01188, 0.01188, 0.01188, 0.01188, 0.01188, 0.01188, 0.01188, 0.01188, 0.01188, 0.01188, 0.01188, 0.01188, 0.01188, 0.01188, 0.01188, 0.01188, 0.01188, 0.01188, 0.01188, 0.01188, 0.01188, 0.012, 0.012, 0.012, 0.012, 0.012, 0.012, 0.012, 0.012, 0.012, 0.012, 0.012, 0.012, 0.012, 0.012, 0.012119999999999999, 0.012119999999999999, 0.012119999999999999, 0.012119999999999999, 0.012119999999999999, 0.012119999999999999, 0.012119999999999999, 0.012119999999999999, 0.012119999999999999, 0.012119999999999999, 0.012119999999999999, 0.012119999999999999, 0.012119999999999999, 0.012119999999999999, 0.012119999999999999, 0.012119999999999999, 0.012119999999999999, 0.012119999999999999, 0.012119999999999999, 0.012119999999999999, 0.012119999999999999, 0.012119999999999999, 0.012119999999999999, 0.012119999999999999, 0.012119999999999999, 0.012119999999999999, 0.012119999999999999, 0.012119999999999999, 0.012119999999999999, 0.012119999999999999, 0.012119999999999999, 0.012119999999999999, 0.012119999999999999, 0.012119999999999999, 0.012119999999999999, 0.012119999999999999, 0.012119999999999999, 0.012119999999999999, 0.012119999999999999, 0.012119999999999999, 0.012119999999999999, 0.012119999999999999, 0.012119999999999999, 0.012119999999999999, 0.012119999999999999, 0.012119999999999999, 0.012119999999999999, 0.012119999999999999, 0.012119999999999999, 0.012119999999999999, 0.012119999999999999, 0.01224, 0.01224, 0.01224, 0.01224, 0.01224, 0.01224, 0.01224, 0.01224, 0.01224, 0.01224, 0.01224, 0.01224, 0.01224, 0.01224, 0.01224, 0.01224, 0.01224, 0.01224, 0.01224, 0.01236, 0.01236, 0.01236, 0.01236, 0.01236, 0.01236, 0.01236, 0.01236, 0.01236, 0.01248, 0.01248, 0.01248, 0.01248, 0.01248, 0.01248, 0.01248, 0.01248, 0.01248, 0.01248, 0.01248, 0.01248, 0.01248, 0.01248, 0.01248, 0.01248, 0.01248, 0.01248, 0.01248, 0.01248, 0.01248, 0.01248, 0.01248, 0.01248, 0.0126, 0.0126, 0.0126, 0.01272, 0.01272, 0.01272, 0.01272, 0.01272, 0.01272, 0.01272, 0.01272, 0.01272, 0.01272, 0.01272, 0.01284, 0.01284, 0.01284, 0.01284, 0.01284, 0.01284, 0.01284, 0.01284, 0.012960000000000001, 0.012960000000000001, 0.012960000000000001, 0.012960000000000001, 0.012960000000000001, 0.012960000000000001, 0.012960000000000001, 0.012960000000000001, 0.013080000000000001, 0.013080000000000001, 0.013080000000000001, 0.013080000000000001, 0.013080000000000001, 0.013080000000000001, 0.013080000000000001, 0.013080000000000001, 0.013080000000000001, 0.013080000000000001, 0.013080000000000001, 0.013080000000000001, 0.013080000000000001, 0.013080000000000001, 0.013080000000000001, 0.013080000000000001, 0.013080000000000001, 0.0132, 0.0132, 0.0132, 0.0132, 0.0132, 0.0132, 0.0132, 0.0132, 0.0132, 0.01332, 0.01332, 0.01332, 0.01332, 0.01332, 0.01332, 0.013439999999999999, 0.013439999999999999, 0.013439999999999999, 0.013439999999999999, 0.013439999999999999, 0.013439999999999999, 0.013439999999999999, 0.013439999999999999, 0.013439999999999999, 0.013439999999999999, 0.013439999999999999, 0.013439999999999999, 0.013439999999999999, 0.013439999999999999, 0.013439999999999999, 0.013439999999999999, 0.013439999999999999, 0.013439999999999999, 0.013439999999999999, 0.013439999999999999, 0.013439999999999999, 0.013439999999999999, 0.013439999999999999, 0.013439999999999999, 0.013439999999999999, 0.013439999999999999, 0.013439999999999999, 0.013439999999999999, 0.013439999999999999, 0.013439999999999999, 0.013439999999999999, 0.013439999999999999, 0.013439999999999999, 0.013439999999999999, 0.013439999999999999, 0.013439999999999999, 0.013439999999999999, 0.013439999999999999, 0.013439999999999999, 0.013439999999999999, 0.01356, 0.01356, 0.01356, 0.01368, 0.01368, 0.01368, 0.01368, 0.01368, 0.01368, 0.01368, 0.01368, 0.01368, 0.01368, 0.0138, 0.0138, 0.013919999999999998, 0.013919999999999998, 0.013919999999999998, 0.013919999999999998, 0.013919999999999998, 0.013919999999999998, 0.013919999999999998, 0.013919999999999998, 0.013919999999999998, 0.013919999999999998, 0.013919999999999998, 0.013919999999999998, 0.013919999999999998, 0.013919999999999998, 0.013919999999999998, 0.013919999999999998, 0.013919999999999998, 0.013919999999999998, 0.013919999999999998, 0.013919999999999998, 0.013919999999999998, 0.013919999999999998, 0.014039999999999999, 0.014039999999999999, 0.014039999999999999, 0.014039999999999999, 0.014039999999999999, 0.014039999999999999, 0.014039999999999999, 0.014039999999999999, 0.014039999999999999, 0.014039999999999999, 0.014039999999999999, 0.014039999999999999, 0.014159999999999999, 0.014159999999999999, 0.014159999999999999, 0.014159999999999999, 0.01428, 0.0144, 0.0144, 0.0144, 0.0144, 0.0144, 0.0144, 0.01452, 0.01452, 0.01452, 0.01452, 0.01452, 0.01452, 0.01452, 0.01452, 0.01464, 0.01464, 0.01464, 0.01464, 0.01464, 0.01464, 0.01476, 0.01476, 0.01476, 0.01476, 0.01476, 0.01476, 0.01476, 0.01476, 0.01476, 0.014879999999999999, 0.014879999999999999, 0.014879999999999999, 0.014879999999999999, 0.014879999999999999, 0.014879999999999999, 0.014879999999999999, 0.014879999999999999, 0.014879999999999999, 0.014879999999999999, 0.014879999999999999, 0.014879999999999999, 0.014879999999999999, 0.01524, 0.01524, 0.01548, 0.01572, 0.01572, 0.01572, 0.01584, 0.01584, 0.01584, 0.01584, 0.01584, 0.01584, 0.015960000000000002, 0.015960000000000002, 0.015960000000000002, 0.015960000000000002, 0.01608, 0.016200000000000003, 0.016200000000000003, 0.016200000000000003, 0.016200000000000003, 0.01632, 0.016560000000000002, 0.016560000000000002, 0.016560000000000002, 0.016560000000000002, 0.016560000000000002, 0.016560000000000002, 0.016560000000000002, 0.016560000000000002, 0.01668, 0.01668, 0.01668, 0.01668, 0.01668, 0.01668, 0.01668, 0.0168, 0.0168, 0.01692, 0.01692, 0.01692, 0.01692, 0.01704, 0.01704, 0.01704, 0.01704, 0.01704, 0.01704, 0.017159999999999998, 0.017159999999999998, 0.01728, 0.01728, 0.0174, 0.0174, 0.0174, 0.0174, 0.0174, 0.01752, 0.01764, 0.01764, 0.01764, 0.01764, 0.01776, 0.01788, 0.018000000000000002, 0.01812, 0.01812, 0.01812, 0.01824, 0.01836, 0.01836, 0.018600000000000002, 0.018600000000000002, 0.018600000000000002, 0.01872, 0.018840000000000003, 0.018840000000000003, 0.018840000000000003, 0.018840000000000003, 0.01896, 0.01896, 0.01896, 0.019200000000000002, 0.019200000000000002, 0.019200000000000002, 0.01932, 0.019440000000000002, 0.019440000000000002, 0.0198, 0.01992, 0.02004, 0.02004, 0.02016, 0.02028, 0.02028, 0.0204, 0.0204, 0.0204, 0.0204, 0.0204, 0.02052, 0.020640000000000002, 0.02076, 0.02088, 0.02088, 0.02112, 0.021240000000000002, 0.021240000000000002, 0.021240000000000002, 0.02136, 0.02136, 0.02136, 0.02136, 0.021480000000000003, 0.021480000000000003, 0.0216, 0.0216, 0.021720000000000003, 0.021720000000000003, 0.021840000000000002, 0.021840000000000002, 0.021840000000000002, 0.021840000000000002, 0.021840000000000002, 0.021840000000000002, 0.02196, 0.022080000000000002, 0.0222, 0.0222, 0.022320000000000003, 0.02244, 0.02244, 0.022680000000000002, 0.0228, 0.0228, 0.022920000000000003, 0.02304, 0.02304, 0.02304, 0.02304, 0.02304, 0.023160000000000004, 0.023160000000000004, 0.023160000000000004, 0.023160000000000004, 0.023160000000000004, 0.023160000000000004, 0.023520000000000003, 0.023760000000000003, 0.023760000000000003, 0.024000000000000004, 0.024000000000000004, 0.02412, 0.024239999999999998, 0.024479999999999995, 0.024719999999999995, 0.024719999999999995, 0.024719999999999995, 0.02484, 0.024959999999999996, 0.02508, 0.025199999999999997, 0.025199999999999997, 0.025199999999999997, 0.025199999999999997, 0.02532, 0.025439999999999997, 0.02556, 0.025679999999999994, 0.025679999999999994, 0.025679999999999994, 0.025679999999999994, 0.025919999999999995, 0.02604, 0.02604, 0.02604, 0.02604, 0.02628, 0.026399999999999996, 0.026520000000000002, 0.026639999999999997, 0.026639999999999997, 0.026879999999999998, 0.026879999999999998, 0.027000000000000003, 0.027000000000000003, 0.027000000000000003, 0.02712, 0.02712, 0.02712, 0.02748, 0.02772, 0.02772, 0.027839999999999997, 0.02796, 0.028079999999999997, 0.028079999999999997, 0.028079999999999997, 0.0282, 0.028319999999999998, 0.028319999999999998, 0.028319999999999998, 0.028679999999999997, 0.028919999999999998, 0.02904, 0.0294, 0.0294, 0.029759999999999998, 0.029759999999999998, 0.02988, 0.03012, 0.03036, 0.03048, 0.030600000000000002, 0.030600000000000002, 0.03072, 0.03084, 0.03096, 0.031200000000000002, 0.031200000000000002, 0.031200000000000002, 0.031200000000000002, 0.031200000000000002, 0.031319999999999994, 0.03144, 0.03156, 0.03156, 0.03168, 0.03168, 0.03168, 0.031799999999999995, 0.03204, 0.03216, 0.03252, 0.03264, 0.03264, 0.03288, 0.033, 0.033, 0.033, 0.03324, 0.03324, 0.03324, 0.03324, 0.03324, 0.03324, 0.03324, 0.03324, 0.03324, 0.03324, 0.03324, 0.03336, 0.03336, 0.03336, 0.0336, 0.0336, 0.0336, 0.0336, 0.03372, 0.03372, 0.03372, 0.03407999999999999, 0.0342, 0.0342, 0.03444, 0.0348, 0.03528, 0.03528, 0.0354, 0.035519999999999996, 0.03564, 0.03575999999999999, 0.03588, 0.03588, 0.03588, 0.036, 0.036, 0.03636, 0.03636, 0.03648, 0.0366, 0.036719999999999996, 0.036719999999999996, 0.036840000000000005, 0.036840000000000005, 0.036840000000000005, 0.03708, 0.03708, 0.0372, 0.03744, 0.03768, 0.0378, 0.037919999999999995, 0.037919999999999995, 0.03816, 0.03816, 0.0384, 0.03864, 0.03864, 0.03876, 0.03888, 0.039240000000000004, 0.03936, 0.03948, 0.039599999999999996, 0.03972, 0.03996, 0.04019999999999999, 0.040440000000000004, 0.040440000000000004, 0.040679999999999994, 0.040679999999999994, 0.0408, 0.04092, 0.04103999999999999, 0.0414, 0.0414, 0.0414, 0.0414, 0.04176, 0.04188, 0.041999999999999996, 0.04224, 0.04224, 0.04224, 0.0426, 0.04283999999999999, 0.04283999999999999, 0.04283999999999999, 0.04295999999999999, 0.04295999999999999, 0.04295999999999999, 0.04308, 0.04343999999999999, 0.04368, 0.04368, 0.044039999999999996, 0.04416, 0.044399999999999995, 0.04452, 0.04463999999999999, 0.04463999999999999, 0.044879999999999996, 0.045, 0.04523999999999999, 0.04523999999999999, 0.04536, 0.04548, 0.045720000000000004, 0.04584, 0.04596, 0.04596, 0.04596, 0.046079999999999996, 0.0462, 0.04632, 0.04644, 0.046560000000000004, 0.04668, 0.04668, 0.046799999999999994, 0.046799999999999994, 0.04704, 0.047159999999999994, 0.04752, 0.047639999999999995, 0.047880000000000006, 0.048119999999999996, 0.04824, 0.04836, 0.048600000000000004, 0.048600000000000004, 0.04872, 0.0492, 0.04932, 0.04944000000000001, 0.04944000000000001, 0.049800000000000004, 0.049920000000000006, 0.050280000000000005, 0.0504, 0.05052, 0.05064, 0.05124000000000001, 0.051480000000000005, 0.051480000000000005, 0.051480000000000005, 0.05172000000000001, 0.05172000000000001, 0.05208, 0.0522, 0.05244, 0.05244, 0.05244, 0.05244, 0.05256, 0.052680000000000005, 0.052680000000000005, 0.0528, 0.053160000000000006, 0.05364000000000001, 0.05376, 0.05376, 0.05388, 0.05412000000000001, 0.05412000000000001, 0.054240000000000003, 0.054240000000000003, 0.054360000000000006, 0.05460000000000001, 0.05460000000000001, 0.054720000000000005, 0.05496, 0.05532, 0.05532, 0.05532, 0.05555999999999999, 0.05567999999999999, 0.0558, 0.056159999999999995, 0.056159999999999995, 0.05652, 0.05652, 0.056760000000000005, 0.05688000000000001, 0.05688000000000001, 0.05688000000000001, 0.056999999999999995, 0.05712, 0.05724, 0.057479999999999996, 0.057479999999999996, 0.05772, 0.057839999999999996, 0.057839999999999996, 0.057839999999999996, 0.05808, 0.058199999999999995, 0.05856, 0.05891999999999999, 0.05891999999999999, 0.05904, 0.05904, 0.05916, 0.05927999999999999, 0.05927999999999999, 0.059519999999999997, 0.059519999999999997, 0.05964, 0.06011999999999999, 0.06011999999999999, 0.06048, 0.06048, 0.06048, 0.06084, 0.06108, 0.06132, 0.06144, 0.06156, 0.06156, 0.06168, 0.06168, 0.06192, 0.06192, 0.06204, 0.062279999999999995, 0.06251999999999999, 0.06251999999999999, 0.06263999999999999, 0.06263999999999999, 0.06276, 0.06336, 0.06336, 0.06336, 0.06359999999999999, 0.06372, 0.06384000000000001, 0.06444, 0.06455999999999999, 0.06480000000000001, 0.06480000000000001, 0.06480000000000001, 0.06491999999999999, 0.06516, 0.0654, 0.06552, 0.06552, 0.06576, 0.06588, 0.06588, 0.06588, 0.066, 0.066, 0.066, 0.06624000000000001, 0.06624000000000001, 0.06624000000000001, 0.0666, 0.06684, 0.06684, 0.06695999999999999, 0.0672, 0.06731999999999999, 0.06731999999999999, 0.06731999999999999, 0.06743999999999999, 0.06756, 0.06768, 0.06768, 0.06792, 0.06792, 0.06803999999999999, 0.06803999999999999, 0.06803999999999999, 0.06803999999999999, 0.06816, 0.06828000000000001, 0.06852, 0.06852, 0.06852, 0.06863999999999999, 0.06863999999999999, 0.06863999999999999, 0.06876, 0.069, 0.06912, 0.06924, 0.06936, 0.06936, 0.06936, 0.06948, 0.06948, 0.06948, 0.0696, 0.06984, 0.06996, 0.07008, 0.0702]","[0.0, 0.0, 0.0, 0.0, 0.0, 8.0e-5, 8.0e-5, 8.0e-5, 0.00016, 0.00016, 0.00016, 0.00016, 0.00016, 0.00016, 0.00016, 0.00016, 0.00024, 0.00016, 0.00016, 0.00016, 0.00016, 0.00016, 0.00016, 0.00024, 0.00032, 0.00032, 0.00032, 0.0004, 0.00032, 0.00032, 0.0004, 0.00048, 0.00048, 0.0004, 0.0004, 0.0004, 0.0004, 0.0004, 0.0004, 0.0004, 0.00048, 0.00048, 0.00048, 0.00048, 0.0004, 0.0004, 0.0004, 0.0004, 0.00048, 0.00048, 0.00064, 0.00064, 0.00064, 0.00064, 0.00064, 0.00064, 0.0005600000000000001, 0.0005600000000000001, 0.0005600000000000001, 0.00048, 0.00048, 0.00048, 0.0004, 0.0004, 0.0004, 0.00032, 0.00032, 0.0004, 0.0004, 0.0004, 0.0004, 0.0004, 0.0004, 0.0004, 0.00032, 0.00032, 0.00032, 0.0004, 0.0004, 0.00032, 0.00032, 0.00024, 0.00024, 0.00024, 0.00024, 0.00024, 0.00024, 0.00024, 0.00024, 0.00024, 0.00024, 0.00016, 8.0e-5, 8.0e-5, 0.00016, 0.00016, 0.00016, 0.00016, 0.00016, 0.00016, 0.00016, 0.00016, 0.00016, 0.00016, 0.00016, 0.00016, 0.00016, 0.00016, 0.00016, 0.00024, 0.00024, 0.00032, 0.00032, 0.0004, 0.0004, 0.0004, 0.0004, 0.0004, 0.00048, 0.00048, 0.00048, 0.00048, 0.0004, 0.0004, 0.0005600000000000001, 0.0005600000000000001, 0.0005600000000000001, 0.00048, 0.00048, 0.00048, 0.0004, 0.0004, 0.00048, 0.0005600000000000001, 0.0005600000000000001, 0.00048, 0.0005600000000000001, 0.0005600000000000001, 0.00048, 0.00048, 0.00048, 0.0004, 0.00032, 0.0004, 0.00032, 0.00032, 0.00032, 0.00032, 0.00032, 0.00032, 0.00024, 0.00024, 0.0004, 0.0004, 0.00032, 0.0004, 0.00032, 0.00024, 0.00024, 0.00032, 0.00032, 0.00032, 0.00032, 0.0004, 0.0004, 0.0004, 0.0004, 0.0004, 0.00032, 0.00032, 0.00024, 0.00024, 0.00024, 0.0004, 0.0004, 0.0004, 0.0004, 0.00048, 0.00048, 0.0005600000000000001, 0.00072, 0.00072, 0.00072, 0.00072, 0.00064, 0.00072, 0.00072, 0.0008000000000000001, 0.0008000000000000001, 0.00072, 0.00064, 0.00064, 0.00064, 0.00064, 0.00064, 0.0005600000000000001, 0.00064, 0.00064, 0.00064, 0.00064, 0.00064, 0.00064, 0.00072, 0.00072, 0.00072, 0.0008, 0.00072, 0.0008, 0.0008, 0.0008, 0.0008, 0.0008799999999999999, 0.0008, 0.0008, 0.0008, 0.0008, 0.0008, 0.0008, 0.00072, 0.00072, 0.00072, 0.00072, 0.00072, 0.0008, 0.0008, 0.0008, 0.0008799999999999999, 0.0008799999999999999, 0.0008799999999999999, 0.0008799999999999999, 0.0008, 0.0008, 0.0008799999999999999, 0.0008799999999999999, 0.0008799999999999999, 0.0008, 0.0008799999999999999, 0.0008, 0.0008799999999999999, 0.00096, 0.0008799999999999999, 0.00096, 0.0008, 0.0008, 0.0008, 0.00072, 0.00072, 0.00072, 0.00064, 0.00064, 0.00072, 0.0008, 0.0008, 0.0008, 0.0008, 0.0008, 0.0008, 0.0008, 0.00072, 0.00072, 0.00072, 0.00072, 0.00072, 0.00072, 0.00072, 0.00064, 0.00048, 0.0005600000000000001, 0.0005600000000000001, 0.0005600000000000001, 0.00048, 0.00048, 0.00048, 0.00048, 0.00048, 0.00048, 0.00048, 0.00048, 0.00048, 0.00048, 0.0005600000000000001, 0.00064, 0.00072, 0.00072, 0.00072, 0.00072, 0.00072, 0.00072, 0.00064, 0.0005600000000000001, 0.0005600000000000001, 0.0005600000000000001, 0.0005600000000000001, 0.00048, 0.0004, 0.00032, 0.00024, 0.00024, 0.0004, 0.0004, 0.0004, 0.00048, 0.00048, 0.00048, 0.00048, 0.00048, 0.00048, 0.0005600000000000001, 0.0005600000000000001, 0.0004, 0.00048, 0.0005600000000000001, 0.0005600000000000001, 0.00064, 0.00064, 0.00064, 0.00064, 0.00064, 0.0005600000000000001, 0.0005600000000000001, 0.0005600000000000001, 0.00064, 0.00064, 0.00064, 0.00064, 0.0005600000000000001, 0.00048, 0.0005600000000000001, 0.0005600000000000001, 0.00072, 0.00072, 0.0008, 0.0008, 0.0008, 0.0008, 0.00072, 0.00072, 0.00072, 0.00072, 0.00072, 0.00072, 0.00072, 0.0008, 0.0008, 0.0008, 0.0008, 0.00072, 0.00072, 0.00072, 0.0008, 0.0008, 0.0008799999999999999, 0.00096, 0.00096, 0.00096, 0.00096, 0.0008799999999999999, 0.0008, 0.0008, 0.0008799999999999999, 0.0008799999999999999, 0.00072, 0.0008, 0.00072, 0.00064, 0.00072, 0.00064, 0.00064, 0.00064, 0.00064, 0.00064, 0.00064, 0.00072, 0.00072, 0.0008, 0.0008799999999999999, 0.00096, 0.0008799999999999999, 0.0008799999999999999, 0.0008799999999999999, 0.0008799999999999999, 0.0008799999999999999, 0.00096, 0.0008800000000000001, 0.0008800000000000001, 0.0008800000000000001, 0.0008800000000000001, 0.0008800000000000001, 0.0008800000000000001, 0.00096, 0.00096, 0.0008799999999999999, 0.00096, 0.00096, 0.0010400000000000001, 0.0010400000000000001, 0.00096, 0.0008799999999999999, 0.0008, 0.00072, 0.00064, 0.00064, 0.00064, 0.00064, 0.0005600000000000001, 0.00064, 0.00048, 0.00048, 0.00048, 0.00032, 0.0004, 0.0004, 0.0004, 0.00048, 0.0004, 0.0004, 0.0005600000000000001, 0.00048, 0.00048, 0.00048, 0.00048, 0.00048, 0.00048, 0.00048, 0.0004, 0.0004, 0.0004, 0.00048, 0.0004, 0.0004, 0.0004, 0.0004, 0.0004, 0.0004, 0.0004, 0.0004, 0.0004, 0.00048, 0.00048, 0.00048, 0.00048, 0.00048, 0.00048, 0.00048, 0.00048, 0.00048, 0.00048, 0.00048, 0.00048, 0.00048, 0.00048, 0.0004, 0.0004, 0.0005600000000000001, 0.0005600000000000001, 0.0005600000000000001, 0.0005600000000000001, 0.0005600000000000001, 0.00048, 0.0004, 0.0004, 0.0004, 0.0004, 0.0004, 0.0004, 0.0004, 0.0004, 0.0004, 0.00048, 0.00048, 0.0005600000000000001, 0.00048, 0.00048, 0.0005600000000000001, 0.0005600000000000001, 0.0005600000000000001, 0.00064, 0.00064, 0.00064, 0.00064, 0.00064, 0.0005600000000000001, 0.0005600000000000001, 0.00064, 0.00064, 0.00072, 0.0008, 0.0008, 0.00072, 0.00072, 0.00064, 0.0005600000000000001, 0.0005600000000000001, 0.00072, 0.0008, 0.0008, 0.0008, 0.0008, 0.0008, 0.0008, 0.00072, 0.00064, 0.00064, 0.0005600000000000001, 0.0005600000000000001, 0.0005600000000000001, 0.0005600000000000001, 0.0005600000000000001, 0.0005600000000000001, 0.00064, 0.00064, 0.0005600000000000001, 0.00048, 0.0004, 0.0004, 0.0004, 0.0004, 0.0004, 0.0004, 0.0004, 0.0004, 0.00032, 0.00032, 0.00032, 0.0004, 0.0004, 0.0004, 0.0004, 0.0004, 0.0004, 0.00032, 0.00032, 0.00032, 0.00032, 0.0004, 0.0004, 0.00032, 0.00032, 0.00032, 0.00032, 0.0004, 0.00032, 0.00032, 0.00032, 0.0004, 0.0004, 0.0004, 0.0004, 0.0004, 0.0004, 0.0004, 0.00048, 0.00048, 0.0005600000000000001, 0.0005600000000000001, 0.0005600000000000001, 0.00048, 0.00048, 0.00032, 0.00032, 0.00024, 0.00048, 0.0005600000000000001, 0.0005600000000000001, 0.0005600000000000001, 0.0005600000000000001, 0.0005600000000000001, 0.00072, 0.0008, 0.00072, 0.00072, 0.00064, 0.00064, 0.0005600000000000001, 0.00064, 0.00072, 0.00064, 0.00064, 0.0005600000000000001, 0.0008, 0.0008, 0.0008, 0.00064, 0.00064, 0.00064, 0.00064, 0.00072, 0.00064, 0.0005600000000000001, 0.0005600000000000001, 0.00064, 0.00072, 0.00064, 0.00064, 0.0005600000000000001, 0.00048, 0.00048, 0.00048, 0.00048, 0.00048, 0.0005600000000000001, 0.0005600000000000001, 0.00072, 0.0008799999999999999, 0.0008799999999999999, 0.0008, 0.00072, 0.00072, 0.00072, 0.00072, 0.00072, 0.00064, 0.00064, 0.0005600000000000001, 0.0005600000000000001, 0.0004, 0.0004, 0.0004, 0.0004, 0.0004, 0.0004, 0.00048, 0.00048, 0.00048, 0.00048, 0.00048, 0.0005600000000000001, 0.0005600000000000001, 0.0005600000000000001, 0.0005600000000000001, 0.0005600000000000001, 0.00064, 0.0005600000000000001, 0.00048, 0.0004, 0.0004, 0.0004, 0.0004, 0.0004, 0.0004, 0.00032, 0.00032, 0.00032, 0.00032, 0.00032, 0.00032, 0.00032, 0.00032, 0.0004, 0.0004, 0.0004, 0.00048, 0.00048, 0.00048, 0.0004, 0.0004, 0.00032, 0.00032, 0.00032, 0.00032, 0.00032, 0.0004, 0.00032, 0.00032, 0.0004, 0.0005600000000000001, 0.00048, 0.00048, 0.0005600000000000001, 0.0004, 0.0004, 0.0004, 0.0004, 0.00032, 0.0004, 0.00032, 0.00032, 0.00032, 0.00048, 0.0005600000000000001, 0.0005600000000000001, 0.0005600000000000001, 0.0005600000000000001, 0.00064, 0.00072, 0.00072, 0.00072, 0.00072, 0.00072, 0.00072, 0.00072, 0.00072, 0.00072, 0.00072, 0.00072, 0.00064, 0.00064, 0.0008, 0.0008, 0.00072, 0.00072, 0.00072, 0.00072, 0.00064, 0.0005600000000000001, 0.00064, 0.00064, 0.00064, 0.00064, 0.00064, 0.00072, 0.0008, 0.0008799999999999999, 0.0008, 0.00072, 0.00064, 0.0005600000000000001, 0.0005600000000000001, 0.0005600000000000001, 0.00048, 0.0004, 0.0004, 0.0004, 0.0004, 0.0004, 0.0004, 0.0004, 0.0004, 0.0004, 0.00032, 0.00032, 0.0004, 0.0004, 0.00048, 0.00048, 0.0004, 0.0004, 0.0004, 0.00048, 0.00048, 0.00032, 0.00032, 0.00024, 0.00032, 0.00032, 0.00024, 0.00024, 0.00024, 0.00024, 0.00024, 0.00032, 0.00032, 0.00032, 0.00032, 0.0004, 0.00032, 0.00032, 0.00032, 0.00032, 0.00032, 0.00032, 0.00032, 0.00024, 0.00024, 0.00024, 0.00024, 0.00024, 0.00032, 0.00024, 0.00024, 0.00024, 0.00024, 0.00024, 0.00032, 0.00032, 0.00032, 0.00032, 0.00032, 0.0004, 0.00048, 0.0005600000000000001, 0.00048, 0.00048, 0.0005600000000000001, 0.0005600000000000001, 0.0005600000000000001, 0.0005600000000000001, 0.00048, 0.00048, 0.00032, 0.00032, 0.00024, 0.00016, 0.00016, 0.00016, 0.00016, 0.00016, 8.0e-5, 0.00016, 8.0e-5, 8.0e-5, 8.0e-5, 8.0e-5, 8.0e-5, 8.0e-5, 0.00016, 0.00016, 0.00016, 0.00016, 0.00016, 0.00016, 0.00024, 0.00024, 0.00032, 0.00032, 0.00032, 0.00032, 0.00032, 0.00032, 0.00032, 0.00024, 0.00032, 0.00032, 0.0004, 0.0004, 0.00032, 0.00032, 0.00032, 0.0004, 0.0004, 0.0004, 0.00032, 0.00032, 0.00032, 0.00032, 0.00016, 0.00016, 0.00024, 0.00024, 0.00024, 0.00024, 0.00032, 0.00032, 0.00032, 0.00032, 0.00032, 0.00032, 0.00032, 0.00032, 0.00032, 0.00032, 0.0004, 0.00048, 0.0004, 0.0004, 0.0004, 0.00032, 0.00032, 0.00032, 0.0004, 0.00032, 0.00032, 0.00024, 0.00024, 0.00032, 0.00032, 0.00048, 0.00048, 0.00064, 0.00064, 0.00072, 0.00072, 0.00072, 0.0008, 0.0008799999999999999, 0.00096, 0.00096, 0.00096, 0.0010400000000000001, 0.0008, 0.0008, 0.0008, 0.0008799999999999999, 0.0008799999999999999, 0.0008, 0.0008, 0.0008, 0.00072, 0.00072, 0.00072, 0.00072, 0.00064, 0.00072, 0.00064, 0.0005600000000000001, 0.0005600000000000001, 0.0005600000000000001, 0.0005600000000000001, 0.00064, 0.00072, 0.00072, 0.0008, 0.0008, 0.0008, 0.00072, 0.0008, 0.0008799999999999999, 0.00096, 0.0010400000000000001, 0.0010400000000000001, 0.0012000000000000001, 0.0012000000000000001, 0.0012000000000000001, 0.0012000000000000001, 0.0011200000000000001, 0.0011200000000000001, 0.0011200000000000001, 0.00096, 0.00096, 0.00096, 0.0008799999999999999, 0.00072, 0.00072, 0.0008, 0.0008, 0.0008, 0.0008, 0.0008, 0.00072, 0.00072, 0.00064, 0.00064, 0.00064, 0.0008, 0.0008, 0.0008, 0.00072, 0.00072, 0.00064, 0.00064, 0.00064, 0.0005600000000000001, 0.00064, 0.00064, 0.00064, 0.0005600000000000001, 0.0005600000000000001, 0.0005600000000000001, 0.0005600000000000001, 0.0005600000000000001, 0.0005600000000000001, 0.0005600000000000001, 0.0005600000000000001, 0.00048, 0.0004, 0.0004, 0.0004, 0.0004, 0.0004, 0.0004, 0.0004, 0.0004, 0.0004, 0.00048, 0.00048, 0.00048, 0.00048, 0.00048, 0.00048, 0.00032, 0.00032, 0.0004, 0.0004, 0.0004, 0.0004, 0.0004, 0.00032, 0.00032, 0.00032, 0.00024, 0.00024, 0.00032, 0.00032, 0.0004, 0.0004, 0.00032, 0.0004, 0.0004, 0.00048, 0.0005600000000000001, 0.0005600000000000001, 0.0005600000000000001, 0.0005600000000000001, 0.0005600000000000001, 0.00064, 0.00064, 0.00064, 0.00072, 0.00064, 0.00072, 0.0005600000000000001, 0.00048, 0.00048, 0.0005600000000000001, 0.00048, 0.00048, 0.0004, 0.0004, 0.00048, 0.00048, 0.00048, 0.0005600000000000001, 0.0005600000000000001, 0.0005600000000000001, 0.00048, 0.00032, 0.00032, 0.00032, 0.00032, 0.00032, 0.00032, 0.00024, 0.00024, 0.00032, 0.0004, 0.0004, 0.00032, 0.0004, 0.0004, 0.00032, 0.00032, 0.0004, 0.00032, 0.0004, 0.00032, 0.00032, 0.00032, 0.00032, 0.00032, 0.0004, 0.0004, 0.0004, 0.00048, 0.00048, 0.00048, 0.0005600000000000001, 0.0005600000000000001, 0.0005600000000000001, 0.0005600000000000001, 0.0005600000000000001, 0.0005600000000000001, 0.0005600000000000001, 0.00048, 0.00048, 0.00048, 0.0004, 0.0004, 0.0004, 0.0004, 0.0004, 0.0004, 0.0004, 0.0004, 0.0004, 0.0004, 0.00048, 0.00048, 0.0005600000000000001, 0.0005600000000000001, 0.0005600000000000001, 0.0005600000000000001, 0.0005600000000000001, 0.0005600000000000001, 0.0005600000000000001, 0.00064, 0.00072, 0.00072, 0.00072, 0.00072, 0.00064, 0.0005600000000000001, 0.00064, 0.0005600000000000001, 0.00064, 0.00064, 0.00064, 0.00064, 0.00064, 0.00072, 0.00072, 0.0008, 0.0008, 0.00072, 0.00072, 0.0008, 0.00072, 0.00064, 0.00048, 0.0004, 0.0004, 0.0004, 0.00048, 0.0005600000000000001, 0.0005600000000000001, 0.0005600000000000001, 0.0005600000000000001, 0.0005600000000000001, 0.0005600000000000001, 0.00048, 0.0005600000000000001, 0.0005600000000000001, 0.0005600000000000001, 0.0005600000000000001, 0.0005600000000000001, 0.0005600000000000001, 0.0005600000000000001, 0.00048, 0.0005600000000000001, 0.00072, 0.00072, 0.00064, 0.00064, 0.00064, 0.0005600000000000001, 0.0005600000000000001, 0.0005600000000000001, 0.00048, 0.00048, 0.00048, 0.00032, 0.00032, 0.00032, 0.0004, 0.00048, 0.00048, 0.00048, 0.00048, 0.00048, 0.0005600000000000001, 0.00048, 0.00048, 0.00048, 0.00048, 0.00048, 0.0004, 0.0004, 0.00048, 0.00048, 0.0005600000000000001, 0.00048, 0.00048, 0.00048, 0.00048, 0.00048, 0.00048, 0.0004, 0.00032, 0.00024, 0.00024, 0.00024, 0.0004, 0.00048, 0.00048, 0.00032, 0.00032, 0.00032, 0.0004, 0.0004, 0.0004, 0.0004, 0.0004, 0.0004, 0.00032, 0.00024, 0.00024, 0.00024, 0.00024, 0.00024, 0.00032, 0.00032, 0.00032, 0.00032, 0.00024, 0.00024, 0.00024, 0.00024, 0.00024, 0.00024, 0.00016, 8.0e-5, 8.0e-5, 8.0e-5, 8.0e-5, 8.0e-5, 8.0e-5, 8.0e-5, 8.0e-5, 8.0e-5, 8.0e-5, 8.0e-5, 0.00016, 0.00024, 0.00032, 0.00032, 0.00032, 0.00032, 0.0004, 0.0004, 0.0004, 0.0004, 0.0004, 0.0004, 0.0004, 0.0004, 0.00032, 0.00032, 0.0004, 0.0004, 0.0004, 0.0004, 0.0005600000000000001, 0.00048, 0.00048, 0.00048, 0.00048, 0.00048, 0.0004, 0.0004, 0.0004, 0.0004, 0.0004, 0.0004, 0.00048, 0.0004, 0.0004, 0.0004, 0.0004, 0.00032, 0.0004, 0.00048, 0.00048, 0.00048, 0.0004, 0.00032, 0.00032, 0.00032, 0.0004, 0.0004, 0.0004, 0.00032, 0.00032, 0.0004, 0.0004, 0.00048, 0.0004, 0.0005600000000000001, 0.0005600000000000001, 0.0005600000000000001, 0.00064, 0.00064, 0.00064, 0.00072, 0.0008, 0.0008, 0.0008, 0.0008, 0.0008, 0.00072, 0.00072, 0.00072, 0.0008, 0.0008, 0.0008, 0.0008799999999999999, 0.0008799999999999999, 0.0008799999999999999, 0.0008799999999999999, 0.0008799999999999999, 0.0008, 0.0008, 0.0008, 0.0008, 0.0008, 0.00072, 0.00072, 0.0008, 0.0008, 0.0008, 0.00096, 0.0010400000000000001, 0.00096, 0.00096, 0.0010400000000000001, 0.0008799999999999999, 0.0008799999999999999, 0.0008799999999999999, 0.0008, 0.0008, 0.0008, 0.0008, 0.0008799999999999999, 0.0008, 0.0008799999999999999, 0.0008799999999999999, 0.0008799999999999999, 0.00096, 0.00096, 0.00096, 0.0010400000000000001, 0.0010400000000000001, 0.00096, 0.0010400000000000001, 0.0010400000000000001, 0.00096, 0.00096, 0.00096, 0.0008, 0.00064, 0.00064, 0.00064, 0.00072, 0.00072, 0.00072, 0.00072, 0.00064, 0.00064, 0.00064, 0.00064, 0.0005600000000000001, 0.00072, 0.00072, 0.00072, 0.00072, 0.00072, 0.00072, 0.00072, 0.00072, 0.00072, 0.00072, 0.00072, 0.00064, 0.00064, 0.00064, 0.00064, 0.0005600000000000001, 0.0005600000000000001, 0.0005600000000000001, 0.0005600000000000001, 0.00048, 0.00048, 0.00048, 0.00048, 0.0005600000000000001, 0.00048, 0.0004, 0.0004, 0.0004, 0.00032, 0.00032, 0.00032, 0.00032, 0.00032, 0.00032, 0.00032, 0.00024, 0.00024, 0.00024, 0.00024, 0.00024, 0.00024, 0.00032, 0.0004, 0.00032, 0.00032, 0.00024, 0.00024, 0.00024, 0.00032, 0.00032, 0.00032, 0.0004, 0.0004, 0.00048, 0.00048, 0.0005600000000000001, 0.00048, 0.00048, 0.0005600000000000001, 0.0005600000000000001, 0.0005600000000000001, 0.00048, 0.0005600000000000001, 0.00064, 0.00064, 0.00064, 0.00064, 0.00064, 0.00064, 0.00064, 0.0008, 0.00072, 0.0008, 0.0008, 0.0008, 0.00072, 0.00072, 0.0008, 0.0008799999999999999, 0.0008799999999999999, 0.0008, 0.00072, 0.00072, 0.0008, 0.0008, 0.0008000000000000001, 0.00072, 0.00064, 0.00064, 0.00064, 0.0005600000000000001, 0.0004, 0.0004, 0.0004, 0.00032, 0.00024, 0.00024, 0.00024, 0.00024, 0.00024, 0.00032, 0.0004, 0.0004, 0.0004, 0.00048, 0.00048, 0.0005600000000000001, 0.00048, 0.0004, 0.00048, 0.0005600000000000001, 0.0005600000000000001, 0.00048, 0.00048, 0.00048, 0.0005600000000000001, 0.00064, 0.0005600000000000001, 0.0005600000000000001, 0.00048, 0.00048, 0.0005600000000000001, 0.00064, 0.00072, 0.00072, 0.00072, 0.00064, 0.0005600000000000001, 0.0005600000000000001, 0.00048, 0.00048, 0.00048, 0.0005600000000000001, 0.0005600000000000001, 0.00064, 0.00064, 0.0005600000000000001, 0.0005600000000000001, 0.0005600000000000001, 0.0005600000000000001, 0.0005600000000000001, 0.00048, 0.0005600000000000001, 0.00048, 0.0005600000000000001, 0.0005600000000000001, 0.00048, 0.0005600000000000001, 0.0005600000000000001, 0.0005600000000000001, 0.00064, 0.00064, 0.00064, 0.0005600000000000001, 0.00048, 0.00048, 0.0005600000000000001, 0.0005600000000000001, 0.0005600000000000001, 0.0005600000000000001, 0.0005600000000000001, 0.00064, 0.0005600000000000001, 0.00064, 0.00064, 0.0005600000000000001, 0.00064, 0.00064, 0.00064, 0.0008, 0.0008, 0.0008, 0.0008, 0.0008799999999999999, 0.0008799999999999999, 0.0008799999999999999, 0.0008, 0.0008799999999999999, 0.00096, 0.0008799999999999999, 0.0008799999999999999, 0.0008799999999999999, 0.0008799999999999999, 0.0008799999999999999, 0.0008, 0.00072, 0.00072, 0.00064, 0.00072, 0.00072, 0.00064, 0.00072, 0.00064, 0.00064, 0.00064, 0.00064, 0.00064, 0.00064, 0.00064, 0.0005600000000000001, 0.0005600000000000001, 0.0005600000000000001, 0.0005600000000000001, 0.0005600000000000001, 0.00072, 0.00072, 0.00072, 0.00072, 0.00072, 0.00072, 0.00072, 0.00072, 0.00072, 0.0008, 0.0008, 0.00072, 0.0008, 0.00072, 0.00064, 0.00064, 0.0005600000000000001, 0.00064, 0.00072, 0.00072, 0.0008, 0.0008, 0.0008, 0.00072, 0.00072, 0.0008, 0.0008, 0.00072, 0.00072, 0.00064, 0.00064, 0.00064, 0.0005600000000000001, 0.00072, 0.00072, 0.0008, 0.00072, 0.00072, 0.00072, 0.00072, 0.00072, 0.00072, 0.00064, 0.00064, 0.00064, 0.0005600000000000001, 0.0005600000000000001, 0.0005600000000000001, 0.0005600000000000001, 0.0005600000000000001, 0.0005600000000000001, 0.00064, 0.00064, 0.00072, 0.0008, 0.0008, 0.0008, 0.00072, 0.0008, 0.0008799999999999999, 0.0008799999999999999, 0.00096, 0.00096, 0.00096, 0.00096, 0.00096, 0.00096, 0.0008799999999999999, 0.0008799999999999999, 0.0008799999999999999, 0.0008799999999999999, 0.0008799999999999999, 0.0008799999999999999, 0.0008799999999999999, 0.0008799999999999999, 0.0008, 0.00064, 0.00064, 0.0005600000000000001, 0.0005600000000000001, 0.00048, 0.00048, 0.0005600000000000001, 0.0005600000000000001, 0.00064, 0.00064, 0.00064, 0.0005600000000000001, 0.0005600000000000001, 0.0005600000000000001, 0.0005600000000000001, 0.0005600000000000001, 0.00064, 0.0005600000000000001, 0.0005600000000000001, 0.00064, 0.00064, 0.00064, 0.00064, 0.00072, 0.00072, 0.0008, 0.0008, 0.00072, 0.00072, 0.00072, 0.0005600000000000001, 0.00064, 0.00072, 0.00072, 0.00072, 0.00072, 0.00048, 0.00048, 0.00048, 0.0004, 0.0004, 0.0004, 0.00032, 0.00024, 0.0004, 0.0004, 0.0004, 0.00032, 0.00032, 0.00032, 0.00032, 0.0004, 0.0004, 0.00048, 0.0004, 0.0004, 0.0004, 0.00032, 0.00032, 0.00048, 0.00048, 0.00048, 0.0005600000000000001, 0.0005600000000000001, 0.0005600000000000001, 0.00048, 0.00048, 0.00048, 0.00032, 0.00032, 0.00032, 0.0004, 0.00048, 0.00048, 0.00048, 0.00048, 0.00032, 0.00032, 0.00032, 0.00032, 0.00032, 0.00032, 0.00032, 0.00032, 0.00024, 0.00032, 0.00032, 0.00032, 0.00032, 0.00024, 0.00032, 0.0004, 0.0004, 0.0004, 0.0004, 0.0004, 0.0004, 0.0004, 0.0004, 0.00048, 0.00048, 0.0004, 0.0004, 0.00048, 0.00048, 0.00048, 0.00048, 0.00048, 0.00048, 0.00048, 0.00032, 0.00032, 0.00032, 0.00032, 0.00032, 0.00032, 0.00024, 0.00024, 0.00024, 0.00024, 0.00024, 0.00024, 0.00016, 0.00024, 0.00024, 0.00024, 0.0004, 0.0004, 0.00048, 0.00048, 0.00064, 0.00072, 0.00072, 0.00072, 0.0008, 0.00072, 0.00072, 0.00072, 0.00072, 0.00064, 0.00064, 0.00064, 0.00064, 0.00064, 0.00072, 0.00072, 0.00072, 0.00072, 0.0005600000000000001, 0.0005600000000000001, 0.00064, 0.00064, 0.00048, 0.0005600000000000001, 0.0005600000000000001, 0.0005600000000000001, 0.00048, 0.0005600000000000001, 0.00048, 0.0004, 0.0005600000000000001, 0.00048, 0.0004, 0.0004, 0.00048, 0.00048, 0.00048, 0.00032, 0.0004, 0.00032, 0.00032, 0.00024, 0.00032, 0.00032, 0.00032, 0.00024, 0.00024, 0.00024, 0.00024, 0.00024, 0.00024, 0.00024, 0.00024, 0.00024, 0.00024, 0.00024, 0.00024, 0.00024, 0.00024, 0.00024, 0.00024, 0.00024, 0.00024, 0.00016, 0.00016, 0.00016, 0.00016, 0.00016, 0.00016, 0.00016, 0.0004, 0.0004, 0.0004, 0.00048, 0.00048, 0.0005600000000000001, 0.0005600000000000001, 0.0005600000000000001, 0.00064, 0.0005600000000000001, 0.00064, 0.0005600000000000001, 0.00048, 0.0005600000000000001, 0.00064, 0.00072, 0.00064, 0.00072, 0.00064, 0.00064, 0.00072, 0.0008, 0.0008, 0.0008799999999999999, 0.0008799999999999999, 0.0010400000000000001, 0.0011200000000000001, 0.00136, 0.00128, 0.00128, 0.00128, 0.00128, 0.0015199999999999999, 0.0016799999999999999, 0.00168, 0.0016, 0.00168, 0.00168, 0.00144, 0.00136, 0.00136, 0.0016799999999999999, 0.00192, 0.00192, 0.00192, 0.0020800000000000003, 0.0022400000000000002, 0.00232, 0.00248, 0.00264, 0.00264, 0.00256, 0.00256, 0.00256, 0.00248, 0.0024800000000000004, 0.0024, 0.0023200000000000004, 0.0022400000000000002, 0.0022400000000000002, 0.0022400000000000002, 0.0022400000000000002, 0.0022400000000000002, 0.0021600000000000005, 0.0021600000000000005, 0.0024800000000000004, 0.00264, 0.0028000000000000004, 0.0028000000000000004, 0.00272, 0.00264, 0.00288, 0.0031200000000000004, 0.0030400000000000006, 0.0030400000000000006, 0.0029600000000000004, 0.0029600000000000004, 0.00288, 0.0030399999999999997, 0.00312, 0.00328, 0.00328, 0.0032, 0.0031200000000000004, 0.00312, 0.0032, 0.0032799999999999995, 0.0029600000000000004, 0.00328, 0.0032, 0.0032, 0.00296, 0.00312, 0.0032, 0.00328, 0.00336, 0.00328, 0.00336, 0.00336, 0.0035199999999999997, 0.00368, 0.0034400000000000003, 0.00328, 0.00312, 0.00312, 0.00312, 0.0032, 0.00344, 0.0035199999999999997, 0.00368, 0.0036, 0.0035199999999999997, 0.00344, 0.00368, 0.0036, 0.0036, 0.0035199999999999997, 0.0035199999999999997, 0.0034400000000000003, 0.0035200000000000006, 0.0035200000000000006, 0.0036, 0.0036, 0.0036000000000000003, 0.00312, 0.00336, 0.00336, 0.00328, 0.00344, 0.00336, 0.0034400000000000003, 0.00376, 0.00376, 0.004240000000000001, 0.004399999999999999, 0.00464, 0.00496, 0.00512, 0.0052, 0.00536, 0.0052, 0.00504, 0.0048, 0.004719999999999999, 0.004640000000000001, 0.004720000000000001, 0.004880000000000001, 0.004880000000000001, 0.004720000000000001, 0.004720000000000001, 0.004640000000000001, 0.00456, 0.00472, 0.004880000000000001, 0.00472, 0.004960000000000001, 0.0048000000000000004, 0.00456, 0.0041600000000000005, 0.004, 0.00424, 0.00424, 0.00392, 0.0041600000000000005, 0.004240000000000001, 0.00392, 0.00408, 0.004240000000000001, 0.0041600000000000005, 0.00432, 0.004240000000000001, 0.0044, 0.004320000000000001, 0.004320000000000001, 0.0044, 0.0044, 0.0044, 0.00424, 0.0044, 0.004240000000000001, 0.00376, 0.00376, 0.00408, 0.00408, 0.004240000000000001, 0.00392, 0.0041600000000000005, 0.00424, 0.0044, 0.004320000000000001, 0.00472, 0.00512, 0.00512, 0.00528, 0.00504, 0.00504, 0.00528, 0.00536, 0.00536, 0.00544, 0.0052, 0.0048000000000000004, 0.00512, 0.00512, 0.0052, 0.00536, 0.00544, 0.0052, 0.004880000000000001, 0.004960000000000001, 0.00512, 0.00504, 0.00512, 0.00488, 0.00496, 0.0048000000000000004, 0.00528, 0.00528, 0.004960000000000001, 0.0052, 0.00536, 0.00544, 0.005600000000000001, 0.005680000000000001, 0.00576, 0.0057599999999999995, 0.005840000000000001, 0.00592, 0.0057599999999999995, 0.005680000000000001, 0.005840000000000001, 0.005840000000000001, 0.00632, 0.0060799999999999995, 0.00632, 0.00632, 0.00632, 0.00664, 0.006960000000000001, 0.0072, 0.006880000000000001, 0.00688, 0.006959999999999999, 0.00672, 0.0068000000000000005, 0.007039999999999999, 0.00728, 0.0074399999999999996, 0.00768, 0.00784, 0.00808, 0.008400000000000001, 0.00824, 0.00816, 0.008400000000000001, 0.008320000000000001, 0.00808, 0.00816, 0.00808, 0.008320000000000001, 0.008, 0.00776, 0.00776, 0.00784, 0.00792, 0.008, 0.008079999999999999, 0.008239999999999999, 0.00832, 0.00832, 0.008239999999999999, 0.008079999999999999, 0.00784, 0.00776, 0.00784, 0.008079999999999999, 0.008239999999999999, 0.00864, 0.008400000000000001, 0.00848, 0.00904, 0.008960000000000001, 0.0088, 0.0088, 0.0088, 0.0088, 0.008320000000000001, 0.00816, 0.00816, 0.00808, 0.00784, 0.00816, 0.00776, 0.00768, 0.00776, 0.0076, 0.0076, 0.00776, 0.00768, 0.00776, 0.00792, 0.00816, 0.008, 0.00784, 0.00816, 0.008320000000000001, 0.008320000000000001, 0.008, 0.00784, 0.008, 0.008320000000000001, 0.008640000000000002, 0.00824, 0.008480000000000001, 0.008, 0.00776, 0.00808, 0.008960000000000001, 0.00872, 0.008480000000000001, 0.008560000000000002, 0.008480000000000001, 0.00816, 0.00792, 0.008, 0.00792, 0.00792, 0.00768, 0.00776, 0.00768, 0.00752, 0.00784, 0.00784, 0.008, 0.00824, 0.008560000000000002, 0.008640000000000002, 0.008640000000000002, 0.00872, 0.008640000000000002, 0.0088, 0.0088, 0.00848, 0.00856, 0.00864, 0.00832, 0.00816, 0.00824, 0.008400000000000001, 0.008560000000000002, 0.008560000000000002, 0.008560000000000002, 0.008799999999999999, 0.008960000000000001, 0.0088, 0.0088, 0.00856, 0.008400000000000001, 0.00792, 0.00784, 0.00784, 0.0076, 0.0074399999999999996, 0.0072, 0.00728, 0.00752, 0.00784, 0.008, 0.00792, 0.00808, 0.00824, 0.00816, 0.00784, 0.00816, 0.008239999999999999, 0.008079999999999999, 0.00856, 0.00872, 0.0088, 0.009040000000000001, 0.009040000000000001, 0.008960000000000001, 0.00928, 0.0096, 0.009680000000000001, 0.01, 0.00928, 0.00928, 0.00928, 0.00904, 0.00904, 0.008960000000000001, 0.00904, 0.00912, 0.00928, 0.0092, 0.00944, 0.008960000000000001, 0.00912, 0.00928, 0.009600000000000001, 0.009680000000000001, 0.00944, 0.009600000000000001, 0.009760000000000001, 0.01008, 0.01, 0.01048, 0.0108, 0.0104, 0.01056, 0.01008, 0.01024, 0.01024, 0.01056, 0.01056, 0.01056, 0.01064, 0.011200000000000002, 0.011360000000000002, 0.011120000000000001, 0.010960000000000001, 0.01064, 0.010320000000000001, 0.01008, 0.01008, 0.01, 0.010000000000000002, 0.01016, 0.0104, 0.010160000000000002, 0.01016, 0.00952, 0.009680000000000001, 0.009600000000000001, 0.00928, 0.008960000000000001, 0.009040000000000001, 0.009520000000000002, 0.009360000000000002, 0.009040000000000001, 0.00936, 0.009440000000000002, 0.009520000000000002, 0.009200000000000002, 0.009040000000000001, 0.009280000000000002, 0.009440000000000002, 0.00976, 0.00968, 0.00984, 0.009519999999999999, 0.009280000000000002, 0.009439999999999999, 0.00912, 0.009120000000000001, 0.00888, 0.00912, 0.00928, 0.00936, 0.009439999999999999, 0.00984, 0.009520000000000002, 0.00984, 0.01008, 0.00992, 0.009520000000000002, 0.009360000000000002, 0.00928, 0.009200000000000002, 0.00936, 0.0092, 0.00912, 0.009840000000000002, 0.009680000000000001, 0.01, 0.00968, 0.0096, 0.00992, 0.01008, 0.01, 0.01, 0.00976, 0.00976, 0.0104, 0.0104, 0.0104, 0.01064, 0.01064, 0.01048, 0.01048, 0.010320000000000001, 0.01008, 0.010320000000000001, 0.0104, 0.01016, 0.01016, 0.01016, 0.01024, 0.00992, 0.00976, 0.00992, 0.01016, 0.010320000000000001, 0.01016, 0.01048, 0.0108, 0.010320000000000001, 0.01024, 0.010320000000000001, 0.01024, 0.00992, 0.01016, 0.01008, 0.01024, 0.01024, 0.010320000000000001, 0.01008, 0.009920000000000002, 0.009760000000000001, 0.009840000000000002, 0.01008, 0.01016, 0.009680000000000001, 0.0092, 0.00928, 0.00904, 0.0092, 0.00904, 0.0092, 0.00888, 0.0088, 0.00864, 0.008239999999999999, 0.00848, 0.00824, 0.008320000000000001, 0.008400000000000001, 0.008400000000000001, 0.00824, 0.00792, 0.00776, 0.00784, 0.00784, 0.008320000000000001, 0.008480000000000001, 0.008320000000000001, 0.008320000000000001, 0.008640000000000002, 0.008640000000000002, 0.008400000000000001, 0.008320000000000001, 0.00768, 0.00776, 0.00792, 0.00784, 0.00768, 0.00776, 0.00776, 0.008, 0.008, 0.00816, 0.00792, 0.008400000000000001, 0.008480000000000001, 0.008560000000000002, 0.00888, 0.008960000000000001, 0.0088, 0.008960000000000001, 0.009040000000000001, 0.008960000000000001, 0.009440000000000002, 0.00944, 0.00944, 0.009680000000000001, 0.009600000000000001, 0.009680000000000001, 0.00952, 0.00944, 0.009680000000000001, 0.009840000000000002, 0.01, 0.01016, 0.010320000000000001, 0.0104, 0.01016, 0.01008, 0.01016, 0.0096, 0.009760000000000001]","[0.0, 0.0, 0.0, 0.0, 0.0, 0.0, 0.0, 0.0, 0.0, 0.0, 0.0, 0.0, 0.0, 0.0, 0.0, 0.0, 0.0, 0.000848528137423857, 0.000848528137423857, 0.000848528137423857, 0.000848528137423857, 0.000848528137423857, 0.000848528137423857, 0.000848528137423857, 0.000848528137423857, 0.000848528137423857, 0.000848528137423857, 0.000848528137423857, 0.000848528137423857, 0.000848528137423857, 0.000848528137423857, 0.000848528137423857, 0.000848528137423857, 0.0011876919823329444, 0.0011876919823329444, 0.0011876919823329444, 0.0011876919823329444, 0.0011876919823329444, 0.0011876919823329444, 0.0011876919823329444, 0.0011876919823329444, 0.0011876919823329444, 0.0011876919823329444, 0.0011876919823329444, 0.0011876919823329444, 0.0011876919823329444, 0.0011876919823329444, 0.0011876919823329444, 0.0011876919823329444, 0.0011876919823329444, 0.0011876919823329444, 0.0011876919823329444, 0.0011876919823329444, 0.0011876919823329444, 0.0011876919823329444, 0.0011876919823329444, 0.0011876919823329444, 0.0014393876248925714, 0.0014393876248925714, 0.0016442850937072179, 0.0016442850937072179, 0.0016442850937072179, 0.0016442850937072179, 0.0016442850937072179, 0.0016442850937072179, 0.0016442850937072179, 0.0016442850937072179, 0.0016442850937072179, 0.0016442850937072179, 0.0016442850937072179, 0.0018182745801939794, 0.0018182745801939794, 0.0018182745801939794, 0.0018182745801939794, 0.0019695643359558955, 0.0019695643359558955, 0.0019695643359558955, 0.0019695643359558955, 0.0019695643359558955, 0.002103058996523194, 0.0022219682394541236, 0.0022219682394541236, 0.0022219682394541236, 0.0022219682394541236, 0.0022219682394541236, 0.0022219682394541236, 0.0022219682394541236, 0.0022219682394541236, 0.0022219682394541236, 0.0022219682394541236, 0.0022219682394541236, 0.0022219682394541236, 0.0023285276069496216, 0.0023285276069496216, 0.0023285276069496216, 0.0023285276069496216, 0.0023285276069496216, 0.0023285276069496216, 0.0023285276069496216, 0.0023285276069496216, 0.0023285276069496216, 0.0023285276069496216, 0.0023285276069496216, 0.0023285276069496216, 0.0023285276069496216, 0.0023285276069496216, 0.0023285276069496216, 0.0023285276069496216, 0.0023285276069496216, 0.0023285276069496216, 0.0023285276069496216, 0.0023285276069496216, 0.0023285276069496216, 0.0023285276069496216, 0.0023285276069496216, 0.0023285276069496216, 0.0023285276069496216, 0.0023285276069496216, 0.0023285276069496216, 0.0023285276069496216, 0.0023285276069496216, 0.0023285276069496216, 0.0023285276069496216, 0.0023285276069496216, 0.0023285276069496216, 0.0023285276069496216, 0.0023285276069496216, 0.0023285276069496216, 0.0023285276069496216, 0.0023285276069496216, 0.0024243661069253057, 0.0024243661069253057, 0.0024243661069253057, 0.0024243661069253057, 0.0024243661069253057, 0.0024243661069253057, 0.0024243661069253057, 0.0024243661069253057, 0.0024243661069253057, 0.0024243661069253057, 0.0024243661069253057, 0.0024243661069253057, 0.0024243661069253057, 0.0024243661069253057, 0.0024243661069253057, 0.0024243661069253057, 0.0024243661069253057, 0.0024243661069253057, 0.0024243661069253057, 0.0024243661069253057, 0.0024243661069253057, 0.0024243661069253057, 0.0024243661069253057, 0.0024243661069253057, 0.0024243661069253057, 0.0024243661069253057, 0.0024243661069253057, 0.0024243661069253057, 0.0024243661069253057, 0.0024243661069253057, 0.0024243661069253057, 0.0024243661069253057, 0.0024243661069253057, 0.0024243661069253057, 0.0024243661069253057, 0.0024243661069253057, 0.0024243661069253057, 0.0024243661069253057, 0.002788021022964102, 0.002788021022964102, 0.002788021022964102, 0.002788021022964102, 0.002788021022964102, 0.002788021022964102, 0.002788021022964102, 0.002788021022964102, 0.002788021022964102, 0.002788021022964102, 0.002788021022964102, 0.002788021022964102, 0.002788021022964102, 0.002788021022964102, 0.002788021022964102, 0.002788021022964102, 0.002788021022964102, 0.002788021022964102, 0.002788021022964102, 0.002788021022964102, 0.002788021022964102, 0.0028582854858056686, 0.0029218389512673105, 0.0029218389512673105, 0.0029218389512673105, 0.0029218389512673105, 0.0029218389512673105, 0.0029218389512673105, 0.0029218389512673105, 0.0029218389512673105, 0.0029218389512673105, 0.0029218389512673105, 0.0029218389512673105, 0.0029218389512673105, 0.0029218389512673105, 0.0029218389512673105, 0.0029218389512673105, 0.0029218389512673105, 0.0029218389512673105, 0.0029218389512673105, 0.0029218389512673105, 0.0029218389512673105, 0.0029218389512673105, 0.0029218389512673105, 0.0029218389512673105, 0.0029218389512673105, 0.0029218389512673105, 0.0029218389512673105, 0.0029218389512673105, 0.0029218389512673105, 0.0029218389512673105, 0.0029218389512673105, 0.0029218389512673105, 0.0029218389512673105, 0.0029218389512673105, 0.0029218389512673105, 0.0029218389512673105, 0.0029218389512673105, 0.0029218389512673105, 0.0029218389512673105, 0.0029218389512673105, 0.0029218389512673105, 0.002979110948054188, 0.002979110948054188, 0.002979110948054188, 0.002979110948054188, 0.002979110948054188, 0.0030304576336566322, 0.0030304576336566322, 0.0030304576336566322, 0.0030304576336566322, 0.0030304576336566322, 0.0030304576336566322, 0.0030304576336566322, 0.0033439558633939132, 0.0033439558633939132, 0.0033439558633939132, 0.0033439558633939132, 0.0033439558633939132, 0.0033439558633939132, 0.0033439558633939132, 0.0033439558633939132, 0.0033439558633939132, 0.0033439558633939132, 0.0033439558633939132, 0.0033439558633939132, 0.0033439558633939132, 0.0033439558633939132, 0.0033439558633939132, 0.0033439558633939132, 0.0033439558633939132, 0.0033439558633939132, 0.0033439558633939132, 0.0033439558633939132, 0.0033439558633939132, 0.0033439558633939132, 0.0033439558633939132, 0.0033439558633939132, 0.003404918411321349, 0.003404918411321349, 0.003404918411321349, 0.003404918411321349, 0.0034285714285714293, 0.0034285714285714293, 0.0034285714285714293, 0.0034285714285714293, 0.0034285714285714293, 0.0034285714285714293, 0.0034285714285714293, 0.0034285714285714293, 0.0034285714285714293, 0.0034285714285714293, 0.0034285714285714293, 0.0034285714285714293, 0.003654686675199059, 0.003654686675199059, 0.003654686675199059, 0.003654686675199059, 0.003654686675199059, 0.003654686675199059, 0.003654686675199059, 0.0036687316386913196, 0.0036687316386913196, 0.0036687316386913196, 0.0036687316386913196, 0.0036687316386913196, 0.0036687316386913196, 0.0036687316386913196, 0.0036687316386913196, 0.0036687316386913196, 0.0036687316386913196, 0.0036687316386913196, 0.0036687316386913196, 0.0036687316386913196, 0.0036687316386913196, 0.0036687316386913196, 0.0036687316386913196, 0.0036687316386913196, 0.0036687316386913196, 0.0036687316386913196, 0.0036687316386913196, 0.0036687316386913196, 0.0036687316386913196, 0.0036687316386913196, 0.0036687316386913196, 0.0036687316386913196, 0.0036687316386913196, 0.0036687316386913196, 0.0036687316386913196, 0.0036687316386913196, 0.0036687316386913196, 0.0036687316386913196, 0.0036687316386913196, 0.0036687316386913196, 0.0036687316386913196, 0.0036687316386913196, 0.0036687316386913196, 0.0036687316386913196, 0.0036687316386913196, 0.0036687316386913196, 0.0036687316386913196, 0.0036687316386913196, 0.0036687316386913196, 0.0036687316386913196, 0.0036687316386913196, 0.0036687316386913196, 0.0036687316386913196, 0.0036687316386913196, 0.0036687316386913196, 0.0036687316386913196, 0.0036687316386913196, 0.0036687316386913196, 0.0036687316386913196, 0.0036687316386913196, 0.0036687316386913196, 0.0036687316386913196, 0.0036687316386913196, 0.0036687316386913196, 0.0036687316386913196, 0.0036687316386913196, 0.0036687316386913196, 0.0036687316386913196, 0.0036687316386913196, 0.0036687316386913196, 0.0036687316386913196, 0.0036687316386913196, 0.0036687316386913196, 0.0036687316386913196, 0.003678730925807132, 0.003678730925807132, 0.003678730925807132, 0.003678730925807132, 0.003678730925807132, 0.003678730925807132, 0.003678730925807132, 0.003678730925807132, 0.0038789857710804895, 0.0038789857710804895, 0.0038789857710804895, 0.0038789857710804895, 0.0038789857710804895, 0.0038789857710804895, 0.0038789857710804895, 0.0038789857710804895, 0.0038789857710804895, 0.0038789857710804895, 0.0038789857710804895, 0.0038789857710804895, 0.0038789857710804895, 0.0038789857710804895, 0.0038789857710804895, 0.0038789857710804895, 0.0038789857710804895, 0.0038789857710804895, 0.0038789857710804895, 0.0038789857710804895, 0.0038789857710804895, 0.0038789857710804895, 0.0038789857710804895, 0.0038789857710804895, 0.0038789857710804895, 0.0038789857710804895, 0.0038789857710804895, 0.0038808793449160357, 0.0038808793449160357, 0.0038808793449160357, 0.0038808793449160357, 0.0038808793449160357, 0.0038808793449160357, 0.0038808793449160357, 0.0038808793449160357, 0.0038808793449160357, 0.0038808793449160357, 0.0038808793449160357, 0.0038808793449160357, 0.0038808793449160357, 0.0038808793449160357, 0.0038808793449160357, 0.0038808793449160357, 0.0038808793449160357, 0.0038808793449160357, 0.0038808793449160357, 0.0038808793449160357, 0.0038808793449160357, 0.0038808793449160357, 0.0038808793449160357, 0.0038808793449160357, 0.0038808793449160357, 0.0038808793449160357, 0.0038808793449160357, 0.0038808793449160357, 0.0038808793449160357, 0.0038808793449160357, 0.0038808793449160357, 0.0038808793449160357, 0.0038808793449160357, 0.0038808793449160357, 0.0038808793449160357, 0.0038808793449160357, 0.0038808793449160357, 0.0038808793449160357, 0.0038808793449160357, 0.0038808793449160357, 0.0038808793449160357, 0.0038808793449160357, 0.0038808793449160357, 0.0038808793449160357, 0.0038808793449160357, 0.0038808793449160357, 0.0038808793449160357, 0.0038808793449160357, 0.0038808793449160357, 0.0038808793449160357, 0.0038808793449160357, 0.0038808793449160357, 0.0038808793449160357, 0.0038808793449160357, 0.0038808793449160357, 0.0038808793449160357, 0.0038808793449160357, 0.0038808793449160357, 0.0038808793449160357, 0.0038808793449160357, 0.0038808793449160357, 0.0038808793449160357, 0.0038808793449160357, 0.0038808793449160357, 0.0038808793449160357, 0.0038789857710804895, 0.0038789857710804895, 0.0038789857710804895, 0.0038732994952097154, 0.0038732994952097154, 0.0038732994952097154, 0.0038732994952097154, 0.0038732994952097154, 0.0038732994952097154, 0.0038732994952097154, 0.0038732994952097154, 0.0038732994952097154, 0.0038732994952097154, 0.0038732994952097154, 0.0038732994952097154, 0.0038732994952097154, 0.0038732994952097154, 0.0038732994952097154, 0.0038732994952097154, 0.0038732994952097154, 0.0038732994952097154, 0.0038732994952097154, 0.0038732994952097154, 0.0038732994952097154, 0.0038732994952097154, 0.003863803772429021, 0.003863803772429021, 0.003863803772429021, 0.003863803772429021, 0.003863803772429021, 0.003863803772429021, 0.003863803772429021, 0.0038504704191799203, 0.0038504704191799203, 0.0038504704191799203, 0.004199125273342591, 0.004199125273342591, 0.004199125273342591, 0.004199125273342591, 0.004199125273342591, 0.004199125273342591, 0.004199125273342591, 0.004199125273342591, 0.004199125273342591, 0.004199125273342591, 0.004179834973795409, 0.004179834973795409, 0.004179834973795409, 0.004179834973795409, 0.004179834973795409, 0.004179834973795409, 0.004179834973795409, 0.004179834973795409, 0.004179834973795409, 0.004179834973795409, 0.004330056322393745, 0.004471953415112771, 0.004443936478908247, 0.004443936478908247, 0.004443936478908247, 0.004443936478908247, 0.004443936478908247, 0.004443936478908247, 0.004443936478908247, 0.004443936478908247, 0.004412412917565858, 0.004412412917565858, 0.004412412917565858, 0.004412412917565858, 0.004412412917565858, 0.004412412917565858, 0.004412412917565858, 0.004412412917565858, 0.004412412917565858, 0.004412412917565858, 0.004412412917565858, 0.004542048445540035, 0.004542048445540035, 0.004542048445540035, 0.004542048445540035, 0.004542048445540035, 0.004542048445540035, 0.004542048445540035, 0.004542048445540035, 0.004542048445540035, 0.004542048445540035, 0.004542048445540035, 0.004542048445540035, 0.004542048445540035, 0.004542048445540035, 0.004664936511150095, 0.004664936511150095, 0.004664936511150095, 0.004664936511150095, 0.004664936511150095, 0.004664936511150095, 0.004664936511150095, 0.004664936511150095, 0.004664936511150095, 0.004664936511150095, 0.004664936511150095, 0.004664936511150095, 0.004664936511150095, 0.004664936511150095, 0.004664936511150095, 0.004664936511150095, 0.004664936511150095, 0.004664936511150095, 0.004664936511150095, 0.004664936511150095, 0.004664936511150095, 0.004664936511150095, 0.004664936511150095, 0.004625395735965271, 0.004625395735965271, 0.004625395735965271, 0.004625395735965271, 0.0045823084815852545, 0.0045823084815852545, 0.0045823084815852545, 0.0045823084815852545, 0.0045823084815852545, 0.0045823084815852545, 0.0045823084815852545, 0.0045823084815852545, 0.0045823084815852545, 0.0045823084815852545, 0.0045823084815852545, 0.0045823084815852545, 0.0045823084815852545, 0.0045823084815852545, 0.0045823084815852545, 0.0045823084815852545, 0.0045823084815852545, 0.0045823084815852545, 0.0045823084815852545, 0.0045823084815852545, 0.0045823084815852545, 0.0045823084815852545, 0.0045823084815852545, 0.0045823084815852545, 0.0045823084815852545, 0.0045823084815852545, 0.0045823084815852545, 0.0045823084815852545, 0.0045823084815852545, 0.0045823084815852545, 0.0045823084815852545, 0.0045823084815852545, 0.0045823084815852545, 0.00469476477861571, 0.00469476477861571, 0.00469476477861571, 0.00469476477861571, 0.00469476477861571, 0.00469476477861571, 0.00469476477861571, 0.00469476477861571, 0.00469476477861571, 0.004750767929331778, 0.004750767929331778, 0.004750767929331778, 0.004750767929331778, 0.004750767929331778, 0.004750767929331778, 0.004750767929331778, 0.004750767929331778, 0.004750767929331778, 0.004750767929331778, 0.004750767929331778, 0.004750767929331778, 0.004750767929331778, 0.004750767929331778, 0.004750767929331778, 0.004750767929331778, 0.004750767929331778, 0.004750767929331778, 0.004750767929331778, 0.004750767929331778, 0.004750767929331778, 0.004750767929331778, 0.004750767929331778, 0.004750767929331778, 0.004750767929331778, 0.004750767929331778, 0.004750767929331778, 0.004750767929331778, 0.004750767929331778, 0.004750767929331778, 0.004750767929331778, 0.004750767929331778, 0.004750767929331778, 0.004750767929331778, 0.004750767929331778, 0.004750767929331778, 0.004750767929331778, 0.004750767929331778, 0.004750767929331778, 0.004750767929331778, 0.004750767929331778, 0.004750767929331778, 0.004750767929331778, 0.004750767929331778, 0.004750767929331778, 0.004750767929331778, 0.004750767929331778, 0.004750767929331778, 0.004750767929331778, 0.004750767929331778, 0.004750767929331778, 0.004999428538771777, 0.004999428538771777, 0.004999428538771777, 0.004999428538771777, 0.004999428538771777, 0.004999428538771777, 0.004999428538771777, 0.004999428538771777, 0.004999428538771777, 0.004999428538771777, 0.004999428538771777, 0.004999428538771777, 0.004999428538771777, 0.004999428538771777, 0.004999428538771777, 0.004999428538771777, 0.004999428538771777, 0.004999428538771777, 0.004999428538771777, 0.004999428538771777, 0.004999428538771777, 0.004999428538771777, 0.004999428538771777, 0.004999428538771777, 0.004999428538771777, 0.004999428538771777, 0.004999428538771777, 0.004999428538771777, 0.004999428538771777, 0.004999428538771777, 0.004999428538771777, 0.004999428538771777, 0.004999428538771777, 0.004999428538771777, 0.004999428538771777, 0.004999428538771777, 0.004999428538771777, 0.0049447560349220425, 0.0049447560349220425, 0.0049447560349220425, 0.0049447560349220425, 0.0049447560349220425, 0.0049447560349220425, 0.0049447560349220425, 0.0049447560349220425, 0.0049447560349220425, 0.0049447560349220425, 0.0049447560349220425, 0.0049447560349220425, 0.005034574339058884, 0.005119948979337627, 0.005119948979337627, 0.005119948979337627, 0.005119948979337627, 0.005119948979337627, 0.005119948979337627, 0.005119948979337627, 0.005119948979337627, 0.005119948979337627, 0.005119948979337627, 0.005119948979337627, 0.005119948979337627, 0.005119948979337627, 0.005119948979337627, 0.005119948979337627, 0.005119948979337627, 0.005119948979337627, 0.005119948979337627, 0.005119948979337627, 0.005119948979337627, 0.005119948979337627, 0.005119948979337627, 0.005119948979337627, 0.005119948979337627, 0.005119948979337627, 0.005119948979337627, 0.005119948979337627, 0.005119948979337627, 0.005119948979337627, 0.005057869197233805, 0.005057869197233805, 0.005057869197233805, 0.005057869197233805, 0.005057869197233805, 0.005057869197233805, 0.005057869197233805, 0.005057869197233805, 0.005057869197233805, 0.005057869197233805, 0.004992075352649498, 0.004992075352649498, 0.004992075352649498, 0.004992075352649498, 0.004992075352649498, 0.004992075352649498, 0.004992075352649498, 0.004992075352649498, 0.004992075352649498, 0.004992075352649498, 0.004992075352649498, 0.004992075352649498, 0.004992075352649498, 0.004992075352649498, 0.004992075352649498, 0.004992075352649498, 0.004992075352649498, 0.004992075352649498, 0.004992075352649498, 0.004992075352649498, 0.004992075352649498, 0.004992075352649498, 0.004992075352649498, 0.004992075352649498, 0.004992075352649498, 0.004992075352649498, 0.004992075352649498, 0.004992075352649498, 0.004992075352649498, 0.004992075352649498, 0.004992075352649498, 0.004992075352649498, 0.0049224185195524215, 0.0049224185195524215, 0.004997958767010258, 0.004997958767010258, 0.004997958767010258, 0.0050694764854701405, 0.0050694764854701405, 0.0050694764854701405, 0.0050694764854701405, 0.0050694764854701405, 0.0050694764854701405, 0.0050694764854701405, 0.0050694764854701405, 0.0050694764854701405, 0.0050694764854701405, 0.0050694764854701405, 0.0050694764854701405, 0.0050694764854701405, 0.0050694764854701405, 0.0050694764854701405, 0.0050694764854701405, 0.0050694764854701405, 0.0050694764854701405, 0.0050694764854701405, 0.0050694764854701405, 0.0050694764854701405, 0.0050694764854701405, 0.0050694764854701405, 0.0050694764854701405, 0.0050694764854701405, 0.0050694764854701405, 0.0050694764854701405, 0.0050694764854701405, 0.0050694764854701405, 0.0050694764854701405, 0.0050694764854701405, 0.0050694764854701405, 0.0050694764854701405, 0.005137139679007439, 0.005137139679007439, 0.005137139679007439, 0.005137139679007439, 0.005137139679007439, 0.005137139679007439, 0.005137139679007439, 0.005137139679007439, 0.005137139679007439, 0.005137139679007439, 0.005137139679007439, 0.005137139679007439, 0.005137139679007439, 0.005137139679007439, 0.005201098785009623, 0.005201098785009623, 0.005201098785009623, 0.005201098785009623, 0.005201098785009623, 0.005119948979337627, 0.005119948979337627, 0.005119948979337627, 0.005119948979337627, 0.005119948979337627, 0.005119948979337627, 0.005119948979337627, 0.005119948979337627, 0.005119948979337627, 0.005119948979337627, 0.005119948979337627, 0.005119948979337627, 0.005119948979337627, 0.005119948979337627, 0.005119948979337627, 0.005119948979337627, 0.00531843156256751, 0.00531843156256751, 0.00531843156256751, 0.00531843156256751, 0.00531843156256751, 0.00531843156256751, 0.00531843156256751, 0.00531843156256751, 0.00531843156256751, 0.00531843156256751, 0.00531843156256751, 0.00531843156256751, 0.00531843156256751, 0.00531843156256751, 0.00531843156256751, 0.00531843156256751, 0.00531843156256751, 0.00531843156256751, 0.00531843156256751, 0.005638931726879495, 0.005638931726879495, 0.005638931726879495, 0.005638931726879495, 0.005638931726879495, 0.005638931726879495, 0.005638931726879495, 0.005638931726879495, 0.005638931726879495, 0.005638931726879495, 0.005638931726879495, 0.005638931726879495, 0.005814689350678844, 0.005814689350678844, 0.005814689350678844, 0.005814689350678844, 0.005814689350678844, 0.005814689350678844, 0.005814689350678844, 0.005814689350678844, 0.005814689350678844, 0.005814689350678844, 0.005814689350678844, 0.005814689350678844, 0.005814689350678844, 0.005814689350678844, 0.005814689350678844, 0.005814689350678844, 0.005814689350678844, 0.005814689350678844, 0.005814689350678844, 0.005814689350678844, 0.005814689350678844, 0.005814689350678844, 0.005814689350678844, 0.005814689350678844, 0.005814689350678844, 0.005814689350678844, 0.005814689350678844, 0.005814689350678844, 0.005814689350678844, 0.005814689350678844, 0.005813425699821659, 0.005813425699821659, 0.005813425699821659, 0.005813425699821659, 0.005813425699821659, 0.005813425699821659, 0.005813425699821659, 0.005813425699821659, 0.005974230374820557, 0.005974230374820557, 0.005974230374820557, 0.005974230374820557, 0.005974230374820557, 0.005974230374820557, 0.005974230374820557, 0.005974230374820557, 0.005974230374820557, 0.005883772217736176, 0.005883772217736176, 0.005883772217736176, 0.005883772217736176, 0.005883772217736176, 0.005883772217736176, 0.005883772217736176, 0.005914906799686669, 0.005914906799686669, 0.005914906799686669, 0.005914906799686669, 0.005914906799686669, 0.005914906799686669, 0.005914906799686669, 0.005914906799686669, 0.006185697789486417, 0.006185697789486417, 0.006185697789486417, 0.006185697789486417, 0.006185697789486417, 0.006185697789486417, 0.006185697789486417, 0.006185697789486417, 0.006185697789486417, 0.006185697789486417, 0.006185697789486417, 0.006185697789486417, 0.006185697789486417, 0.006185697789486417, 0.006185697789486417, 0.006185697789486417, 0.0063277813115286, 0.0063277813115286, 0.0063277813115286, 0.0063277813115286, 0.0063277813115286, 0.0063277813115286, 0.0063277813115286, 0.0064644711891307894, 0.0064644711891307894, 0.0064644711891307894, 0.006369442355368902, 0.006369442355368902, 0.006369442355368902, 0.006369442355368902, 0.006369442355368902, 0.006369442355368902, 0.006386720917781882, 0.006386720917781882, 0.006386720917781882, 0.006386720917781882, 0.006386720917781882, 0.006515413436221676, 0.006515413436221676, 0.006515413436221676, 0.006515413436221676, 0.006515413436221676, 0.006515413436221676, 0.006515413436221676, 0.006515413436221676, 0.006639400022069857, 0.006639400022069857, 0.006639400022069857, 0.006639400022069857, 0.006639400022069857, 0.006639400022069857, 0.006639400022069857, 0.006639400022069857, 0.006639400022069857, 0.006639400022069857, 0.006639400022069857, 0.006639400022069857, 0.006639400022069857, 0.006639400022069857, 0.006639400022069857, 0.006639400022069857, 0.006639400022069857, 0.006866778943669621, 0.006866778943669621, 0.006866778943669621, 0.006866778943669621, 0.006866778943669621, 0.006866778943669621, 0.006866778943669621, 0.006866778943669621, 0.006866778943669621, 0.006866778943669621, 0.006866778943669621, 0.006866778943669621, 0.006866778943669621, 0.006866778943669621, 0.006866778943669621, 0.006866778943669621, 0.006866778943669621, 0.006866778943669621, 0.006866778943669621, 0.006866778943669621, 0.006866778943669621, 0.006866778943669621, 0.006866778943669621, 0.006866778943669621, 0.006866778943669621, 0.006866778943669621, 0.006866778943669621, 0.006866778943669621, 0.006866778943669621, 0.006866778943669621, 0.006866778943669621, 0.006866778943669621, 0.006866778943669621, 0.006866778943669621, 0.006866778943669621, 0.006866778943669621, 0.006866778943669621, 0.006866778943669621, 0.006866778943669621, 0.006866778943669621, 0.006866778943669621, 0.006866778943669621, 0.006866778943669621, 0.006866778943669621, 0.006866778943669621, 0.006866778943669621, 0.006866778943669621, 0.006866778943669621, 0.006866778943669621, 0.006866778943669621, 0.006866778943669621, 0.006866778943669621, 0.006866778943669621, 0.006866778943669621, 0.006866778943669621, 0.006866778943669621, 0.006866778943669621, 0.006866778943669621, 0.006866778943669621, 0.006866778943669621, 0.006866778943669621, 0.006866778943669621, 0.006866778943669621, 0.006866778943669621, 0.006766544350625331, 0.006766544350625331, 0.006766544350625331, 0.006766544350625331, 0.006766544350625331, 0.006766544350625331, 0.006766544350625331, 0.006766544350625331, 0.006766544350625331, 0.006766544350625331, 0.006771971045178404, 0.006771971045178404, 0.006771971045178404, 0.006771971045178404, 0.006771971045178404, 0.006771971045178404, 0.00666590471836237, 0.00666590471836237, 0.00666590471836237, 0.00666590471836237, 0.00666590471836237, 0.00666590471836237, 0.00666590471836237, 0.00666590471836237, 0.00666590471836237, 0.00666590471836237, 0.00666590471836237, 0.00666590471836237, 0.00666590471836237, 0.00666590471836237, 0.00666590471836237, 0.00666590471836237, 0.00666590471836237, 0.00666590471836237, 0.00666590471836237, 0.00666590471836237, 0.00666590471836237, 0.00666590471836237, 0.00666590471836237, 0.00666590471836237, 0.00666590471836237, 0.00666590471836237, 0.00666590471836237, 0.00666590471836237, 0.00666590471836237, 0.00666590471836237, 0.00666590471836237, 0.00666590471836237, 0.00666590471836237, 0.00666590471836237, 0.00666590471836237, 0.00666590471836237, 0.00666590471836237, 0.00666590471836237, 0.00666590471836237, 0.00666590471836237, 0.00666590471836237, 0.00666590471836237, 0.00666590471836237, 0.00666590471836237, 0.00666590471836237, 0.00666590471836237, 0.00666590471836237, 0.00666590471836237, 0.00666590471836237, 0.00666590471836237, 0.00666590471836237, 0.00666590471836237, 0.00666590471836237, 0.00666590471836237, 0.00666590471836237, 0.00666590471836237, 0.006555882231762153, 0.006555882231762153, 0.006555882231762153, 0.006555882231762153, 0.006555882231762153, 0.006555882231762153, 0.006555882231762153, 0.006555882231762153, 0.006555882231762153, 0.006555882231762153, 0.006555882231762153, 0.006555882231762153, 0.006555882231762153, 0.006555882231762153, 0.006555882231762153, 0.006555882231762153, 0.006555882231762153, 0.006555882231762153, 0.006555882231762153, 0.006555882231762153, 0.006555882231762153, 0.006555882231762153, 0.006555882231762153, 0.006555882231762153, 0.006555882231762153, 0.006555882231762153, 0.006555882231762153, 0.006555882231762153, 0.006555882231762153, 0.006555882231762153, 0.006555882231762153, 0.006555882231762153, 0.006555882231762153, 0.006555882231762153, 0.006555882231762153, 0.006555882231762153, 0.006555882231762153, 0.006555882231762153, 0.006555882231762153, 0.006555882231762153, 0.006555882231762153, 0.006555882231762153, 0.006555882231762153, 0.006555882231762153, 0.006555882231762153, 0.006555882231762153, 0.006555882231762153, 0.006555882231762153, 0.006555882231762153, 0.006555882231762153, 0.006555882231762153, 0.006555882231762153, 0.006555882231762153, 0.006555882231762153, 0.006555882231762153, 0.006555882231762153, 0.006555882231762153, 0.006555882231762153, 0.006555882231762153, 0.006555882231762153, 0.006555882231762153, 0.006555882231762153, 0.006555882231762153, 0.006775224975555259, 0.006775224975555259, 0.006775224975555259, 0.006775224975555259, 0.006775224975555259, 0.006775224975555259, 0.006775224975555259, 0.006879606063710097, 0.006879606063710097, 0.006879606063710097, 0.006879606063710097, 0.006879606063710097, 0.006874264339118887, 0.006874264339118887, 0.006874264339118887, 0.006874264339118887, 0.006874264339118887, 0.006874264339118887, 0.006874264339118887, 0.006874264339118887, 0.006874264339118887, 0.007077529835431891, 0.007077529835431891, 0.007077529835431891, 0.007077529835431891, 0.007077529835431891, 0.007077529835431891, 0.007077529835431891, 0.007077529835431891, 0.007077529835431891, 0.007077529835431891, 0.007077529835431891, 0.007077529835431891, 0.007077529835431891, 0.007077529835431891, 0.006963461489687965, 0.006963461489687965, 0.006963461489687965, 0.006963461489687965, 0.006963461489687965, 0.006963461489687965, 0.006963461489687965, 0.006963461489687965, 0.006963461489687965, 0.006963461489687965, 0.006963461489687965, 0.006963461489687965, 0.006963461489687965, 0.006963461489687965, 0.006963461489687965, 0.006963461489687965, 0.006963461489687965, 0.006963461489687965, 0.006963461489687965, 0.006951846032911411, 0.006951846032911411, 0.006951846032911411, 0.006951846032911411, 0.006951846032911411, 0.006951846032911411, 0.006951846032911411, 0.006951846032911411, 0.006951846032911411, 0.006951846032911411, 0.006951846032911411, 0.006951846032911411, 0.006951846032911411, 0.006951846032911411, 0.006951846032911411, 0.006951846032911411, 0.006951846032911411, 0.006951846032911411, 0.006951846032911411, 0.006951846032911411, 0.006951846032911411, 0.006951846032911411, 0.006951846032911411, 0.006951846032911411, 0.006951846032911411, 0.006951846032911411, 0.006951846032911411, 0.006951846032911411, 0.006938093603947907, 0.006938093603947907, 0.006938093603947907, 0.006938093603947907, 0.006938093603947907, 0.006938093603947907, 0.006938093603947907, 0.006938093603947907, 0.006938093603947907, 0.006938093603947907, 0.006938093603947907, 0.006938093603947907, 0.006938093603947907, 0.006938093603947907, 0.006938093603947907, 0.006938093603947907, 0.006938093603947907, 0.006938093603947907, 0.006938093603947907, 0.006938093603947907, 0.007131304943983369, 0.007131304943983369, 0.007131304943983369, 0.007131304943983369, 0.007131304943983369, 0.007131304943983369, 0.007131304943983369, 0.007131304943983369, 0.007131304943983369, 0.007131304943983369, 0.007131304943983369, 0.007131304943983369, 0.007216308061662579, 0.007216308061662579, 0.007216308061662579, 0.007216308061662579, 0.007216308061662579, 0.007216308061662579, 0.007216308061662579, 0.007216308061662579, 0.007216308061662579, 0.007216308061662579, 0.007216308061662579, 0.007216308061662579, 0.007216308061662579, 0.007216308061662579, 0.007216308061662579, 0.007216308061662579, 0.007298308442539886, 0.007298308442539886, 0.007298308442539886, 0.007298308442539886, 0.007298308442539886, 0.007298308442539886, 0.007298308442539886, 0.007476329995665095, 0.007476329995665095, 0.0077437532428218745, 0.0077437532428218745, 0.0077437532428218745, 0.0077437532428218745, 0.0077437532428218745, 0.0077437532428218745, 0.0077437532428218745, 0.0077437532428218745, 0.0077437532428218745, 0.0077437532428218745, 0.0077437532428218745, 0.0077437532428218745, 0.0077437532428218745, 0.0077437532428218745, 0.0077437532428218745, 0.0077437532428218745, 0.0077437532428218745, 0.0077437532428218745, 0.0077437532428218745, 0.0077437532428218745, 0.0077437532428218745, 0.007814586048028444, 0.007814586048028444, 0.007814586048028444, 0.007814586048028444, 0.007814586048028444, 0.007814586048028444, 0.007814586048028444, 0.007814586048028444, 0.007814586048028444, 0.007814586048028444, 0.007814586048028444, 0.0077891604430877694, 0.0077891604430877694, 0.0077891604430877694, 0.0077891604430877694, 0.0077891604430877694, 0.007666518779999279, 0.007666518779999279, 0.007666518779999279, 0.007666518779999279, 0.007666518779999279, 0.007666518779999279, 0.007666518779999279, 0.007666518779999279, 0.007666518779999279, 0.007666518779999279, 0.007539934498714027, 0.007539934498714027, 0.007539934498714027, 0.007539934498714027, 0.007539934498714027, 0.007539934498714027, 0.007539934498714027, 0.007539934498714027, 0.007539934498714027, 0.007507710322442808, 0.007507710322442808, 0.007507710322442808, 0.007507710322442808, 0.007507710322442808, 0.007507710322442808, 0.007507710322442808, 0.007507710322442808, 0.007507710322442808, 0.007507710322442808, 0.007507710322442808, 0.007507710322442808, 0.007507710322442808, 0.007507710322442808, 0.007667477034959586, 0.007667477034959586, 0.007667477034959586, 0.007667477034959586, 0.007667477034959586, 0.007667477034959586, 0.007667477034959586, 0.007667477034959586, 0.007667477034959586, 0.007667477034959586, 0.007667477034959586, 0.007667477034959586, 0.007667477034959586, 0.007667477034959586, 0.007667477034959586, 0.007667477034959586, 0.007667477034959586, 0.007667477034959586, 0.007667477034959586, 0.007667477034959586, 0.007667477034959586, 0.007667477034959586, 0.007667477034959586, 0.007667477034959586, 0.007667477034959586, 0.007667477034959586, 0.007667477034959586, 0.007667477034959586, 0.007667477034959586, 0.007667477034959586, 0.007667477034959586, 0.007667477034959586, 0.007667477034959586, 0.007667477034959586, 0.007667477034959586, 0.007667477034959586, 0.007667477034959586, 0.007667477034959586, 0.007667477034959586, 0.007667477034959586, 0.007667477034959586, 0.007667477034959586, 0.007667477034959586, 0.007667477034959586, 0.007667477034959586, 0.007535060906000883, 0.007535060906000883, 0.007535060906000883, 0.007535060906000883, 0.0074969381505153865, 0.0074969381505153865, 0.0074969381505153865, 0.0074969381505153865, 0.007456650230033672, 0.007456650230033672, 0.007456650230033672, 0.007456650230033672, 0.007456650230033672, 0.007456650230033672, 0.007456650230033672, 0.007512601658112148, 0.007512601658112148, 0.007512601658112148, 0.007512601658112148, 0.007512601658112148, 0.007512601658112148, 0.007512601658112148, 0.007456650230033672, 0.007456650230033672, 0.007456650230033672, 0.007456650230033672, 0.007512601658112147, 0.007512601658112147, 0.007512601658112147, 0.007512601658112147, 0.007512601658112147, 0.007512601658112147, 0.007512601658112147, 0.007512601658112147, 0.007512601658112147, 0.007512601658112147, 0.007512601658112147, 0.007512601658112147, 0.007512601658112147, 0.007512601658112147, 0.007512601658112147, 0.007468464312271531, 0.007468464312271531, 0.007468464312271531, 0.007468464312271531, 0.007468464312271531, 0.007468464312271531, 0.007468464312271531, 0.0074220850802706045, 0.0074220850802706045, 0.0074220850802706045, 0.0074220850802706045, 0.0074220850802706045, 0.0074220850802706045, 0.0074220850802706045, 0.0074220850802706045, 0.0074220850802706045, 0.0074220850802706045, 0.0074220850802706045, 0.0074220850802706045, 0.0074220850802706045, 0.0074220850802706045, 0.0074220850802706045, 0.0074220850802706045, 0.0074220850802706045, 0.0074220850802706045, 0.0074220850802706045, 0.0074220850802706045, 0.0074220850802706045, 0.0074220850802706045, 0.0074220850802706045, 0.0074220850802706045, 0.0074220850802706045, 0.0074220850802706045, 0.0074220850802706045, 0.0074220850802706045, 0.0074220850802706045, 0.0074220850802706045, 0.007373421657465108, 0.007373421657465108, 0.007373421657465108, 0.007373421657465108, 0.007373421657465108, 0.007373421657465108, 0.007373421657465108, 0.007373421657465108, 0.007373421657465108, 0.007373421657465108, 0.007373421657465108, 0.007373421657465108, 0.007373421657465108, 0.007373421657465108, 0.007221396778225902, 0.007221396778225902, 0.007221396778225902, 0.007221396778225902, 0.007221396778225902, 0.007221396778225902, 0.007221396778225902, 0.007221396778225902, 0.007221396778225902, 0.007221396778225902, 0.007221396778225902, 0.007221396778225902, 0.007221396778225902, 0.007221396778225902, 0.007221396778225902, 0.007221396778225902, 0.007221396778225902, 0.007221396778225902, 0.007221396778225902, 0.007221396778225902, 0.007221396778225902, 0.007221396778225902, 0.007221396778225902, 0.007221396778225902, 0.007221396778225902, 0.007221396778225902, 0.007221396778225902, 0.007221396778225902, 0.007221396778225902, 0.007221396778225902, 0.007221396778225902, 0.007221396778225902, 0.007221396778225902, 0.007221396778225902, 0.007221396778225902, 0.007221396778225902, 0.007221396778225902, 0.007221396778225902, 0.007221396778225902, 0.007221396778225902, 0.007221396778225902, 0.007221396778225902, 0.007221396778225902, 0.007221396778225902, 0.007221396778225902, 0.007221396778225902, 0.007221396778225902, 0.007221396778225902, 0.007221396778225902, 0.007221396778225902, 0.007221396778225902, 0.00716727255784007, 0.00716727255784007, 0.00716727255784007, 0.00716727255784007, 0.00716727255784007, 0.00716727255784007, 0.00716727255784007, 0.00716727255784007, 0.00716727255784007, 0.00716727255784007, 0.00716727255784007, 0.00716727255784007, 0.00716727255784007, 0.00716727255784007, 0.00716727255784007, 0.00716727255784007, 0.00716727255784007, 0.00716727255784007, 0.00716727255784007, 0.007213253108560884, 0.007213253108560884, 0.007213253108560884, 0.007213253108560884, 0.007213253108560884, 0.007213253108560884, 0.007213253108560884, 0.007213253108560884, 0.007213253108560884, 0.007456650230033672, 0.007456650230033672, 0.007456650230033672, 0.007456650230033672, 0.007456650230033672, 0.007456650230033672, 0.007456650230033672, 0.007456650230033672, 0.007456650230033672, 0.007456650230033672, 0.007456650230033672, 0.007456650230033672, 0.007456650230033672, 0.007456650230033672, 0.007456650230033672, 0.007456650230033672, 0.007456650230033672, 0.007554536412524813, 0.007554536412524813, 0.007554536412524813, 0.007554536412524813, 0.007554536412524813, 0.007554536412524813, 0.007554536412524813, 0.007496938150515386, 0.007496938150515386, 0.007496938150515386, 0.007631941470703564, 0.007631941470703564, 0.007631941470703564, 0.007631941470703564, 0.007631941470703564, 0.007631941470703564, 0.007631941470703564, 0.007631941470703564, 0.007631941470703564, 0.007631941470703564, 0.007631941470703564, 0.007667477034959586, 0.007667477034959586, 0.007667477034959586, 0.007667477034959586, 0.007667477034959586, 0.007667477034959586, 0.007667477034959586, 0.007667477034959586, 0.007700940838359841, 0.007700940838359841, 0.007700940838359841, 0.007700940838359841, 0.007700940838359841, 0.007700940838359841, 0.007700940838359841, 0.007700940838359841, 0.007920111316471891, 0.007920111316471891, 0.007920111316471891, 0.007920111316471891, 0.007920111316471891, 0.007920111316471891, 0.007920111316471891, 0.007920111316471891, 0.007920111316471891, 0.007920111316471891, 0.007920111316471891, 0.007920111316471891, 0.007920111316471891, 0.007920111316471891, 0.007920111316471891, 0.007920111316471891, 0.007920111316471891, 0.007855844048495726, 0.007855844048495726, 0.007855844048495726, 0.007855844048495726, 0.007855844048495726, 0.007855844048495726, 0.007855844048495726, 0.007855844048495726, 0.007855844048495726, 0.00788291875914406, 0.00788291875914406, 0.00788291875914406, 0.00788291875914406, 0.00788291875914406, 0.00788291875914406, 0.007814586048028444, 0.007814586048028444, 0.007814586048028444, 0.007814586048028444, 0.007814586048028444, 0.007814586048028444, 0.007814586048028444, 0.007814586048028444, 0.007814586048028444, 0.007814586048028444, 0.007814586048028444, 0.007814586048028444, 0.007814586048028444, 0.007814586048028444, 0.007814586048028444, 0.007814586048028444, 0.007814586048028444, 0.007814586048028444, 0.007814586048028444, 0.007814586048028444, 0.007814586048028444, 0.007814586048028444, 0.007814586048028444, 0.007814586048028444, 0.007814586048028444, 0.007814586048028444, 0.007814586048028444, 0.007814586048028444, 0.007814586048028444, 0.007814586048028444, 0.007814586048028444, 0.007814586048028444, 0.007814586048028444, 0.007814586048028444, 0.007814586048028444, 0.007814586048028444, 0.007814586048028444, 0.007814586048028444, 0.007814586048028444, 0.007814586048028444, 0.00783805473576297, 0.00783805473576297, 0.00783805473576297, 0.0077655439905642, 0.0077655439905642, 0.0077655439905642, 0.0077655439905642, 0.0077655439905642, 0.0077655439905642, 0.0077655439905642, 0.0077655439905642, 0.0077655439905642, 0.0077655439905642, 0.007594305062858292, 0.007594305062858292, 0.007612663992402691, 0.007612663992402691, 0.007612663992402691, 0.007612663992402691, 0.007612663992402691, 0.007612663992402691, 0.007612663992402691, 0.007612663992402691, 0.007612663992402691, 0.007612663992402691, 0.007612663992402691, 0.007612663992402691, 0.007612663992402691, 0.007612663992402691, 0.007612663992402691, 0.007612663992402691, 0.007612663992402691, 0.007612663992402691, 0.007612663992402691, 0.007612663992402691, 0.007612663992402691, 0.007612663992402691, 0.007724754800943126, 0.007724754800943126, 0.007724754800943126, 0.007724754800943126, 0.007724754800943126, 0.007724754800943126, 0.007724754800943126, 0.007724754800943126, 0.007724754800943126, 0.007724754800943126, 0.007724754800943126, 0.007724754800943126, 0.007643484620437012, 0.007643484620437012, 0.007643484620437012, 0.007643484620437012, 0.007751339581396395, 0.007761758689832071, 0.007761758689832071, 0.007761758689832071, 0.007761758689832071, 0.007761758689832071, 0.007761758689832071, 0.007675138767608102, 0.007675138767608102, 0.007675138767608102, 0.007675138767608102, 0.007675138767608102, 0.007675138767608102, 0.007675138767608102, 0.007675138767608102, 0.007870793337085026, 0.007870793337085026, 0.007870793337085026, 0.007870793337085026, 0.007870793337085026, 0.007870793337085026, 0.008059877955221234, 0.008059877955221234, 0.008059877955221234, 0.008059877955221234, 0.008059877955221234, 0.008059877955221234, 0.008059877955221234, 0.008059877955221234, 0.008059877955221234, 0.008153226480407392, 0.008153226480407392, 0.008153226480407392, 0.008153226480407392, 0.008153226480407392, 0.008153226480407392, 0.008153226480407392, 0.008153226480407392, 0.008153226480407392, 0.008153226480407392, 0.008153226480407392, 0.008153226480407392, 0.008153226480407392, 0.008674522865194113, 0.008674522865194113, 0.008915109852013568, 0.009062233810305992, 0.009062233810305992, 0.009062233810305992, 0.00929199787396639, 0.00929199787396639, 0.00929199787396639, 0.00929199787396639, 0.00929199787396639, 0.00929199787396639, 0.009514671806837939, 0.009514671806837939, 0.009514671806837939, 0.009514671806837939, 0.009578547459222167, 0.009791708278967881, 0.009791708278967881, 0.009791708278967881, 0.009791708278967881, 0.009998857077543555, 0.010536932133002955, 0.010536932133002955, 0.010536932133002955, 0.010536932133002955, 0.010536932133002955, 0.010536932133002955, 0.010536932133002955, 0.010536932133002955, 0.010448005375502572, 0.010448005375502572, 0.010448005375502572, 0.010448005375502572, 0.010448005375502572, 0.010448005375502572, 0.010448005375502572, 0.010497813183356478, 0.010497813183356478, 0.010405728406674345, 0.010405728406674345, 0.010405728406674345, 0.010405728406674345, 0.010382402694669751, 0.010382402694669751, 0.010382402694669751, 0.010382402694669751, 0.010382402694669751, 0.010382402694669751, 0.010706397095919347, 0.010706397095919347, 0.01061196859922891, 0.01061196859922891, 0.01072285371702583, 0.01072285371702583, 0.01072285371702583, 0.01072285371702583, 0.01072285371702583, 0.010694725001473523, 0.010733810780778232, 0.010733810780778232, 0.010733810780778232, 0.010733810780778232, 0.010771390678220577, 0.010942596043136441, 0.011109841197270617, 0.011207941790697944, 0.011207941790697944, 0.011207941790697944, 0.011433141943222674, 0.011525942344935423, 0.011525942344935423, 0.01170557167178371, 0.01170557167178371, 0.01170557167178371, 0.011916443792216755, 0.011877538396795312, 0.011877538396795312, 0.011877538396795312, 0.011877538396795312, 0.011775034121879586, 0.011775034121879586, 0.011775034121879586, 0.011814898930363048, 0.011814898930363048, 0.011814898930363048, 0.011832918455887097, 0.011973030919017752, 0.011973030919017752, 0.01195399344084116, 0.012087841758037161, 0.01227900148835484, 0.01227900148835484, 0.01216780630204482, 0.0124146720308131, 0.0124146720308131, 0.012597375820027772, 0.012597375820027772, 0.012597375820027772, 0.012597375820027772, 0.012597375820027772, 0.012602623633552643, 0.01260670375601159, 0.012783216036854651, 0.012784940120217655, 0.012784940120217655, 0.013069109864602916, 0.013067423273943803, 0.013067423273943803, 0.013067423273943803, 0.013008254835970543, 0.013008254835970543, 0.013008254835970543, 0.013008254835970543, 0.013116806480424188, 0.013116806480424188, 0.013334013588089182, 0.013334013588089182, 0.013546654078948568, 0.013546654078948568, 0.013754939743486292, 0.013754939743486292, 0.013754939743486292, 0.013754939743486292, 0.013754939743486292, 0.013754939743486292, 0.013800266190866592, 0.01373783692090229, 0.013781087306411595, 0.013781087306411595, 0.014034127500271528, 0.014126484028958096, 0.014126484028958096, 0.014254881011536408, 0.014239926622145271, 0.014239926622145271, 0.014479880482086522, 0.01466491022259375, 0.01466491022259375, 0.01466491022259375, 0.01466491022259375, 0.01466491022259375, 0.0146974383440636, 0.0146974383440636, 0.0146974383440636, 0.0146974383440636, 0.0146974383440636, 0.0146974383440636, 0.014936928624543063, 0.014942829827890905, 0.014942829827890905, 0.015042796092672209, 0.015042796092672209, 0.015260513271385156, 0.015474218189344125, 0.01593640422403488, 0.01611063788498843, 0.01611063788498843, 0.01611063788498843, 0.016353692711620897, 0.01645892847455788, 0.016695153885643164, 0.016927215135541282, 0.016927215135541282, 0.016927215135541282, 0.016927215135541282, 0.016852832378673726, 0.017123989617147145, 0.017177536351352624, 0.017015527122757793, 0.017015527122757793, 0.017015527122757793, 0.017015527122757793, 0.01716170392567862, 0.017296879510950134, 0.017296879510950134, 0.017296879510950134, 0.017296879510950134, 0.01739345408186537, 0.017398099825872374, 0.017528099888872318, 0.01748907530723225, 0.01748907530723225, 0.017450384476204152, 0.017450384476204152, 0.017450805489859143, 0.017450805489859143, 0.017450805489859143, 0.017534386042218617, 0.017534386042218617, 0.017534386042218617, 0.01744406805203653, 0.017852044986613764, 0.017852044986613764, 0.018010609118414806, 0.018004489236106123, 0.0181196026446498, 0.0181196026446498, 0.0181196026446498, 0.018393654629035656, 0.01858399574793278, 0.01858399574793278, 0.01858399574793278, 0.018593876543043925, 0.01888400683874358, 0.01871478734333154, 0.01878883732867112, 0.01878883732867112, 0.018816579749502505, 0.018816579749502505, 0.01891510572240599, 0.019069839420147304, 0.019028185324268154, 0.019044780740911347, 0.01902200658957613, 0.01902200658957613, 0.018920931072573074, 0.019204973845547493, 0.019064830319256473, 0.018934904600892446, 0.018934904600892446, 0.018934904600892446, 0.018934904600892446, 0.018934904600892446, 0.01925387848550764, 0.019187751194925565, 0.019043623390435305, 0.019043623390435305, 0.019282475918590444, 0.019282475918590444, 0.019282475918590444, 0.019404396724580178, 0.01945582122635374, 0.019649333997126015, 0.019773451589317988, 0.019738866663080157, 0.019738866663080157, 0.0198161344281237, 0.01970496674155311, 0.01970496674155311, 0.01970496674155311, 0.019591293359811756, 0.019591293359811756, 0.019591293359811756, 0.019591293359811756, 0.019591293359811756, 0.019591293359811756, 0.019591293359811756, 0.019591293359811756, 0.019591293359811756, 0.019591293359811756, 0.019591293359811756, 0.019514264798148172, 0.019514264798148172, 0.019514264798148172, 0.019432772655007945, 0.019432772655007945, 0.019432772655007945, 0.019432772655007945, 0.019654194130993403, 0.019654194130993403, 0.019654194130993403, 0.019712049562619908, 0.019704966741553115, 0.019704966741553115, 0.019613781077682736, 0.019394928855402446, 0.01953232799065933, 0.01953232799065933, 0.01959279334399279, 0.01976416051382721, 0.019636243042301306, 0.01961939897974784, 0.01993626579571889, 0.01993626579571889, 0.01993626579571889, 0.020028551049510724, 0.020028551049510724, 0.020153249598706287, 0.020153249598706287, 0.020168919309731224, 0.020074351591937777, 0.02016163258695656, 0.02016163258695656, 0.020428431567952803, 0.020428431567952803, 0.020428431567952803, 0.020631697428362752, 0.020631697428362752, 0.02067829385453969, 0.02059141885864704, 0.020750647887598644, 0.020934299557405396, 0.020905853100927286, 0.020905853100927286, 0.021403184962304377, 0.021403184962304377, 0.02161632036500313, 0.021723456709938485, 0.021723456709938485, 0.021657406707778347, 0.021961599138830803, 0.021927114888806935, 0.022258004751329444, 0.02232161942775548, 0.022547908179370125, 0.0226418792037576, 0.022858892790155797, 0.02313491927359848, 0.023089144016800872, 0.023089144016800872, 0.023040727029345585, 0.023040727029345585, 0.023031478015790405, 0.023053478200541825, 0.023201829625251188, 0.023198346176098898, 0.023198346176098898, 0.023198346176098898, 0.023198346176098898, 0.02306208125553144, 0.023047103496791885, 0.023063355509269218, 0.02306208125553144, 0.02306208125553144, 0.02306208125553144, 0.023166654431553566, 0.023411457163760915, 0.023411457163760915, 0.023411457163760915, 0.02354757234335009, 0.02354757234335009, 0.02354757234335009, 0.023495409886066805, 0.023740226775389884, 0.023631041501571182, 0.023631041501571182, 0.024352814864748894, 0.02432715791548404, 0.02430419464929913, 0.024337122060837057, 0.02442962403747231, 0.02442962403747231, 0.02458192466850721, 0.024432330537838668, 0.024310541931014038, 0.02415896335118876, 0.02418783637639854, 0.024517582195940402, 0.024541543287633225, 0.024657126303586564, 0.024682440259076028, 0.024682440259076028, 0.024682440259076028, 0.024855369394863196, 0.024908813291520667, 0.025137531903591526, 0.025101556988866368, 0.025152725336168535, 0.025290508020171666, 0.025290508020171666, 0.02528208206357593, 0.02528208206357593, 0.025234378881815588, 0.025340425072542545, 0.025306480576794424, 0.025323023322740938, 0.02552760810397645, 0.025671106604229478, 0.025912379832262196, 0.025981751838000233, 0.025835428925316917, 0.025835428925316917, 0.025903305281175914, 0.026195497354176214, 0.02639916510739207, 0.02671097000049506, 0.02671097000049506, 0.02722019058548643, 0.027225318348619423, 0.02739882315363347, 0.027401772622535625, 0.027511214781894132, 0.0276462788579924, 0.027674168313370044, 0.02780342072626375, 0.02780342072626375, 0.02780342072626375, 0.027639102735074448, 0.027639102735074448, 0.02773330716900911, 0.027595474340580423, 0.027610379592183983, 0.027610379592183983, 0.027610379592183983, 0.027610379592183983, 0.027762961672277084, 0.027755815717115016, 0.027755815717115016, 0.02785384595875186, 0.028246986474630514, 0.02789101237726181, 0.027773544892907846, 0.027773544892907846, 0.027945749193020102, 0.028103046533957773, 0.028103046533957773, 0.028219663140354845, 0.028219663140354845, 0.0283870910587103, 0.028589280137413575, 0.028589280137413575, 0.0286762648067231, 0.028463338396137957, 0.028383985136779116, 0.028383985136779116, 0.028383985136779116, 0.02842330173700186, 0.028273763709236063, 0.028357052896582746, 0.028266486971576178, 0.028266486971576178, 0.028326982881762636, 0.028326982881762636, 0.028562541474984403, 0.028563313133158366, 0.028563313133158366, 0.028563313133158366, 0.028589280137413575, 0.02851182354099178, 0.028562541474984403, 0.028404684867975205, 0.028404684867975205, 0.028425369525356417, 0.02862805816477454, 0.02862805816477454, 0.02862805816477454, 0.028671140293233643, 0.028563570347917084, 0.028750978687867374, 0.028856322477730522, 0.028856322477730522, 0.028873375915100294, 0.028873375915100294, 0.028813517236016228, 0.028829576649613126, 0.028829576649613126, 0.02891101054290986, 0.02891101054290986, 0.028798214230350165, 0.029003616945449534, 0.029003616945449534, 0.029012481480091515, 0.029012481480091515, 0.029012481480091515, 0.02901678613408143, 0.029135040968649727, 0.029475995075896683, 0.029681410385104336, 0.029712335100810526, 0.029712335100810526, 0.029618967998668057, 0.029618967998668057, 0.029604081351277584, 0.029604081351277584, 0.029732110038591927, 0.029739028160287406, 0.029768659043102524, 0.029768659043102524, 0.029868938203219664, 0.029868938203219664, 0.029992897118334874, 0.029942639039554634, 0.029942639039554634, 0.029942639039554634, 0.029987752602061546, 0.030180436966853283, 0.03032299592112648, 0.030589554039353543, 0.030607562090811107, 0.030546050882066505, 0.030546050882066505, 0.030546050882066505, 0.030682601597914194, 0.030928726492517915, 0.03093442702734615, 0.03094843637868825, 0.03094843637868825, 0.030808533140766606, 0.031011281686456216, 0.031011281686456216, 0.031011281686456216, 0.030975961713587404, 0.030975961713587404, 0.030975961713587404, 0.03116418666694584, 0.03116418666694584, 0.03116418666694584, 0.031194583517276307, 0.03104727139741091, 0.03104727139741091, 0.030937039421432447, 0.03114154649928848, 0.03114838745130037, 0.03114838745130037, 0.03114838745130037, 0.031201883773586625, 0.031254818404037925, 0.03140092290337457, 0.03140092290337457, 0.031712895722435075, 0.031712895722435075, 0.03178625039676297, 0.03178625039676297, 0.03178625039676297, 0.03178625039676297, 0.03181281990336728, 0.03202297644517391, 0.03214205713290134, 0.03214205713290134, 0.03214205713290134, 0.03198326092805167, 0.03198326092805167, 0.03198326092805167, 0.03189239561336187, 0.03149927112859364, 0.031475704916649604, 0.03154495334649669, 0.03161358529983912, 0.03161358529983912, 0.03161358529983912, 0.031518857329334425, 0.031518857329334425, 0.031518857329334425, 0.0315400619879556, 0.031581032799024494, 0.03153097602326309, 0.031386881440031794, 0.031335576703595845]","[0.0, 0.0, 0.0, 0.0, 0.0, 0.000565685424949238, 0.000565685424949238, 0.000565685424949238, 0.0007917946548886297, 0.0007917946548886297, 0.0007917946548886297, 0.0007917946548886297, 0.0007917946548886297, 0.0007917946548886297, 0.0007917946548886297, 0.0007917946548886297, 0.0009595917499283808, 0.0007917946548886297, 0.0007917946548886297, 0.0007917946548886297, 0.0007917946548886297, 0.0007917946548886297, 0.0007917946548886297, 0.0009595917499283808, 0.0010961900624714787, 0.0010961900624714787, 0.0010961900624714787, 0.0012121830534626528, 0.0010961900624714789, 0.0010961900624714789, 0.001456862718169367, 0.0015417985786550905, 0.0015417985786550905, 0.001456862718169367, 0.001456862718169367, 0.001456862718169367, 0.001456862718169367, 0.001456862718169367, 0.001456862718169367, 0.001456862718169367, 0.0015417985786550905, 0.0015417985786550905, 0.0015417985786550905, 0.0015417985786550905, 0.0012121830534626528, 0.0012121830534626528, 0.0012121830534626528, 0.0012121830534626528, 0.0013130428906372638, 0.0013130428906372638, 0.0014813121596360826, 0.0014813121596360826, 0.0014813121596360826, 0.0014813121596360826, 0.0014813121596360826, 0.0014813121596360826, 0.0014020393310154625, 0.0014020393310154625, 0.0014020393310154625, 0.0013130428906372638, 0.0013130428906372638, 0.0013130428906372638, 0.0012121830534626528, 0.0012121830534626528, 0.0012121830534626528, 0.0010961900624714787, 0.0010961900624714787, 0.0012121830534626528, 0.0012121830534626528, 0.0012121830534626528, 0.0012121830534626528, 0.0012121830534626528, 0.0012121830534626528, 0.0012121830534626528, 0.0010961900624714787, 0.0010961900624714787, 0.0010961900624714787, 0.0012121830534626528, 0.0012121830534626528, 0.0010961900624714787, 0.0010961900624714787, 0.0009595917499283808, 0.0009595917499283808, 0.0009595917499283808, 0.0009595917499283808, 0.0009595917499283808, 0.0009595917499283808, 0.0009595917499283808, 0.0009595917499283808, 0.0009595917499283808, 0.0009595917499283808, 0.0007917946548886297, 0.000565685424949238, 0.000565685424949238, 0.0007917946548886295, 0.0007917946548886295, 0.0007917946548886295, 0.0007917946548886295, 0.0007917946548886295, 0.0007917946548886295, 0.0007917946548886295, 0.0007917946548886295, 0.0007917946548886295, 0.0007917946548886295, 0.0007917946548886295, 0.0007917946548886295, 0.0007917946548886295, 0.0007917946548886295, 0.0007917946548886295, 0.0009595917499283808, 0.0009595917499283808, 0.0010961900624714787, 0.0010961900624714787, 0.0012121830534626528, 0.0012121830534626528, 0.0012121830534626528, 0.0012121830534626528, 0.0012121830534626528, 0.0013130428906372638, 0.0013130428906372638, 0.0013130428906372638, 0.0013130428906372638, 0.0012121830534626528, 0.0012121830534626528, 0.0014020393310154625, 0.0014020393310154625, 0.0014020393310154625, 0.0013130428906372638, 0.0013130428906372638, 0.0013130428906372638, 0.0012121830534626528, 0.0012121830534626528, 0.0013130428906372638, 0.0014020393310154625, 0.0014020393310154625, 0.0013130428906372638, 0.0014020393310154625, 0.0014020393310154625, 0.0013130428906372638, 0.0013130428906372638, 0.0013130428906372638, 0.0012121830534626528, 0.0010961900624714787, 0.001456862718169367, 0.0010961900624714787, 0.0010961900624714787, 0.0010961900624714787, 0.0010961900624714787, 0.0010961900624714787, 0.0010961900624714787, 0.0009595917499283808, 0.0009595917499283808, 0.0012121830534626528, 0.0012121830534626528, 0.0010961900624714787, 0.0012121830534626528, 0.0010961900624714787, 0.0009595917499283808, 0.0009595917499283808, 0.0010961900624714787, 0.0010961900624714787, 0.0010961900624714787, 0.0010961900624714787, 0.0012121830534626528, 0.0012121830534626528, 0.0012121830534626528, 0.0012121830534626528, 0.0012121830534626528, 0.0010961900624714787, 0.0010961900624714787, 0.0009595917499283808, 0.0009595917499283808, 0.0009595917499283808, 0.0012121830534626528, 0.0012121830534626528, 0.0012121830534626528, 0.0012121830534626528, 0.0013130428906372638, 0.0013130428906372638, 0.0014020393310154625, 0.001750102037841549, 0.001750102037841549, 0.001750102037841549, 0.001750102037841549, 0.0016874083497409602, 0.0019276717478209143, 0.0019276717478209143, 0.001979486637221574, 0.001979486637221574, 0.001750102037841549, 0.0016874083497409602, 0.0016874083497409602, 0.0016874083497409602, 0.0016874083497409602, 0.0016874083497409602, 0.0014020393310154625, 0.0014813121596360826, 0.0014813121596360826, 0.0014813121596360826, 0.0014813121596360826, 0.0014813121596360826, 0.0014813121596360826, 0.0015523517379664143, 0.0015523517379664143, 0.0015523517379664143, 0.0018070158058105024, 0.001750102037841549, 0.0018070158058105024, 0.0018070158058105024, 0.0018070158058105024, 0.0018070158058105024, 0.001858680681976068, 0.0018070158058105024, 0.0018070158058105024, 0.0018070158058105024, 0.0018070158058105024, 0.0018070158058105024, 0.0018070158058105024, 0.0017501020378415492, 0.0017501020378415492, 0.0017501020378415492, 0.0017501020378415492, 0.001750102037841549, 0.0018070158058105024, 0.0018070158058105024, 0.0018070158058105024, 0.0018586806819760678, 0.0018586806819760678, 0.0018586806819760678, 0.0018586806819760678, 0.0016162440712835374, 0.0016162440712835374, 0.0016738078303859213, 0.0016738078303859213, 0.0016738078303859213, 0.0016162440712835374, 0.001673807830385921, 0.0016162440712835374, 0.001673807830385921, 0.0017256764423476, 0.001673807830385921, 0.0017256764423476, 0.0016162440712835374, 0.0016162440712835374, 0.0016162440712835374, 0.0015523517379664143, 0.0015523517379664143, 0.0015523517379664143, 0.0014813121596360826, 0.0014813121596360826, 0.0015523517379664143, 0.0016162440712835374, 0.0016162440712835374, 0.0016162440712835374, 0.0016162440712835374, 0.0016162440712835374, 0.0016162440712835374, 0.0018070158058105024, 0.0017501020378415492, 0.0017501020378415492, 0.0017501020378415492, 0.0017501020378415492, 0.0017501020378415492, 0.0017501020378415492, 0.0017501020378415492, 0.0016874083497409602, 0.0015417985786550905, 0.0016182631152578625, 0.0016182631152578625, 0.0016182631152578625, 0.0015417985786550905, 0.0015417985786550905, 0.0015417985786550905, 0.0015417985786550905, 0.0015417985786550905, 0.0015417985786550905, 0.0015417985786550905, 0.0015417985786550905, 0.0013130428906372638, 0.0013130428906372638, 0.0016182631152578625, 0.0016874083497409602, 0.001750102037841549, 0.001750102037841549, 0.001750102037841549, 0.001750102037841549, 0.001750102037841549, 0.001750102037841549, 0.0014813121596360826, 0.0014020393310154625, 0.0014020393310154625, 0.0014020393310154625, 0.0014020393310154625, 0.0013130428906372638, 0.0012121830534626528, 0.0010961900624714787, 0.0009595917499283808, 0.0009595917499283808, 0.0012121830534626528, 0.0012121830534626528, 0.0012121830534626528, 0.0013130428906372638, 0.0013130428906372638, 0.0013130428906372638, 0.0013130428906372638, 0.0013130428906372638, 0.0013130428906372638, 0.0014020393310154625, 0.0014020393310154625, 0.0012121830534626528, 0.0013130428906372638, 0.0014020393310154625, 0.0014020393310154625, 0.0014813121596360824, 0.0014813121596360824, 0.0014813121596360824, 0.0014813121596360824, 0.0014813121596360824, 0.0014020393310154625, 0.0014020393310154625, 0.0014020393310154625, 0.0014813121596360826, 0.0014813121596360826, 0.0014813121596360826, 0.0014813121596360826, 0.0014020393310154625, 0.0013130428906372638, 0.0014020393310154625, 0.0014020393310154625, 0.0015523517379664143, 0.0015523517379664143, 0.0016162440712835374, 0.0016162440712835372, 0.0016162440712835372, 0.0016162440712835372, 0.0015523517379664143, 0.0015523517379664143, 0.0015523517379664143, 0.0015523517379664143, 0.0015523517379664143, 0.0015523517379664143, 0.0015523517379664143, 0.0016162440712835374, 0.0016162440712835374, 0.0016162440712835374, 0.0016162440712835374, 0.0015523517379664143, 0.0015523517379664143, 0.0015523517379664143, 0.0016162440712835374, 0.0016162440712835374, 0.0018586806819760678, 0.0019055236572037791, 0.0019055236572037791, 0.0019055236572037791, 0.0019055236572037791, 0.001673807830385921, 0.0016162440712835374, 0.0016162440712835374, 0.0016738078303859213, 0.0016738078303859213, 0.0015523517379664143, 0.0016162440712835374, 0.0015523517379664143, 0.0014813121596360826, 0.0015523517379664143, 0.0014813121596360826, 0.0014813121596360826, 0.0014813121596360826, 0.0014813121596360826, 0.0014813121596360826, 0.0014813121596360826, 0.0015523517379664143, 0.0015523517379664143, 0.0016162440712835374, 0.0016738078303859213, 0.0017256764423476, 0.001673807830385921, 0.001673807830385921, 0.001673807830385921, 0.001673807830385921, 0.001673807830385921, 0.0017256764423476, 0.001673807830385921, 0.001673807830385921, 0.001673807830385921, 0.001673807830385921, 0.001673807830385921, 0.001673807830385921, 0.0017256764423476, 0.0017256764423476, 0.001673807830385921, 0.0019055236572037791, 0.0019055236572037791, 0.001947892634178207, 0.001947892634178207, 0.0019055236572037791, 0.0018586806819760678, 0.0018070158058105024, 0.0017501020378415492, 0.0016874083497409602, 0.0016874083497409602, 0.0016874083497409602, 0.0016874083497409602, 0.0016182631152578625, 0.0016874083497409602, 0.0015417985786550905, 0.0015417985786550905, 0.0015417985786550905, 0.0013618714614643413, 0.001456862718169367, 0.001456862718169367, 0.001456862718169367, 0.0015417985786550902, 0.0012121830534626528, 0.0012121830534626528, 0.0014020393310154625, 0.0013130428906372638, 0.0013130428906372638, 0.0013130428906372638, 0.0013130428906372638, 0.0013130428906372638, 0.0013130428906372638, 0.0013130428906372638, 0.0012121830534626528, 0.0012121830534626528, 0.0012121830534626528, 0.0015417985786550905, 0.0012121830534626528, 0.0012121830534626528, 0.0012121830534626528, 0.0012121830534626528, 0.0012121830534626528, 0.0012121830534626528, 0.0012121830534626528, 0.0012121830534626528, 0.0012121830534626528, 0.0015417985786550905, 0.0015417985786550905, 0.0015417985786550905, 0.0015417985786550905, 0.0015417985786550905, 0.0015417985786550905, 0.0015417985786550905, 0.0015417985786550905, 0.0015417985786550905, 0.0015417985786550905, 0.0015417985786550905, 0.0015417985786550905, 0.0015417985786550905, 0.0015417985786550905, 0.001456862718169367, 0.001456862718169367, 0.0016182631152578625, 0.0016182631152578625, 0.0016182631152578625, 0.0016182631152578625, 0.0016182631152578625, 0.0015417985786550905, 0.0012121830534626528, 0.0012121830534626528, 0.0012121830534626528, 0.0012121830534626528, 0.0012121830534626528, 0.0012121830534626528, 0.0012121830534626528, 0.0012121830534626528, 0.0012121830534626528, 0.0013130428906372638, 0.0013130428906372638, 0.0014020393310154625, 0.0013130428906372638, 0.0013130428906372638, 0.0014020393310154625, 0.0014020393310154625, 0.0014020393310154625, 0.0014813121596360824, 0.0014813121596360824, 0.0014813121596360824, 0.0014813121596360824, 0.0014813121596360824, 0.0014020393310154625, 0.0014020393310154625, 0.0014813121596360826, 0.0014813121596360826, 0.0017501020378415492, 0.0018070158058105027, 0.0018070158058105027, 0.0017501020378415492, 0.0017501020378415492, 0.0016874083497409602, 0.0016182631152578625, 0.0016182631152578625, 0.0019276717478209143, 0.001979486637221574, 0.001979486637221574, 0.001979486637221574, 0.001979486637221574, 0.001979486637221574, 0.001979486637221574, 0.001750102037841549, 0.0016874083497409602, 0.0016874083497409602, 0.0016182631152578625, 0.0016182631152578625, 0.0016182631152578625, 0.0016182631152578625, 0.0016182631152578625, 0.0016182631152578625, 0.0016874083497409602, 0.0016874083497409602, 0.0016182631152578625, 0.0015417985786550902, 0.001456862718169367, 0.001456862718169367, 0.001456862718169367, 0.001456862718169367, 0.001456862718169367, 0.001456862718169367, 0.001456862718169367, 0.001456862718169367, 0.0010961900624714787, 0.0010961900624714787, 0.0010961900624714787, 0.0012121830534626528, 0.0012121830534626528, 0.0012121830534626528, 0.0012121830534626528, 0.0012121830534626528, 0.0012121830534626528, 0.0010961900624714787, 0.0010961900624714787, 0.0010961900624714787, 0.0010961900624714787, 0.0012121830534626528, 0.0012121830534626528, 0.0010961900624714787, 0.0010961900624714787, 0.0010961900624714787, 0.0010961900624714787, 0.0012121830534626528, 0.0010961900624714787, 0.0010961900624714787, 0.0010961900624714787, 0.0012121830534626528, 0.0012121830534626528, 0.0012121830534626528, 0.0012121830534626528, 0.0012121830534626528, 0.0012121830534626528, 0.0012121830534626528, 0.0015417985786550905, 0.0015417985786550905, 0.0016182631152578623, 0.0016182631152578623, 0.0016182631152578623, 0.0015417985786550905, 0.0015417985786550905, 0.001361871461464341, 0.001361871461464341, 0.0009595917499283809, 0.0013130428906372638, 0.0014020393310154625, 0.0014020393310154625, 0.0014020393310154625, 0.0014020393310154625, 0.0014020393310154625, 0.0015523517379664143, 0.0016162440712835374, 0.0015523517379664143, 0.0015523517379664143, 0.0014813121596360826, 0.0014813121596360826, 0.0014020393310154625, 0.0016874083497409602, 0.001750102037841549, 0.0014813121596360826, 0.0014813121596360826, 0.0014020393310154625, 0.0016162440712835374, 0.0016162440712835374, 0.0016162440712835374, 0.0014813121596360826, 0.0014813121596360826, 0.0014813121596360826, 0.0014813121596360826, 0.0015523517379664143, 0.0014813121596360826, 0.0014020393310154625, 0.0014020393310154625, 0.0014813121596360826, 0.0015523517379664143, 0.0014813121596360826, 0.0014813121596360826, 0.0014020393310154625, 0.0013130428906372638, 0.0013130428906372638, 0.0013130428906372638, 0.0013130428906372638, 0.0013130428906372638, 0.0014020393310154625, 0.0014020393310154625, 0.0015523517379664143, 0.0016738078303859213, 0.0016738078303859213, 0.0016162440712835374, 0.0015523517379664143, 0.0015523517379664143, 0.0015523517379664143, 0.0015523517379664143, 0.0015523517379664143, 0.0014813121596360826, 0.0014813121596360826, 0.0014020393310154625, 0.0014020393310154625, 0.0012121830534626528, 0.0012121830534626528, 0.0012121830534626528, 0.0012121830534626528, 0.0012121830534626528, 0.0012121830534626528, 0.0015417985786550902, 0.0015417985786550902, 0.0015417985786550902, 0.0013130428906372638, 0.0013130428906372638, 0.0016182631152578625, 0.0016182631152578625, 0.0016182631152578625, 0.0016182631152578625, 0.0016182631152578625, 0.0016874083497409602, 0.0016182631152578625, 0.0015417985786550905, 0.001456862718169367, 0.001456862718169367, 0.001456862718169367, 0.001456862718169367, 0.001456862718169367, 0.001456862718169367, 0.0010961900624714787, 0.0010961900624714787, 0.0010961900624714787, 0.0010961900624714787, 0.0010961900624714787, 0.0010961900624714787, 0.001361871461464341, 0.001361871461464341, 0.001456862718169367, 0.001456862718169367, 0.001456862718169367, 0.0015417985786550905, 0.0015417985786550905, 0.0015417985786550905, 0.001456862718169367, 0.001456862718169367, 0.001361871461464341, 0.001361871461464341, 0.001361871461464341, 0.001361871461464341, 0.001361871461464341, 0.0016659862556700857, 0.001361871461464341, 0.001361871461464341, 0.001456862718169367, 0.0016182631152578625, 0.0015417985786550905, 0.0015417985786550905, 0.0016182631152578625, 0.0012121830534626528, 0.0012121830534626528, 0.0012121830534626528, 0.0012121830534626528, 0.0010961900624714789, 0.0012121830534626528, 0.0010961900624714789, 0.0010961900624714789, 0.0010961900624714789, 0.0013130428906372638, 0.0014020393310154625, 0.0014020393310154625, 0.0014020393310154625, 0.0014020393310154625, 0.0014813121596360826, 0.001750102037841549, 0.001750102037841549, 0.001750102037841549, 0.001750102037841549, 0.001750102037841549, 0.001750102037841549, 0.0015523517379664143, 0.0015523517379664143, 0.0015523517379664143, 0.0015523517379664143, 0.0015523517379664143, 0.0014813121596360824, 0.0014813121596360824, 0.0016162440712835374, 0.0016162440712835374, 0.0015523517379664143, 0.0015523517379664143, 0.0015523517379664143, 0.0015523517379664143, 0.0014813121596360826, 0.0014020393310154625, 0.0014813121596360826, 0.0014813121596360826, 0.0014813121596360826, 0.0014813121596360826, 0.0014813121596360826, 0.0015523517379664143, 0.0016162440712835374, 0.001673807830385921, 0.0016162440712835374, 0.0015523517379664143, 0.0014813121596360826, 0.0014020393310154625, 0.0014020393310154625, 0.0014020393310154625, 0.0013130428906372638, 0.0012121830534626528, 0.0012121830534626528, 0.0012121830534626528, 0.0012121830534626528, 0.0012121830534626528, 0.0012121830534626528, 0.0012121830534626528, 0.0012121830534626528, 0.0012121830534626528, 0.0010961900624714787, 0.0010961900624714787, 0.0012121830534626528, 0.0012121830534626528, 0.0013130428906372638, 0.0013130428906372638, 0.0012121830534626528, 0.0012121830534626528, 0.0012121830534626528, 0.0013130428906372638, 0.0013130428906372638, 0.0010961900624714787, 0.0010961900624714787, 0.0009595917499283808, 0.0010961900624714787, 0.0010961900624714787, 0.0009595917499283808, 0.0009595917499283808, 0.0009595917499283808, 0.0009595917499283808, 0.0009595917499283808, 0.0010961900624714787, 0.0010961900624714787, 0.0010961900624714787, 0.0010961900624714787, 0.0012121830534626528, 0.0010961900624714787, 0.0010961900624714787, 0.0010961900624714787, 0.0010961900624714787, 0.0010961900624714787, 0.0010961900624714787, 0.0010961900624714787, 0.0009595917499283808, 0.0009595917499283808, 0.0009595917499283808, 0.0009595917499283808, 0.0009595917499283808, 0.0010961900624714787, 0.0009595917499283808, 0.0009595917499283808, 0.0009595917499283808, 0.0009595917499283808, 0.0009595917499283808, 0.0010961900624714787, 0.0010961900624714787, 0.0010961900624714787, 0.0010961900624714787, 0.0010961900624714787, 0.0012121830534626528, 0.0013130428906372638, 0.0014020393310154625, 0.0013130428906372638, 0.0013130428906372638, 0.0014020393310154625, 0.0014020393310154625, 0.0014020393310154625, 0.0014020393310154625, 0.0013130428906372638, 0.0013130428906372638, 0.0010961900624714787, 0.0010961900624714787, 0.0009595917499283808, 0.0007917946548886295, 0.0007917946548886295, 0.0007917946548886295, 0.0007917946548886295, 0.0007917946548886295, 0.000565685424949238, 0.0007917946548886297, 0.0005656854249492381, 0.0005656854249492381, 0.0005656854249492381, 0.0005656854249492381, 0.0005656854249492381, 0.0005656854249492381, 0.0007917946548886297, 0.0007917946548886297, 0.0007917946548886297, 0.0007917946548886297, 0.0007917946548886297, 0.0007917946548886297, 0.0009595917499283808, 0.0009595917499283808, 0.0010961900624714787, 0.0010961900624714787, 0.0010961900624714787, 0.0010961900624714787, 0.0010961900624714787, 0.0010961900624714787, 0.0010961900624714787, 0.0009595917499283808, 0.0010961900624714787, 0.0010961900624714787, 0.0012121830534626528, 0.0012121830534626528, 0.0010961900624714787, 0.0010961900624714787, 0.0010961900624714787, 0.0012121830534626528, 0.0012121830534626528, 0.0012121830534626528, 0.0010961900624714789, 0.0010961900624714789, 0.0010961900624714789, 0.0010961900624714789, 0.0007917946548886295, 0.0007917946548886295, 0.0009595917499283808, 0.0009595917499283808, 0.0009595917499283808, 0.0009595917499283808, 0.001361871461464341, 0.001361871461464341, 0.001361871461464341, 0.001361871461464341, 0.001361871461464341, 0.001361871461464341, 0.001361871461464341, 0.001361871461464341, 0.001361871461464341, 0.001361871461464341, 0.001456862718169367, 0.0015417985786550905, 0.0012121830534626528, 0.0012121830534626528, 0.0012121830534626528, 0.0010961900624714787, 0.0010961900624714787, 0.0010961900624714787, 0.0012121830534626528, 0.0010961900624714787, 0.0010961900624714787, 0.0009595917499283808, 0.0009595917499283808, 0.0010961900624714787, 0.0010961900624714787, 0.0013130428906372638, 0.0013130428906372638, 0.0014813121596360826, 0.0014813121596360826, 0.0017501020378415492, 0.0017501020378415492, 0.0017501020378415492, 0.0018070158058105024, 0.0018586806819760678, 0.001905523657203779, 0.001905523657203779, 0.001905523657203779, 0.0021088733813995355, 0.0018070158058105027, 0.0018070158058105027, 0.0018070158058105027, 0.001858680681976068, 0.001858680681976068, 0.0018070158058105027, 0.0018070158058105027, 0.0018070158058105027, 0.001750102037841549, 0.001750102037841549, 0.001750102037841549, 0.001750102037841549, 0.0014813121596360826, 0.0015523517379664143, 0.0014813121596360824, 0.0014020393310154625, 0.0014020393310154625, 0.0014020393310154625, 0.0014020393310154625, 0.0014813121596360826, 0.0015523517379664143, 0.0015523517379664143, 0.0016162440712835374, 0.0016162440712835374, 0.0016162440712835374, 0.0015523517379664143, 0.0016162440712835374, 0.0016738078303859213, 0.0017256764423476, 0.001947892634178207, 0.001947892634178207, 0.002175935173103974, 0.002175935173103974, 0.002175935173103974, 0.002175935173103974, 0.001986073965369459, 0.001986073965369459, 0.001986073965369459, 0.0019055236572037791, 0.0019055236572037791, 0.0019055236572037791, 0.0018586806819760678, 0.0015523517379664143, 0.0015523517379664143, 0.0018070158058105024, 0.0018070158058105024, 0.0018070158058105024, 0.0021380899352993954, 0.0021380899352993954, 0.0020902104180767866, 0.001750102037841549, 0.0014813121596360824, 0.0014813121596360826, 0.0014813121596360826, 0.0016162440712835374, 0.0016162440712835374, 0.0016162440712835374, 0.0015523517379664143, 0.0015523517379664143, 0.0014813121596360826, 0.0014813121596360826, 0.0014813121596360826, 0.0014020393310154625, 0.0014813121596360824, 0.0014813121596360824, 0.0014813121596360824, 0.0014020393310154625, 0.0014020393310154625, 0.0014020393310154625, 0.0014020393310154625, 0.0014020393310154625, 0.0014020393310154625, 0.0014020393310154625, 0.0014020393310154625, 0.0013130428906372638, 0.0012121830534626528, 0.0012121830534626528, 0.0012121830534626528, 0.0012121830534626528, 0.0012121830534626528, 0.0012121830534626528, 0.0012121830534626528, 0.0012121830534626528, 0.0012121830534626528, 0.0013130428906372638, 0.0013130428906372638, 0.0013130428906372638, 0.0013130428906372638, 0.0013130428906372638, 0.0013130428906372638, 0.0010961900624714787, 0.0010961900624714787, 0.0012121830534626528, 0.0012121830534626528, 0.0012121830534626528, 0.0012121830534626528, 0.0012121830534626528, 0.0010961900624714787, 0.0010961900624714787, 0.0010961900624714787, 0.0009595917499283808, 0.0009595917499283808, 0.0010961900624714787, 0.0010961900624714787, 0.0012121830534626528, 0.0012121830534626528, 0.0010961900624714787, 0.0012121830534626528, 0.0012121830534626528, 0.0013130428906372638, 0.0014020393310154625, 0.0016182631152578625, 0.0016182631152578625, 0.0016182631152578625, 0.0016182631152578625, 0.0016874083497409602, 0.0016874083497409602, 0.0016874083497409602, 0.001750102037841549, 0.0016874083497409602, 0.001750102037841549, 0.0014020393310154625, 0.0013130428906372638, 0.0013130428906372638, 0.0014020393310154625, 0.0013130428906372638, 0.0013130428906372638, 0.0012121830534626528, 0.0012121830534626528, 0.0013130428906372638, 0.0013130428906372638, 0.0013130428906372638, 0.0014020393310154625, 0.0014020393310154625, 0.0014020393310154625, 0.0013130428906372638, 0.0010961900624714789, 0.0010961900624714789, 0.0010961900624714789, 0.0010961900624714789, 0.0010961900624714789, 0.0010961900624714789, 0.0009595917499283808, 0.0009595917499283808, 0.0010961900624714787, 0.0012121830534626528, 0.0012121830534626528, 0.0010961900624714789, 0.0012121830534626528, 0.0012121830534626528, 0.0010961900624714789, 0.0010961900624714789, 0.0012121830534626528, 0.0010961900624714789, 0.001456862718169367, 0.0013618714614643413, 0.0013618714614643413, 0.0013618714614643413, 0.0013618714614643413, 0.0013618714614643413, 0.001456862718169367, 0.001456862718169367, 0.001456862718169367, 0.0015417985786550905, 0.0015417985786550905, 0.0015417985786550905, 0.0016182631152578623, 0.0016182631152578623, 0.0016182631152578623, 0.0016182631152578623, 0.0016182631152578623, 0.0016182631152578623, 0.0016182631152578623, 0.0015417985786550905, 0.0015417985786550905, 0.0015417985786550905, 0.001456862718169367, 0.001456862718169367, 0.001456862718169367, 0.001456862718169367, 0.001456862718169367, 0.001456862718169367, 0.001456862718169367, 0.001456862718169367, 0.001456862718169367, 0.001456862718169367, 0.0015417985786550905, 0.0015417985786550905, 0.0016182631152578623, 0.0016182631152578623, 0.0016182631152578623, 0.0016182631152578623, 0.0016182631152578623, 0.0016182631152578623, 0.0016182631152578623, 0.0016874083497409602, 0.001750102037841549, 0.001750102037841549, 0.001750102037841549, 0.001750102037841549, 0.0014813121596360826, 0.0014020393310154625, 0.0014813121596360826, 0.0014020393310154625, 0.0014813121596360826, 0.0014813121596360826, 0.0014813121596360826, 0.0014813121596360826, 0.0014813121596360824, 0.0015523517379664143, 0.0015523517379664143, 0.0016162440712835374, 0.0016162440712835374, 0.0015523517379664143, 0.001750102037841549, 0.0018070158058105024, 0.0015523517379664143, 0.0014813121596360826, 0.0013130428906372638, 0.0012121830534626528, 0.0012121830534626528, 0.0012121830534626528, 0.0013130428906372638, 0.0014020393310154625, 0.0014020393310154625, 0.0014020393310154625, 0.0014020393310154625, 0.0014020393310154625, 0.0014020393310154625, 0.0013130428906372638, 0.0014020393310154625, 0.0014020393310154625, 0.0014020393310154625, 0.0014020393310154625, 0.0014020393310154625, 0.0014020393310154625, 0.0014020393310154625, 0.0013130428906372638, 0.0014020393310154625, 0.001750102037841549, 0.001750102037841549, 0.0016874083497409602, 0.0016874083497409602, 0.0016874083497409602, 0.0016182631152578623, 0.0016182631152578623, 0.0016182631152578623, 0.0013130428906372638, 0.0013130428906372638, 0.0013130428906372638, 0.0010961900624714787, 0.0010961900624714787, 0.0010961900624714787, 0.0012121830534626528, 0.0013130428906372638, 0.0013130428906372638, 0.0013130428906372638, 0.0013130428906372638, 0.0013130428906372638, 0.0014020393310154625, 0.0013130428906372638, 0.0013130428906372638, 0.0013130428906372638, 0.0013130428906372638, 0.0013130428906372638, 0.0012121830534626528, 0.0012121830534626528, 0.0013130428906372638, 0.0013130428906372638, 0.0014020393310154625, 0.0013130428906372638, 0.0013130428906372638, 0.0013130428906372638, 0.0013130428906372638, 0.0013130428906372638, 0.0013130428906372638, 0.0012121830534626528, 0.0010961900624714787, 0.0009595917499283808, 0.0009595917499283808, 0.0009595917499283808, 0.0012121830534626528, 0.0013130428906372638, 0.0013130428906372638, 0.0010961900624714789, 0.0010961900624714789, 0.0010961900624714789, 0.0012121830534626528, 0.0012121830534626528, 0.0012121830534626528, 0.0012121830534626528, 0.0012121830534626528, 0.0012121830534626528, 0.0010961900624714789, 0.0009595917499283808, 0.0009595917499283808, 0.0009595917499283808, 0.0009595917499283808, 0.0009595917499283808, 0.0010961900624714787, 0.0010961900624714787, 0.0010961900624714787, 0.0010961900624714787, 0.0009595917499283808, 0.0009595917499283808, 0.0009595917499283808, 0.0009595917499283808, 0.0009595917499283808, 0.0009595917499283808, 0.0007917946548886297, 0.000565685424949238, 0.000565685424949238, 0.000565685424949238, 0.000565685424949238, 0.000565685424949238, 0.000565685424949238, 0.000565685424949238, 0.000565685424949238, 0.000565685424949238, 0.000565685424949238, 0.000565685424949238, 0.0007917946548886297, 0.0009595917499283808, 0.0010961900624714787, 0.0010961900624714787, 0.0010961900624714787, 0.0010961900624714787, 0.0012121830534626528, 0.0012121830534626528, 0.0012121830534626528, 0.0012121830534626528, 0.0012121830534626528, 0.0012121830534626528, 0.0012121830534626528, 0.0012121830534626528, 0.0010961900624714787, 0.0010961900624714787, 0.0012121830534626528, 0.0012121830534626528, 0.0012121830534626528, 0.0012121830534626528, 0.0014020393310154625, 0.0013130428906372638, 0.0013130428906372638, 0.0013130428906372638, 0.0013130428906372638, 0.0013130428906372638, 0.0012121830534626528, 0.0012121830534626528, 0.0012121830534626528, 0.0012121830534626528, 0.0012121830534626528, 0.0012121830534626528, 0.0013130428906372638, 0.0012121830534626528, 0.0012121830534626528, 0.0012121830534626528, 0.0012121830534626528, 0.0010961900624714787, 0.0012121830534626528, 0.0013130428906372638, 0.0013130428906372638, 0.0013130428906372638, 0.0012121830534626528, 0.0010961900624714787, 0.0010961900624714787, 0.0010961900624714787, 0.001456862718169367, 0.001456862718169367, 0.001456862718169367, 0.001361871461464341, 0.001361871461464341, 0.001456862718169367, 0.001456862718169367, 0.001740748138483179, 0.001456862718169367, 0.0018088219190107904, 0.0018088219190107904, 0.0018088219190107904, 0.0018709377764279883, 0.0018709377764279883, 0.0018709377764279883, 0.0019276717478209143, 0.001979486637221574, 0.001979486637221574, 0.001979486637221574, 0.001979486637221574, 0.001979486637221574, 0.0019276717478209143, 0.0019276717478209143, 0.0019276717478209143, 0.001979486637221574, 0.001979486637221574, 0.001979486637221574, 0.0021819294962327753, 0.0021819294962327753, 0.0021819294962327753, 0.0021819294962327753, 0.0021819294962327753, 0.002138089935299395, 0.002138089935299395, 0.002138089935299395, 0.002138089935299395, 0.002138089935299395, 0.0019276717478209143, 0.0019276717478209143, 0.001979486637221574, 0.001979486637221574, 0.001979486637221574, 0.002221968239454124, 0.0022584083251850863, 0.002221968239454124, 0.002221968239454124, 0.0022584083251850863, 0.0020267597543963656, 0.0020267597543963656, 0.0020267597543963656, 0.001979486637221574, 0.001979486637221574, 0.001979486637221574, 0.0018070158058105024, 0.001858680681976068, 0.0016162440712835374, 0.001673807830385921, 0.001673807830385921, 0.001673807830385921, 0.0017256764423476, 0.0017256764423476, 0.0017256764423476, 0.0017723499907738082, 0.0017723499907738082, 0.0017256764423476, 0.0017723499907738082, 0.0017723499907738082, 0.0017256764423476, 0.0017256764423476, 0.0017256764423476, 0.0016162440712835374, 0.0014813121596360826, 0.0014813121596360826, 0.0014813121596360826, 0.0015523517379664143, 0.0015523517379664143, 0.0015523517379664143, 0.0015523517379664143, 0.0014813121596360826, 0.0014813121596360826, 0.0014813121596360826, 0.0014813121596360826, 0.0014020393310154625, 0.001750102037841549, 0.001750102037841549, 0.001750102037841549, 0.0015523517379664143, 0.0015523517379664143, 0.0015523517379664143, 0.0015523517379664143, 0.0015523517379664143, 0.0015523517379664143, 0.0015523517379664143, 0.0015523517379664143, 0.0014813121596360826, 0.0014813121596360826, 0.0014813121596360826, 0.0014813121596360826, 0.0014020393310154625, 0.0014020393310154625, 0.0014020393310154625, 0.0014020393310154625, 0.0013130428906372638, 0.0013130428906372638, 0.0013130428906372638, 0.0013130428906372638, 0.0014020393310154625, 0.0013130428906372638, 0.0012121830534626528, 0.0012121830534626528, 0.0012121830534626528, 0.0010961900624714787, 0.0010961900624714787, 0.0010961900624714787, 0.0010961900624714787, 0.0010961900624714787, 0.0010961900624714787, 0.0010961900624714787, 0.0009595917499283808, 0.0009595917499283808, 0.0009595917499283808, 0.0009595917499283808, 0.0009595917499283808, 0.0009595917499283808, 0.0010961900624714787, 0.0012121830534626528, 0.0010961900624714789, 0.0010961900624714789, 0.0009595917499283808, 0.0009595917499283808, 0.0009595917499283808, 0.0010961900624714789, 0.0010961900624714789, 0.0010961900624714789, 0.0012121830534626528, 0.0012121830534626528, 0.0013130428906372638, 0.0013130428906372638, 0.0014020393310154625, 0.0013130428906372638, 0.0013130428906372638, 0.0014020393310154625, 0.0014020393310154625, 0.0014020393310154625, 0.0013130428906372638, 0.0014020393310154625, 0.0014813121596360826, 0.0014813121596360826, 0.0014813121596360826, 0.0014813121596360826, 0.0014813121596360826, 0.0014813121596360826, 0.0014813121596360826, 0.0016162440712835374, 0.0015523517379664143, 0.0016162440712835374, 0.0016162440712835374, 0.0016162440712835374, 0.0015523517379664143, 0.0015523517379664143, 0.0016162440712835374, 0.0018586806819760678, 0.0018586806819760678, 0.0018070158058105024, 0.001750102037841549, 0.001750102037841549, 0.0018070158058105024, 0.0018070158058105024, 0.0018070158058105024, 0.001750102037841549, 0.0014813121596360826, 0.0014813121596360826, 0.0014813121596360826, 0.0014020393310154625, 0.0012121830534626528, 0.0012121830534626528, 0.0012121830534626528, 0.0010961900624714787, 0.0009595917499283808, 0.0009595917499283808, 0.0009595917499283808, 0.0009595917499283808, 0.0009595917499283808, 0.0010961900624714787, 0.0012121830534626528, 0.0012121830534626528, 0.0012121830534626528, 0.0013130428906372638, 0.0013130428906372638, 0.0014020393310154625, 0.0013130428906372638, 0.0012121830534626528, 0.0013130428906372638, 0.0014020393310154625, 0.0014020393310154625, 0.0013130428906372638, 0.0013130428906372638, 0.0013130428906372638, 0.0016182631152578623, 0.0016874083497409602, 0.0014020393310154625, 0.0014020393310154625, 0.0013130428906372638, 0.0013130428906372638, 0.0014020393310154625, 0.0014813121596360826, 0.0015523517379664143, 0.0015523517379664143, 0.0015523517379664143, 0.0014813121596360826, 0.0014020393310154625, 0.0014020393310154625, 0.0013130428906372638, 0.0013130428906372638, 0.0013130428906372638, 0.0014020393310154625, 0.0014020393310154625, 0.0014813121596360826, 0.0014813121596360826, 0.0014020393310154625, 0.0014020393310154625, 0.0014020393310154625, 0.0014020393310154625, 0.0014020393310154625, 0.0013130428906372638, 0.0014020393310154625, 0.0013130428906372638, 0.0016182631152578625, 0.0016182631152578625, 0.0013130428906372638, 0.0014020393310154625, 0.0014020393310154625, 0.0014020393310154625, 0.0014813121596360826, 0.0014813121596360826, 0.0014813121596360826, 0.0014020393310154625, 0.0013130428906372638, 0.0013130428906372638, 0.0014020393310154625, 0.0014020393310154625, 0.0014020393310154625, 0.0014020393310154625, 0.0014020393310154625, 0.0014813121596360826, 0.0014020393310154625, 0.0014813121596360826, 0.0014813121596360826, 0.0014020393310154625, 0.0014813121596360826, 0.0014813121596360826, 0.0014813121596360826, 0.0016162440712835374, 0.0016162440712835374, 0.0016162440712835374, 0.0016162440712835374, 0.001673807830385921, 0.001673807830385921, 0.001673807830385921, 0.0016162440712835374, 0.0016738078303859213, 0.0017256764423476, 0.0016738078303859213, 0.0016738078303859213, 0.0016738078303859213, 0.0016738078303859213, 0.0016738078303859213, 0.0016162440712835374, 0.0015523517379664143, 0.0015523517379664143, 0.0014813121596360826, 0.0015523517379664143, 0.0015523517379664143, 0.0014813121596360824, 0.0015523517379664143, 0.0014813121596360826, 0.0014813121596360826, 0.0014813121596360826, 0.0014813121596360826, 0.0014813121596360826, 0.0014813121596360826, 0.0014813121596360826, 0.0014020393310154625, 0.0014020393310154625, 0.0014020393310154625, 0.0014020393310154625, 0.0014020393310154625, 0.0015523517379664143, 0.0015523517379664143, 0.0015523517379664143, 0.0015523517379664143, 0.0015523517379664143, 0.0017501020378415492, 0.0017501020378415492, 0.0017501020378415492, 0.0017501020378415492, 0.0018070158058105024, 0.0018070158058105024, 0.001750102037841549, 0.0018070158058105027, 0.0015523517379664143, 0.0014813121596360826, 0.0014813121596360826, 0.0014020393310154625, 0.0014813121596360826, 0.0015523517379664143, 0.0015523517379664143, 0.0016162440712835374, 0.0016162440712835374, 0.0016162440712835374, 0.0015523517379664143, 0.0015523517379664143, 0.0016162440712835374, 0.0016162440712835374, 0.0015523517379664143, 0.0015523517379664143, 0.0014813121596360826, 0.0014813121596360826, 0.0014813121596360826, 0.0014020393310154625, 0.001750102037841549, 0.001750102037841549, 0.0018070158058105024, 0.0015523517379664143, 0.0015523517379664143, 0.0015523517379664143, 0.0015523517379664143, 0.0015523517379664143, 0.0015523517379664143, 0.0014813121596360826, 0.0014813121596360826, 0.0014813121596360826, 0.0014020393310154625, 0.0014020393310154625, 0.0014020393310154625, 0.0014020393310154625, 0.0014020393310154625, 0.0014020393310154625, 0.0014813121596360826, 0.0014813121596360826, 0.001750102037841549, 0.001979486637221574, 0.001979486637221574, 0.001979486637221574, 0.0019276717478209143, 0.001979486637221574, 0.0020267597543963656, 0.0020267597543963656, 0.0020698023172885526, 0.0020698023172885526, 0.0022219682394541236, 0.0022219682394541236, 0.0022219682394541236, 0.0022219682394541236, 0.0020267597543963656, 0.0020267597543963656, 0.0020267597543963656, 0.0020267597543963656, 0.0020267597543963656, 0.0020267597543963656, 0.0020267597543963656, 0.0020267597543963656, 0.0018070158058105024, 0.00168740834974096, 0.00168740834974096, 0.0014020393310154625, 0.0014020393310154625, 0.0013130428906372638, 0.0013130428906372638, 0.0016182631152578625, 0.0016182631152578625, 0.0016874083497409602, 0.0016874083497409602, 0.0016874083497409602, 0.0016182631152578625, 0.0014020393310154625, 0.0014020393310154625, 0.0014020393310154625, 0.0014020393310154625, 0.0014813121596360826, 0.0014020393310154625, 0.0014020393310154625, 0.0014813121596360826, 0.0014813121596360826, 0.0014813121596360826, 0.0014813121596360826, 0.0015523517379664143, 0.0015523517379664143, 0.0016162440712835374, 0.0016162440712835374, 0.0015523517379664143, 0.0015523517379664143, 0.0015523517379664143, 0.0014020393310154625, 0.0014813121596360826, 0.0015523517379664143, 0.0015523517379664143, 0.0015523517379664143, 0.0015523517379664143, 0.0013130428906372638, 0.0013130428906372638, 0.0013130428906372638, 0.0012121830534626528, 0.0012121830534626528, 0.0012121830534626528, 0.0010961900624714787, 0.0009595917499283808, 0.0012121830534626528, 0.0012121830534626528, 0.0012121830534626528, 0.0010961900624714787, 0.0010961900624714787, 0.0010961900624714787, 0.0010961900624714787, 0.0012121830534626528, 0.0012121830534626528, 0.0013130428906372638, 0.0012121830534626528, 0.0012121830534626528, 0.0012121830534626528, 0.0010961900624714787, 0.0010961900624714787, 0.0013130428906372638, 0.0013130428906372638, 0.0013130428906372638, 0.0014020393310154625, 0.0014020393310154625, 0.0014020393310154625, 0.0013130428906372638, 0.0013130428906372638, 0.0013130428906372638, 0.0010961900624714787, 0.0010961900624714787, 0.0010961900624714787, 0.0012121830534626528, 0.0015417985786550905, 0.0015417985786550905, 0.0015417985786550905, 0.0015417985786550905, 0.0010961900624714787, 0.0010961900624714787, 0.0010961900624714787, 0.0010961900624714787, 0.0010961900624714787, 0.0010961900624714787, 0.0010961900624714787, 0.0010961900624714787, 0.0009595917499283808, 0.0010961900624714787, 0.0010961900624714787, 0.0010961900624714787, 0.0010961900624714787, 0.0009595917499283808, 0.0010961900624714787, 0.0012121830534626528, 0.0012121830534626528, 0.0012121830534626528, 0.0012121830534626528, 0.0012121830534626528, 0.0012121830534626528, 0.0012121830534626528, 0.0012121830534626528, 0.0013130428906372638, 0.0013130428906372638, 0.0012121830534626528, 0.0012121830534626528, 0.0013130428906372638, 0.0013130428906372638, 0.0013130428906372638, 0.0013130428906372638, 0.0013130428906372638, 0.0013130428906372638, 0.0013130428906372638, 0.0010961900624714787, 0.0010961900624714787, 0.0010961900624714787, 0.0010961900624714787, 0.0010961900624714787, 0.0010961900624714787, 0.0009595917499283808, 0.0009595917499283808, 0.0009595917499283808, 0.0009595917499283808, 0.0009595917499283808, 0.0009595917499283808, 0.0007917946548886297, 0.0009595917499283808, 0.0009595917499283808, 0.0009595917499283808, 0.0012121830534626528, 0.0012121830534626528, 0.0013130428906372638, 0.0013130428906372638, 0.0014813121596360826, 0.001750102037841549, 0.001750102037841549, 0.001750102037841549, 0.0018070158058105024, 0.0015523517379664143, 0.001750102037841549, 0.001750102037841549, 0.001750102037841549, 0.0016874083497409602, 0.0016874083497409602, 0.0016874083497409602, 0.0016874083497409602, 0.0016874083497409602, 0.001750102037841549, 0.001750102037841549, 0.001750102037841549, 0.001750102037841549, 0.0016182631152578625, 0.0016182631152578625, 0.0016874083497409602, 0.0016874083497409602, 0.0013130428906372638, 0.0016182631152578625, 0.0016182631152578625, 0.0016182631152578625, 0.0013130428906372638, 0.0014020393310154625, 0.0013130428906372638, 0.0012121830534626528, 0.0016182631152578625, 0.0015417985786550905, 0.0012121830534626528, 0.0012121830534626528, 0.0013130428906372638, 0.0013130428906372638, 0.0013130428906372638, 0.0010961900624714787, 0.0012121830534626528, 0.0010961900624714789, 0.0010961900624714789, 0.0009595917499283808, 0.0010961900624714789, 0.0010961900624714789, 0.0010961900624714789, 0.0009595917499283808, 0.0009595917499283808, 0.0009595917499283808, 0.0009595917499283808, 0.0009595917499283808, 0.0009595917499283808, 0.0009595917499283808, 0.0009595917499283808, 0.0009595917499283808, 0.0009595917499283808, 0.0009595917499283808, 0.0009595917499283808, 0.0009595917499283808, 0.0009595917499283808, 0.0009595917499283808, 0.0009595917499283808, 0.0009595917499283808, 0.0009595917499283808, 0.0007917946548886297, 0.0007917946548886297, 0.0007917946548886297, 0.0007917946548886297, 0.0007917946548886297, 0.0007917946548886297, 0.0007917946548886297, 0.001851640199545103, 0.001851640199545103, 0.001851640199545103, 0.0019191834998567615, 0.0019191834998567615, 0.002425712603061843, 0.002139616597354178, 0.002139616597354178, 0.0021923801249429573, 0.0018088219190107904, 0.0023365769486012426, 0.001981135522669682, 0.001740748138483179, 0.002139616597354178, 0.0024723780174610212, 0.0028787752497851427, 0.0028410978044928125, 0.0028787752497851427, 0.0026010986689693812, 0.0024723780174610212, 0.0025155840803491587, 0.00255550625999976, 0.00255550625999976, 0.0027153381418323934, 0.002592296279363144, 0.003213237924459326, 0.003236526230515725, 0.004008969535266373, 0.00365356968300475, 0.00365356968300475, 0.00365356968300475, 0.0035630759469988333, 0.004418144406874905, 0.00435861801726283, 0.0042830467889013735, 0.004120630029101702, 0.0042830467889013735, 0.0042830467889013735, 0.0035922819761146766, 0.00348618263832449, 0.00348618263832449, 0.004206117993046388, 0.0045168166503701725, 0.004588539405687938, 0.004588539405687939, 0.004931531202375182, 0.005247195558056685, 0.005545507466519588, 0.00576491853492187, 0.006026336755764447, 0.006026336755764447, 0.0059252486385443295, 0.005869881617552575, 0.005980103063749087, 0.005877108826903354, 0.005821283959641164, 0.005714285714285714, 0.005719426259223374, 0.005490474125469401, 0.005549627676424679, 0.005549627676424679, 0.005549627676424679, 0.005549627676424679, 0.005060289577904105, 0.004795235730835942, 0.005167559720930931, 0.005397505092585814, 0.005375682206350508, 0.0053145929250680785, 0.0051390462070667695, 0.00495596939589635, 0.005423456236664993, 0.005843677902534621, 0.0058587454253605925, 0.005689087298127379, 0.0058167948254013845, 0.005703418237499047, 0.005483332816409214, 0.005631398854745106, 0.0056735692253732165, 0.006243494573537797, 0.006084574004507343, 0.005938459911664723, 0.005787530579105533, 0.005787530579105533, 0.005827450872677468, 0.0059762796426662415, 0.005703418237499047, 0.006449299914545384, 0.006047431568147636, 0.006259686371487613, 0.005928003415130251, 0.00606306987643476, 0.00631163486696415, 0.0065994433902583395, 0.0068265986391168355, 0.006084574004507344, 0.006173544610774631, 0.005903164146351981, 0.006188336626596976, 0.006606860997848975, 0.006260207990285359, 0.005976279642666241, 0.006008972882451777, 0.005843677902534621, 0.005615721372238143, 0.005827450872677468, 0.00620782915817944, 0.006240879058960479, 0.006303351878005795, 0.006006798869036754, 0.006188336626596976, 0.00582801117755571, 0.006092618484691127, 0.00595219047314276, 0.005841442371503107, 0.005750740857329886, 0.005750740857329886, 0.005599416879261188, 0.005750740857329886, 0.005693677123237098, 0.006060915267313265, 0.006006798869036755, 0.006060915267313265, 0.005615721372238143, 0.0060127755144986994, 0.005958221896108376, 0.005696543885980162, 0.005993738229117424, 0.0058475880253559005, 0.005993738229117424, 0.0063328105763490496, 0.006281037220987357, 0.007110096299471274, 0.007677159338596803, 0.007891509257888946, 0.008302839445463393, 0.007960719893608229, 0.007969328960560774, 0.008105830604936078, 0.007719574906346454, 0.007485932385045259, 0.007273098320775918, 0.007076953108939076, 0.006778597772039733, 0.00684236502853169, 0.007150396021571541, 0.007330784962285097, 0.007259167321675512, 0.007259167321675513, 0.0073339022661186035, 0.007091702538739142, 0.007480696246107752, 0.007636218745864597, 0.007348580315480075, 0.007647755439689878, 0.007537660547584525, 0.006999008676161189, 0.006612789093252311, 0.006259686371487613, 0.006384164081569972, 0.006281037220987356, 0.006073831457278722, 0.006152351466831895, 0.006176188640452053, 0.006073831457278722, 0.006336934171496304, 0.006732679970994963, 0.006661984750532422, 0.006656100470199331, 0.006485651352746906, 0.006577636818983622, 0.006606860997848975, 0.006606860997848975, 0.006577636818983622, 0.006676183683170241, 0.006869037302955033, 0.006732679970994963, 0.007102744511232029, 0.007201360415694711, 0.006332810576349048, 0.006015490208534928, 0.006285194783726894, 0.0059653420792481785, 0.006123091122787508, 0.005569010464258476, 0.00593626007461511, 0.005737666453056557, 0.0062204403020220695, 0.006038786200513329, 0.006499733118539937, 0.006763165543091881, 0.007229870013227297, 0.007202720574440563, 0.006895606409526434, 0.0066053781427079005, 0.0065870621490238, 0.006545788488698326, 0.006644807701337571, 0.006701081240808708, 0.006477590885002648, 0.005883217223421143, 0.006416305758911178, 0.00626177258596696, 0.006577636818983622, 0.006644807701337572, 0.006553266828265806, 0.006272713828600042, 0.00616984106566046, 0.0062888303964331906, 0.006466996274649192, 0.0060371638157975735, 0.00594065893411064, 0.005730833183716992, 0.005969172506148844, 0.005938459911664722, 0.006230406020772119, 0.006177774515080951, 0.005914216700770565, 0.0062204403020220695, 0.00634311453789196, 0.006701081240808708, 0.006809357307321706, 0.006619205205386853, 0.006473052461031449, 0.00647305246103145, 0.006722973103243741, 0.006915938409329037, 0.006912160240017115, 0.006765579149229562, 0.006674227005612633, 0.0063739264802404345, 0.0068136717303506475, 0.006577140374828873, 0.0070027399885286895, 0.006668353528083991, 0.006668353528083991, 0.007433405020855627, 0.00782711143841633, 0.007959079015533783, 0.007582579389896398, 0.007274893925869508, 0.007353910524340095, 0.006734134794357136, 0.007102744511232031, 0.006931030491454311, 0.0069840634917748895, 0.007045508049350975, 0.0070838707279139365, 0.007226255981502737, 0.0073396880320735205, 0.007417574277569812, 0.007291482310594621, 0.007271302272268282, 0.007461465632686054, 0.007573961840356979, 0.007384042363953031, 0.007271302272268282, 0.007295064028757628, 0.007573961840356979, 0.0072730983207759175, 0.006923960173903077, 0.006781005885289183, 0.0069966755954349565, 0.006880436625917378, 0.0070912420834233466, 0.006880436625917377, 0.006876638951210549, 0.006897026866109537, 0.007037624831241441, 0.007064022095326805, 0.006927731907901395, 0.0065132831308685754, 0.006585574835833797, 0.00694984950651921, 0.00706771908477017, 0.00697096017161809, 0.007333902266118604, 0.007194101892579526, 0.007346358253708891, 0.00782711143841633, 0.007858337571506783, 0.008, 0.008359279336187311, 0.008280786712108251, 0.007917946548886296, 0.007616952092777889, 0.007404797121337172, 0.007404797121337172, 0.0073396880320735205, 0.007492472412838292, 0.0076220946288151166, 0.007246561464668916, 0.007310713413357475, 0.007246561464668915, 0.007194101892579527, 0.007417574277569812, 0.00751205833365019, 0.0073552424730075824, 0.007468464312271532, 0.0076873604185104805, 0.00803908818060296, 0.00762380803664362, 0.007404797121337172, 0.007404797121337172, 0.007659701065195905, 0.007744491129644533, 0.007623808036643619, 0.0077072984228970815, 0.0082015429110899, 0.008622325080621721, 0.008865802218614615, 0.008719108735579408, 0.008690224392960173, 0.00835927933618731, 0.008296938210778081, 0.008260651750736063, 0.008799257853677786, 0.008540515684855646, 0.008226983973858371, 0.008476040662132435, 0.008690224392960173, 0.008512559748359348, 0.008571047610581634, 0.00877845228327841, 0.008571047610581634, 0.008417280573017508, 0.008115090503349364, 0.008257488870654299, 0.008234918187269404, 0.007903086454683643, 0.00811991756266588, 0.007664814919820442, 0.007623808036643619, 0.00789357785979029, 0.008201941034577966, 0.00801468040790251, 0.00813598707682637, 0.008068684742223341, 0.00813598707682637, 0.008320125587749163, 0.008475655413823615, 0.007861661038591925, 0.0077516555177140145, 0.007766384917957489, 0.007487240847615635, 0.007448763765394433, 0.007380503826616032, 0.007677159338596802, 0.008041118817474015, 0.007494651153880836, 0.007666944685878889, 0.007835033829029765, 0.00769033318457633, 0.007793246683991918, 0.00762380803664362, 0.0073627856307852645, 0.007329003050503235, 0.006880436625917378, 0.006710819774127176, 0.006612789093252311, 0.006272713828600043, 0.006155004600538741, 0.006154474065296576, 0.006138004727989082, 0.00654728483995543, 0.006855237830614319, 0.006809357307321706, 0.006589540258343258, 0.006638908196444376, 0.006876638951210549, 0.0065132831308685754, 0.006152351466831895, 0.0064122332064482455, 0.006228833546253967, 0.0057422174483808775, 0.006207829158179441, 0.006243494573537798, 0.006047431568147636, 0.006353401788468465, 0.006404590190652645, 0.006642350211072179, 0.006734134794357137, 0.006857142857142857, 0.006765579149229562, 0.006821335077893327, 0.006782450342837847, 0.007157242656846252, 0.007425933597596896, 0.007309373350398118, 0.00712844259832055, 0.007070952364917952, 0.0072194747957542325, 0.007668222261584573, 0.007811660567147458, 0.007373421657465109, 0.007439991222290192, 0.00702462142200197, 0.0074522698911547915, 0.007425933597596896, 0.007362342129557215, 0.007454460382337325, 0.0073071393660095, 0.007450517034517313, 0.007324992164096944, 0.007504665215717488, 0.007803714447855809, 0.007661832252757023, 0.007373421657465108, 0.007406560798180412, 0.007395972428509, 0.007283865311601459, 0.007144456963697273, 0.007280278083946508, 0.0073071393660095, 0.007395972428509, 0.007656289931174504, 0.00752074681484899, 0.007751234266428878, 0.007766384917957489, 0.007463215917869099, 0.0074859323850452585, 0.007649889955190899, 0.007232127865945662, 0.0072838653116014595, 0.007548050160438112, 0.007548482750641661, 0.007284313590846836, 0.007371650052043702, 0.0073178562713518275, 0.007237543838646266, 0.0070547711457117695, 0.006658552885621037, 0.006717142249498666, 0.00646497628513415, 0.00628259662943303, 0.0067399509475596486, 0.0066053781427079005, 0.006658552885621037, 0.006291425976384569, 0.006249767342608418, 0.0063943852922158295, 0.007126151893997667, 0.006804080408408004, 0.00662709343128183, 0.0066053781427079, 0.007019041157844154, 0.007080182172221047, 0.0070524565122475485, 0.007232127865945662, 0.007459714936830731, 0.006993407974803188, 0.007157242656846252, 0.0073071393660095, 0.007364115974211206, 0.007184563952229354, 0.00687093850346278, 0.0070930837253407545, 0.00697236527664898, 0.006980322195943657, 0.0073071393660095, 0.007237543838646267, 0.006804080408408004, 0.006625122255321722, 0.00705615956134086, 0.007009730845803728, 0.006755919551000578, 0.0063431145378919605, 0.005962604553483695, 0.0053145929250680785, 0.005691956372543519, 0.005495824017620384, 0.005716570971611337, 0.006218340220833917, 0.006367776019032974, 0.006527805519311921, 0.00690885264700002, 0.006663945022680343, 0.0071936479917056985, 0.007417134052383064, 0.007591617288906527, 0.007461465632686055, 0.00771576705353977, 0.008047207653615517, 0.007876599286908698, 0.007580856663669484, 0.00722806322324201, 0.007073260945855403, 0.006790629798569827, 0.007132106194912566, 0.0073574618516142635, 0.007141256963616991, 0.006724430026676868, 0.006717142249498666, 0.006809357307321706, 0.006525804352643403, 0.006525804352643404, 0.006322489822136562, 0.006268027063223811, 0.006114018685757831, 0.006056064594053381, 0.006219915348200127, 0.006625122255321722, 0.006765579149229562, 0.006373926480240434, 0.0066093316837727584, 0.006773296909216971, 0.006569689210802183, 0.006817025504917367, 0.007277137809185529, 0.0070524565122475485, 0.006915938409329037, 0.006867135576090526, 0.006915938409329037, 0.007190015753154665, 0.007144456963697273, 0.00732187106676752, 0.007328557504860067, 0.007548050160438111, 0.007501183580078601, 0.007675457840495542, 0.00796891921589043, 0.008129964731203466, 0.00779701669792717, 0.007591617288906527, 0.0075133622463513594, 0.007353910524340095, 0.007329003050503234, 0.007082487744646032, 0.007102744511232031, 0.006823249569954008, 0.006712765785411846, 0.006278437346203598, 0.006585574835833797, 0.006497220755909438, 0.006015490208534928, 0.006038786200513329, 0.0062204403020220695, 0.0061145527311522, 0.006228833546253967, 0.005854842753949024, 0.005850379370221235, 0.006257599461487461, 0.006412233206448246, 0.006456890007691673, 0.006240879058960479, 0.0061459792730280014, 0.006198880741632282, 0.0064325701849007036, 0.006826598639116836, 0.0063759753155489705, 0.006303351878005795, 0.005984469696725049, 0.005960961434574946, 0.006019831172627583, 0.005880996722408506, 0.0061459792730280014, 0.006015490208534928, 0.006123091122787508, 0.006101187572589321, 0.0063631592718057396, 0.006563224692736562, 0.006736558801776759, 0.00662709343128183, 0.006596969000988257, 0.006713252200092055, 0.006629064021105722, 0.006543293809508406, 0.006207303137828695, 0.006340540117339519, 0.006404590190652645, 0.006883757872628845, 0.0072172129846157455, 0.006893238331428673, 0.006553266828265807, 0.006619205205386853, 0.006712765785411846, 0.006717142249498666, 0.006201513969201721, 0.006141727470877442, 0.0064188497920625335, 0.006322489822136562, 0.006324555320336759, 0.006373926480240434, 0.006519797167246909, 0.006565214453186319, 0.006674227005612633, 0.006724430026676868, 0.007008333232222734, 0.006614763944451557, 0.006573167471793557]"
